Team,Games Played,GoalsTotal,GoalsIn,GoalsOut,GoalsBCS,GoalsPen,GoalsSP,AttemptsTotal,AttemptsIn,AttemptsBCT,AttemptsSP,AttemptsBlkd,AttemptsHit WW,AttemptsMins Per Chance,AttemptsOn Target,Conversion %Shots,Conversion %Goals,Season,GW ID
ARS,1,0,0,0,0,0,0,9,5,1,1,2,0,10.6,3,33.3,0.0,2018,1
BOU,1,2,2,0,1,0,1,12,10,4,3,2,0,8.0,4,33.3,16.7,2018,1
BHA,1,0,0,0,0,0,0,6,5,0,2,1,0,15.7,0,0.0,0.0,2018,1
BUR,1,0,0,0,0,0,0,16,10,2,7,4,0,6.0,6,37.5,0.0,2018,1
CAR,1,0,0,0,0,0,0,10,8,1,3,4,0,9.6,1,10.0,0.0,2018,1
CHE,1,3,3,0,2,1,0,13,10,3,5,6,1,7.2,4,30.8,23.1,2018,1
CRY,1,2,2,0,1,0,0,12,8,2,2,2,0,8.0,10,83.3,16.7,2018,1
EVE,1,2,2,0,1,0,1,8,7,1,4,0,0,11.9,5,62.5,25.0,2018,1
FUL,1,0,0,0,0,0,0,15,6,0,4,5,0,6.4,6,40.0,0.0,2018,1
HUD,1,0,0,0,0,0,0,6,4,1,3,1,2,15.7,1,16.7,0.0,2018,1
LEI,1,1,1,0,1,0,0,13,5,2,3,6,0,7.3,4,30.8,7.7,2018,1
LIV,1,4,4,0,3,0,1,18,13,5,7,3,0,5.2,8,44.4,22.2,2018,1
MCI,1,2,1,1,0,0,0,17,8,2,3,4,0,5.6,8,47.1,11.8,2018,1
MUN,1,2,2,0,1,1,0,8,5,2,0,1,0,11.9,6,75.0,25.0,2018,1
NEW,1,1,1,0,1,0,0,15,9,2,5,5,1,6.4,2,13.3,6.7,2018,1
SOU,1,0,0,0,0,0,0,18,9,1,4,9,0,5.3,3,16.7,0.0,2018,1
TOT,1,2,2,0,2,0,1,15,12,5,6,3,0,6.4,5,33.3,13.3,2018,1
WAT,1,2,2,0,0,0,1,19,12,2,9,5,0,4.9,5,26.3,10.5,2018,1
WHU,1,0,0,0,0,0,0,5,4,0,2,1,0,18.8,2,40.0,0.0,2018,1
WOL,1,2,1,1,1,0,1,11,3,2,1,2,0,8.6,4,36.4,18.2,2018,1
ARS,1,2,1,1,1,0,0,15,9,5,0,3,0,6.3,6,40.0,13.3,2018,2
BOU,1,2,2,0,1,0,1,12,8,3,2,4,0,8.0,5,41.7,16.7,2018,2
BHA,1,3,3,0,2,1,1,6,5,2,3,0,0,16.0,3,50.0,50.0,2018,2
BUR,1,1,1,0,1,0,1,8,5,1,4,2,0,11.9,3,37.5,12.5,2018,2
CAR,1,0,0,0,0,0,0,12,7,2,4,6,0,8.1,0,0.0,0.0,2018,2
CHE,1,3,3,0,1,0,0,24,12,2,2,6,0,3.9,11,45.8,12.5,2018,2
CRY,1,0,0,0,0,0,0,8,4,0,1,1,1,11.9,2,25.0,0.0,2018,2
EVE,1,2,2,0,2,0,1,13,9,3,5,3,0,7.4,7,53.8,15.4,2018,2
FUL,1,1,1,0,1,0,0,10,5,3,0,2,1,9.4,3,30.0,10.0,2018,2
HUD,1,1,1,0,1,0,1,5,3,1,3,2,0,18.6,1,20.0,20.0,2018,2
LEI,1,2,0,2,0,0,0,6,1,0,2,2,0,16.2,2,33.3,33.3,2018,2
LIV,1,2,2,0,2,1,0,16,9,5,3,6,0,5.9,6,37.5,12.5,2018,2
MCI,1,6,3,3,2,0,1,32,20,7,4,9,1,2.9,14,43.8,18.8,2018,2
MUN,1,2,2,0,2,1,1,9,6,2,3,2,0,10.7,3,33.3,22.2,2018,2
NEW,1,0,0,0,0,0,0,12,10,2,7,5,0,8.1,6,50.0,0.0,2018,2
SOU,1,1,1,0,1,0,1,15,9,2,6,5,0,6.4,4,26.7,6.7,2018,2
TOT,1,3,1,2,0,0,1,25,18,5,4,4,1,3.8,11,44.0,12.0,2018,2
WAT,1,3,2,1,1,0,0,9,5,4,1,3,0,10.6,6,66.7,33.3,2018,2
WHU,1,1,1,0,1,1,0,11,6,1,1,3,0,8.7,5,45.5,9.1,2018,2
WOL,1,0,0,0,0,0,0,11,6,1,0,2,3,8.8,2,18.2,0.0,2018,2
ARS,1,3,2,1,2,0,0,17,9,2,4,5,0,5.6,10,58.8,17.6,2018,3
BOU,1,2,2,0,2,1,1,17,12,5,7,2,1,6.1,5,29.4,11.8,2018,3
BHA,1,0,0,0,0,0,0,6,4,1,1,2,0,15.7,2,33.3,0.0,2018,3
BUR,1,2,2,0,2,0,1,12,9,2,5,5,0,8.0,2,16.7,16.7,2018,3
CAR,1,0,0,0,0,0,0,14,8,1,2,4,0,6.7,4,28.6,0.0,2018,3
CHE,1,2,1,1,1,1,1,15,10,1,3,5,1,6.4,3,20.0,13.3,2018,3
CRY,1,1,1,0,0,0,0,9,8,2,2,1,0,10.8,3,33.3,11.1,2018,3
EVE,1,2,2,0,0,0,1,11,5,0,4,3,0,9.4,3,27.3,18.2,2018,3
FUL,1,4,3,1,2,0,1,25,8,2,3,3,1,3.8,12,48.0,16.0,2018,3
HUD,1,0,0,0,0,0,0,5,3,0,2,2,0,18.8,1,20.0,0.0,2018,3
LEI,1,2,1,1,0,0,0,8,5,1,1,0,0,12.0,5,62.5,25.0,2018,3
LIV,1,1,1,0,0,0,0,22,16,1,4,8,1,4.3,7,31.8,4.5,2018,3
MCI,1,1,1,0,1,0,1,18,9,2,6,6,2,5.3,6,33.3,5.6,2018,3
MUN,1,0,0,0,0,0,0,23,16,1,3,6,0,4.2,5,21.7,0.0,2018,3
NEW,1,1,1,0,0,0,0,6,2,0,1,2,0,16.0,2,33.3,16.7,2018,3
SOU,1,1,0,1,0,0,0,12,6,0,6,2,0,8.0,5,41.7,8.3,2018,3
TOT,1,3,3,0,1,0,1,9,8,3,2,2,0,10.7,5,55.6,33.3,2018,3
WAT,1,2,1,1,0,0,0,13,8,1,1,4,0,7.5,5,38.5,15.4,2018,3
WHU,1,1,0,1,0,0,0,13,6,1,2,3,0,7.3,5,38.5,7.7,2018,3
WOL,1,1,1,0,1,0,1,11,7,2,3,3,0,8.7,2,18.2,9.1,2018,3
ARS,1,3,2,1,0,0,1,17,11,1,6,2,1,5.6,11,64.7,17.6,2018,4
BOU,1,0,0,0,0,0,0,8,5,2,4,1,0,11.9,1,12.5,0.0,2018,4
BHA,1,2,2,0,2,1,0,15,12,4,4,3,0,6.4,5,33.3,13.3,2018,4
BUR,1,0,0,0,0,0,0,9,5,2,4,1,0,10.6,2,22.2,0.0,2018,4
CAR,1,2,2,0,0,0,1,14,10,0,7,1,0,6.8,3,21.4,14.3,2018,4
CHE,1,2,2,0,0,0,0,24,10,0,5,12,1,4.0,6,25.0,8.3,2018,4
CRY,1,0,0,0,0,0,0,20,13,4,3,7,1,4.9,6,30.0,0.0,2018,4
EVE,1,1,1,0,1,0,0,11,8,1,4,2,0,8.8,1,9.1,9.1,2018,4
FUL,1,2,2,0,2,0,0,10,7,3,1,2,0,9.6,5,50.0,20.0,2018,4
HUD,1,1,1,0,1,0,1,9,4,1,3,2,0,10.8,6,66.7,11.1,2018,4
LEI,1,1,1,0,1,0,0,12,3,2,1,4,0,8.0,5,41.7,8.3,2018,4
LIV,1,2,2,0,0,0,1,10,7,2,3,2,0,9.6,4,40.0,20.0,2018,4
MCI,1,2,1,1,0,0,0,24,16,3,6,7,0,3.9,8,33.3,8.3,2018,4
MUN,1,2,2,0,1,0,0,21,13,4,4,6,0,4.5,9,42.9,9.5,2018,4
NEW,1,1,1,0,1,0,0,3,2,1,0,0,0,31.3,2,66.7,33.3,2018,4
SOU,1,2,2,0,2,0,0,19,11,6,1,7,1,5.1,6,31.6,10.5,2018,4
TOT,1,1,0,1,0,0,0,11,5,1,5,2,0,8.7,2,18.2,9.1,2018,4
WAT,1,2,2,0,0,0,2,7,4,0,3,1,0,13.7,3,42.9,28.6,2018,4
WHU,1,0,0,0,0,0,0,13,8,1,3,5,0,7.3,3,23.1,0.0,2018,4
WOL,1,1,1,0,0,0,0,15,6,3,2,2,0,6.3,6,40.0,6.7,2018,4
ARS,1,2,1,1,0,0,1,12,8,0,3,5,0,7.8,2,16.7,16.7,2018,5
BOU,1,4,4,0,3,1,0,10,7,4,1,3,0,9.6,5,50.0,40.0,2018,5
BHA,1,2,2,0,2,1,1,12,8,3,2,3,1,7.9,4,33.3,16.7,2018,5
BUR,1,0,0,0,0,0,0,7,2,0,3,0,0,13.6,2,28.6,0.0,2018,5
CAR,1,1,1,0,1,0,1,6,5,1,4,0,0,15.8,2,33.3,16.7,2018,5
CHE,1,4,3,1,2,1,0,18,15,3,2,3,0,5.3,7,38.9,22.2,2018,5
CRY,1,1,1,0,0,0,0,7,6,0,0,3,0,13.4,2,28.6,14.3,2018,5
EVE,1,1,1,0,0,0,0,16,8,2,6,6,1,6.0,4,25.0,6.3,2018,5
FUL,1,0,0,0,0,0,0,9,2,0,1,1,0,10.4,3,33.3,0.0,2018,5
HUD,1,0,0,0,0,0,0,15,9,1,5,4,1,6.3,2,13.3,0.0,2018,5
LEI,1,2,2,0,2,1,0,14,11,3,4,3,0,6.9,7,50.0,14.3,2018,5
LIV,1,2,2,0,1,0,1,17,14,3,5,2,0,5.6,10,58.8,11.8,2018,5
MCI,1,3,3,0,3,0,0,28,18,7,4,11,0,3.4,9,32.1,10.7,2018,5
MUN,1,2,2,0,1,0,1,9,6,2,2,2,0,10.7,6,66.7,22.2,2018,5
NEW,1,1,1,0,1,0,0,4,4,1,1,2,0,23.5,2,50.0,25.0,2018,5
SOU,1,2,1,1,1,1,0,14,8,4,4,4,0,6.8,4,28.6,14.3,2018,5
TOT,1,1,1,0,0,0,1,11,7,0,3,3,1,8.7,3,27.3,9.1,2018,5
WAT,1,1,1,0,0,0,0,14,6,1,4,6,0,6.9,5,35.7,7.1,2018,5
WHU,1,3,3,0,2,0,0,9,7,2,1,3,0,10.7,4,44.4,33.3,2018,5
WOL,1,1,1,0,0,0,0,30,20,5,4,11,0,3.2,6,20.0,3.3,2018,5
ARS,1,2,2,0,1,0,0,9,5,1,1,3,0,10.6,5,55.6,22.2,2018,6
BOU,1,0,0,0,0,0,0,19,7,1,6,9,0,4.9,5,26.3,0.0,2018,6
BHA,1,1,1,0,0,0,0,8,4,1,3,1,0,11.9,4,50.0,12.5,2018,6
BUR,1,4,4,0,3,0,1,12,10,3,1,4,0,7.8,5,41.7,33.3,2018,6
CAR,1,0,0,0,0,0,0,2,1,0,1,0,0,47.0,2,100.0,0.0,2018,6
CHE,1,0,0,0,0,0,0,17,12,4,5,5,0,5.6,6,35.3,0.0,2018,6
CRY,1,0,0,0,0,0,0,16,9,1,9,5,0,5.9,4,25.0,0.0,2018,6
EVE,1,0,0,0,0,0,0,10,5,3,3,2,0,9.5,6,60.0,0.0,2018,6
FUL,1,1,1,0,1,0,0,15,9,3,4,6,1,6.3,3,20.0,6.7,2018,6
HUD,1,1,1,0,0,0,1,9,5,1,3,2,0,10.4,2,22.2,11.1,2018,6
LEI,1,3,2,1,2,0,1,18,11,3,5,3,0,5.2,8,44.4,16.7,2018,6
LIV,1,3,2,1,1,0,3,12,9,1,5,4,1,7.8,3,25.0,25.0,2018,6
MCI,1,5,4,1,1,0,1,21,18,4,8,7,1,4.5,10,47.6,23.8,2018,6
MUN,1,1,1,0,0,0,0,15,5,0,5,6,0,6.4,6,40.0,6.7,2018,6
NEW,1,0,0,0,0,0,0,6,4,0,3,0,0,15.8,3,50.0,0.0,2018,6
SOU,1,0,0,0,0,0,0,7,6,0,2,5,0,13.3,1,14.3,0.0,2018,6
TOT,1,2,2,0,2,1,0,16,11,3,4,4,0,5.9,7,43.8,12.5,2018,6
WAT,1,1,1,0,1,0,0,11,8,3,1,1,0,8.5,6,54.5,9.1,2018,6
WHU,1,0,0,0,0,0,0,6,3,2,1,1,0,15.8,1,16.7,0.0,2018,6
WOL,1,1,0,1,0,0,0,11,5,2,3,0,0,8.7,8,72.7,9.1,2018,6
ARS,1,2,1,1,1,0,0,9,6,3,1,1,0,10.6,2,22.2,22.2,2018,7
BOU,1,2,2,0,1,1,0,11,8,3,5,2,0,8.7,5,45.5,18.2,2018,7
BHA,1,0,0,0,0,0,0,4,4,0,2,2,0,23.5,1,25.0,0.0,2018,7
BUR,1,2,2,0,0,0,1,3,2,0,1,0,0,31.7,2,66.7,66.7,2018,7
CAR,1,1,1,0,0,0,0,20,13,1,9,7,1,4.8,4,20.0,5.0,2018,7
CHE,1,1,1,0,0,0,0,10,9,4,3,2,0,9.5,4,40.0,10.0,2018,7
CRY,1,1,1,0,0,0,0,10,3,0,2,4,0,9.6,2,20.0,10.0,2018,7
EVE,1,3,2,1,1,0,0,19,13,2,5,7,1,5.0,6,31.6,15.8,2018,7
FUL,1,0,0,0,0,0,0,6,3,2,0,0,1,15.8,0,0.0,0.0,2018,7
HUD,1,0,0,0,0,0,0,9,4,0,5,1,1,10.4,5,55.6,0.0,2018,7
LEI,1,2,2,0,1,1,1,12,9,1,7,3,0,7.9,5,41.7,16.7,2018,7
LIV,1,1,0,1,0,0,0,13,7,3,2,3,0,7.3,4,30.8,7.7,2018,7
MCI,1,2,2,0,2,0,0,28,19,2,4,7,0,3.4,8,28.6,7.1,2018,7
MUN,1,1,1,0,0,0,1,9,5,1,3,4,1,10.6,4,44.4,11.1,2018,7
NEW,1,0,0,0,0,0,0,6,4,1,1,1,0,15.8,1,16.7,0.0,2018,7
SOU,1,0,0,0,0,0,0,17,7,0,2,7,0,5.6,6,35.3,0.0,2018,7
TOT,1,2,2,0,2,1,0,10,10,3,2,0,0,9.4,6,60.0,20.0,2018,7
WAT,1,0,0,0,0,0,0,14,10,6,6,2,0,6.8,5,35.7,0.0,2018,7
WHU,1,3,2,1,2,0,1,8,5,2,3,1,0,11.9,3,37.5,37.5,2018,7
WOL,1,2,2,0,2,0,0,14,10,2,6,2,0,6.9,6,42.9,14.3,2018,7
ARS,1,5,4,1,1,0,0,9,6,1,0,0,0,10.4,7,77.8,55.6,2018,8
BOU,1,4,4,0,4,1,0,10,9,5,2,0,0,9.3,7,70.0,40.0,2018,8
BHA,1,1,1,0,1,0,0,9,6,1,3,1,0,10.6,4,44.4,11.1,2018,8
BUR,1,1,1,0,0,0,1,6,4,0,1,3,0,16.5,3,50.0,16.7,2018,8
CAR,1,0,0,0,0,0,0,8,5,3,2,1,0,12.0,5,62.5,0.0,2018,8
CHE,1,3,3,0,3,0,1,21,16,5,6,12,0,4.5,6,28.6,14.3,2018,8
CRY,1,0,0,0,0,0,0,11,5,1,5,3,0,8.6,4,36.4,0.0,2018,8
EVE,1,2,1,1,1,0,0,17,9,1,9,4,0,5.6,8,47.1,11.8,2018,8
FUL,1,1,1,0,1,0,0,21,7,2,5,9,0,4.5,4,19.0,4.8,2018,8
HUD,1,1,1,0,0,0,0,19,10,1,5,9,0,5.2,2,10.5,5.3,2018,8
LEI,1,1,1,0,0,0,0,8,5,2,2,1,0,11.9,2,25.0,12.5,2018,8
LIV,1,0,0,0,0,0,0,7,5,0,2,1,0,13.4,2,28.6,0.0,2018,8
MCI,1,0,0,0,0,0,0,6,5,1,0,1,0,15.7,2,33.3,0.0,2018,8
MUN,1,3,2,1,1,0,1,18,10,5,7,3,0,5.4,10,55.6,16.7,2018,8
NEW,1,2,2,0,0,0,0,13,8,2,6,0,0,7.5,8,61.5,15.4,2018,8
SOU,1,0,0,0,0,0,0,15,9,2,3,3,0,6.3,6,40.0,0.0,2018,8
TOT,1,1,1,0,1,0,1,19,13,3,3,7,0,5.1,6,31.6,5.3,2018,8
WAT,1,0,0,0,0,0,0,14,8,1,5,10,0,6.6,2,14.3,0.0,2018,8
WHU,1,0,0,0,0,0,0,17,11,1,7,6,0,5.6,4,23.5,0.0,2018,8
WOL,1,1,1,0,0,0,0,7,4,1,1,0,1,13.6,2,28.6,14.3,2018,8
ARS,1,3,3,0,2,0,0,19,12,3,5,2,0,4.9,6,31.6,15.8,2018,9
BOU,1,0,0,0,0,0,0,9,9,2,4,2,0,10.7,2,22.2,0.0,2018,9
BHA,1,1,1,0,0,0,1,8,5,1,2,2,0,11.8,2,25.0,12.5,2018,9
BUR,1,0,0,0,0,0,0,5,4,0,2,1,0,18.8,0,0.0,0.0,2018,9
CAR,1,4,4,0,2,0,1,22,13,2,4,7,0,4.3,5,22.7,18.2,2018,9
CHE,1,2,2,0,2,0,1,21,14,5,4,7,1,4.8,6,28.6,9.5,2018,9
CRY,1,0,0,0,0,0,0,7,4,2,3,0,1,13.6,3,42.9,0.0,2018,9
EVE,1,2,2,0,2,0,0,20,10,3,4,7,0,4.8,4,20.0,10.0,2018,9
FUL,1,2,1,1,1,0,0,9,3,3,4,2,0,10.6,4,44.4,22.2,2018,9
HUD,1,0,0,0,0,0,0,13,7,0,1,6,1,7.3,1,7.7,0.0,2018,9
LEI,1,1,0,1,0,0,0,8,5,2,4,3,1,11.8,2,25.0,12.5,2018,9
LIV,1,1,1,0,0,0,0,11,6,0,1,5,0,8.6,2,18.2,9.1,2018,9
MCI,1,5,3,2,3,0,1,24,18,8,2,8,0,3.9,10,41.7,20.8,2018,9
MUN,1,2,2,0,1,0,0,7,6,2,1,0,0,14.3,4,57.1,28.6,2018,9
NEW,1,0,0,0,0,0,0,27,13,2,4,9,1,3.5,6,22.2,0.0,2018,9
SOU,1,0,0,0,0,0,0,8,2,3,2,2,0,12.0,4,50.0,0.0,2018,9
TOT,1,1,1,0,1,0,0,10,7,2,4,4,0,9.5,2,20.0,10.0,2018,9
WAT,1,2,1,1,1,0,0,9,5,2,1,4,0,10.6,3,33.3,22.2,2018,9
WHU,1,0,0,0,0,0,0,13,8,0,6,2,0,7.3,4,30.8,0.0,2018,9
WOL,1,0,0,0,0,0,0,10,4,0,4,3,0,9.5,1,10.0,0.0,2018,9
ARS,1,2,1,1,1,0,2,7,4,1,3,2,0,13.6,2,28.6,28.6,2018,10
BOU,1,3,3,0,3,1,0,12,8,4,1,1,0,7.8,5,41.7,25.0,2018,10
BHA,1,1,1,0,1,0,0,7,5,2,3,1,1,13.6,1,14.3,14.3,2018,10
BUR,1,0,0,0,0,0,0,7,4,0,1,2,0,13.6,1,14.3,0.0,2018,10
CAR,1,1,1,0,1,0,0,2,1,1,0,0,0,47.0,1,50.0,50.0,2018,10
CHE,1,4,2,2,2,0,1,24,17,5,3,7,1,4.0,8,33.3,16.7,2018,10
CRY,1,2,2,0,2,2,0,16,9,3,4,2,2,5.9,3,18.8,12.5,2018,10
EVE,1,1,1,0,1,1,0,14,9,2,3,1,0,6.9,6,42.9,7.1,2018,10
FUL,1,0,0,0,0,0,0,11,7,0,4,1,0,8.5,1,9.1,0.0,2018,10
HUD,1,0,0,0,0,0,0,13,9,0,2,2,0,7.2,7,53.8,0.0,2018,10
LEI,1,1,0,1,0,0,0,21,13,3,5,3,1,4.6,7,33.3,4.8,2018,10
LIV,1,4,4,0,3,0,0,19,9,4,2,7,1,4.9,6,31.6,21.1,2018,10
MCI,1,1,1,0,1,0,0,13,10,2,3,6,0,7.3,5,38.5,7.7,2018,10
MUN,1,2,1,1,1,0,1,14,8,4,2,1,0,6.9,10,71.4,14.3,2018,10
NEW,1,0,0,0,0,0,0,6,3,0,2,2,0,16.0,0,0.0,0.0,2018,10
SOU,1,0,0,0,0,0,0,22,14,1,2,5,1,4.4,4,18.2,0.0,2018,10
TOT,1,0,0,0,0,0,0,4,3,1,1,0,0,23.8,1,25.0,0.0,2018,10
WAT,1,3,3,0,2,0,1,12,8,3,1,0,0,7.8,6,50.0,25.0,2018,10
WHU,1,1,1,0,1,0,1,11,8,2,3,2,1,8.8,3,27.3,9.1,2018,10
WOL,1,0,0,0,0,0,0,25,13,1,5,10,0,3.8,7,28.0,0.0,2018,10
ARS,1,1,1,0,0,0,0,12,9,2,2,3,0,8.0,4,33.3,8.3,2018,11
BOU,1,1,1,0,1,0,1,18,12,2,7,8,0,5.3,7,38.9,5.6,2018,11
BHA,1,1,1,0,1,0,1,5,3,1,2,2,0,19.0,3,60.0,20.0,2018,11
BUR,1,2,2,0,1,0,1,6,4,2,2,2,1,16.0,3,50.0,33.3,2018,11
CAR,1,0,0,0,0,0,0,11,8,1,7,1,1,8.7,2,18.2,0.0,2018,11
CHE,1,3,3,0,1,0,1,15,9,3,4,4,0,6.2,6,40.0,20.0,2018,11
CRY,1,1,1,0,0,0,0,7,4,0,1,3,0,13.3,2,28.6,14.3,2018,11
EVE,1,3,2,1,1,0,0,14,11,5,4,2,1,6.8,3,21.4,21.4,2018,11
FUL,1,0,0,0,0,0,0,8,7,0,5,4,0,11.9,1,12.5,0.0,2018,11
HUD,1,1,0,1,0,0,1,10,5,1,5,2,1,9.5,2,20.0,10.0,2018,11
LEI,1,1,1,0,1,0,0,13,10,5,5,5,0,7.4,4,30.8,7.7,2018,11
LIV,1,1,1,0,0,0,0,13,10,2,4,4,2,7.4,4,30.8,7.7,2018,11
MCI,1,6,5,1,2,0,0,18,13,4,2,5,1,5.2,8,44.4,33.3,2018,11
MUN,1,2,2,0,2,0,0,18,13,6,5,6,1,5.3,6,33.3,11.1,2018,11
NEW,1,1,1,0,1,0,1,10,4,1,6,4,0,9.6,2,20.0,10.0,2018,11
SOU,1,1,1,0,1,1,0,13,9,3,3,2,0,7.2,6,46.2,7.7,2018,11
TOT,1,3,3,0,2,0,0,10,7,3,0,1,0,9.5,8,80.0,30.0,2018,11
WAT,1,0,0,0,0,0,0,16,14,5,7,5,1,6.0,1,6.3,0.0,2018,11
WHU,1,4,4,0,3,0,0,22,13,5,4,7,1,4.4,9,40.9,18.2,2018,11
WOL,1,2,2,0,2,2,0,16,8,3,4,5,0,5.9,7,43.8,12.5,2018,11
ARS,1,1,0,1,0,0,1,10,5,1,4,4,1,9.7,3,30.0,10.0,2018,12
BOU,1,1,1,0,0,0,1,14,10,3,8,5,0,6.8,4,28.6,7.1,2018,12
BHA,1,1,1,0,1,0,1,7,4,1,2,2,0,13.9,3,42.9,14.3,2018,12
BUR,1,0,0,0,0,0,0,6,3,0,3,2,0,15.7,1,16.7,0.0,2018,12
CAR,1,2,2,0,2,0,1,20,9,2,8,6,2,4.9,5,25.0,10.0,2018,12
CHE,1,0,0,0,0,0,0,15,7,3,5,4,1,6.4,4,26.7,0.0,2018,12
CRY,1,0,0,0,0,0,0,11,8,1,5,1,0,8.7,5,45.5,0.0,2018,12
EVE,1,0,0,0,0,0,0,6,2,1,3,2,0,16.0,1,16.7,0.0,2018,12
FUL,1,0,0,0,0,0,0,8,3,1,0,1,0,11.8,3,37.5,0.0,2018,12
HUD,1,1,0,1,0,0,0,15,6,2,3,1,0,6.3,7,46.7,6.7,2018,12
LEI,1,0,0,0,0,0,0,22,13,2,8,9,1,4.3,4,18.2,0.0,2018,12
LIV,1,2,2,0,2,0,1,21,10,4,7,7,0,4.5,7,33.3,9.5,2018,12
MCI,1,3,3,0,2,0,0,17,8,2,1,6,0,5.5,5,29.4,17.6,2018,12
MUN,1,1,1,0,1,1,0,6,5,1,4,4,0,15.7,1,16.7,16.7,2018,12
NEW,1,2,2,0,2,0,0,18,13,5,5,4,0,5.3,6,33.3,11.1,2018,12
SOU,1,1,1,0,1,0,1,14,7,2,6,4,0,6.8,4,28.6,7.1,2018,12
TOT,1,1,1,0,1,0,1,11,8,2,5,3,0,8.7,2,18.2,9.1,2018,12
WAT,1,1,1,0,0,0,0,12,8,2,1,3,0,7.9,6,50.0,8.3,2018,12
WHU,1,1,1,0,0,0,0,12,8,3,2,5,0,7.8,3,25.0,8.3,2018,12
WOL,1,1,1,0,1,0,0,13,7,3,2,2,1,7.5,5,38.5,7.7,2018,12
ARS,1,2,1,1,1,0,0,20,11,1,1,5,1,4.8,4,20.0,10.0,2018,13
BOU,1,1,1,0,0,0,0,11,5,0,1,4,1,8.7,5,45.5,9.1,2018,13
BHA,1,1,1,0,0,0,1,14,9,0,4,3,0,6.8,3,21.4,7.1,2018,13
BUR,1,1,1,0,0,0,0,14,9,2,3,2,0,6.8,4,28.6,7.1,2018,13
CAR,1,0,0,0,0,0,0,7,6,1,5,2,0,13.7,1,14.3,0.0,2018,13
CHE,1,1,1,0,1,0,0,13,8,1,1,6,0,7.3,2,15.4,7.7,2018,13
CRY,1,0,0,0,0,0,0,13,5,2,1,2,0,7.3,2,15.4,0.0,2018,13
EVE,1,1,1,0,1,0,0,16,12,6,5,4,0,6.0,7,43.8,6.3,2018,13
FUL,1,3,3,0,2,0,0,10,8,2,2,2,0,9.6,5,50.0,30.0,2018,13
HUD,1,2,0,2,0,0,1,14,6,0,4,4,0,6.8,6,42.9,14.3,2018,13
LEI,1,1,1,0,1,1,0,8,6,1,3,2,0,11.9,3,37.5,12.5,2018,13
LIV,1,3,2,1,1,0,1,10,7,3,3,0,0,9.5,7,70.0,30.0,2018,13
MCI,1,4,4,0,3,0,0,9,9,3,0,1,0,10.3,6,66.7,44.4,2018,13
MUN,1,0,0,0,0,0,0,12,7,2,1,3,0,7.9,5,41.7,0.0,2018,13
NEW,1,2,1,1,0,0,2,17,8,3,3,7,1,5.6,2,11.8,11.8,2018,13
SOU,1,2,1,1,0,0,0,19,10,2,6,5,0,5.1,8,42.1,10.5,2018,13
TOT,1,3,2,1,2,0,1,18,12,5,6,3,0,5.3,9,50.0,16.7,2018,13
WAT,1,0,0,0,0,0,0,5,3,2,1,0,0,19.0,1,20.0,0.0,2018,13
WHU,1,0,0,0,0,0,0,9,6,1,4,3,1,10.3,1,11.1,0.0,2018,13
WOL,1,0,0,0,0,0,0,12,6,0,3,4,0,7.9,2,16.7,0.0,2018,13
ARS,1,4,2,2,2,1,0,22,13,3,9,5,0,4.4,6,27.3,18.2,2018,14
BOU,1,1,1,0,0,0,0,4,3,2,2,1,0,23.5,1,25.0,25.0,2018,14
BHA,1,2,2,0,2,0,1,14,7,3,6,5,0,6.8,6,42.9,14.3,2018,14
BUR,1,0,0,0,0,0,0,4,4,0,3,2,0,23.8,0,0.0,0.0,2018,14
CAR,1,2,1,1,1,0,1,17,10,1,11,7,1,5.6,2,11.8,11.8,2018,14
CHE,1,2,2,0,2,0,0,16,9,3,3,6,0,5.9,9,56.3,12.5,2018,14
CRY,1,2,0,2,0,0,0,29,17,1,6,9,1,3.3,9,31.0,6.9,2018,14
EVE,1,0,0,0,0,0,0,9,5,2,2,2,1,10.8,3,33.3,0.0,2018,14
FUL,1,0,0,0,0,0,0,9,2,0,1,1,0,10.4,4,44.4,0.0,2018,14
HUD,1,1,1,0,0,0,1,7,5,0,5,2,0,13.6,2,28.6,14.3,2018,14
LEI,1,2,2,0,1,1,0,7,4,2,0,1,1,13.6,3,42.9,28.6,2018,14
LIV,1,1,1,0,1,0,1,16,9,5,5,3,1,6.1,3,18.8,6.3,2018,14
MCI,1,3,3,0,3,0,1,16,12,4,3,5,0,5.9,6,37.5,18.8,2018,14
MUN,1,2,2,0,1,0,0,11,7,1,3,2,0,8.7,5,45.5,18.2,2018,14
NEW,1,0,0,0,0,0,0,16,7,1,5,5,0,5.9,4,25.0,0.0,2018,14
SOU,1,2,1,1,0,0,1,16,5,0,6,4,0,6.0,6,37.5,12.5,2018,14
TOT,1,2,2,0,1,1,1,11,6,1,3,2,0,8.8,6,54.5,18.2,2018,14
WAT,1,0,0,0,0,0,0,8,5,3,2,2,0,11.9,0,0.0,0.0,2018,14
WHU,1,3,3,0,3,0,0,7,7,7,1,0,0,13.6,4,57.1,42.9,2018,14
WOL,1,1,1,0,1,0,1,15,7,1,5,2,0,6.4,4,26.7,6.7,2018,14
ARS,1,2,1,1,1,0,1,9,6,3,1,3,0,10.8,4,44.4,22.2,2018,15
BOU,1,2,2,0,2,0,1,6,4,2,3,0,0,16.2,2,33.3,33.3,2018,15
BHA,1,3,3,0,1,1,1,9,6,1,4,3,0,10.7,3,33.3,33.3,2018,15
BUR,1,1,1,0,1,0,1,10,5,2,5,1,0,9.5,6,60.0,10.0,2018,15
CAR,1,1,1,0,1,0,1,9,5,2,3,3,0,10.7,4,44.4,11.1,2018,15
CHE,1,1,0,1,0,0,0,17,9,2,5,4,0,5.6,3,17.6,5.9,2018,15
CRY,1,1,1,0,1,1,0,18,10,1,3,6,0,5.3,4,22.2,5.6,2018,15
EVE,1,1,1,0,1,0,1,19,12,3,3,8,0,5.1,3,15.8,5.3,2018,15
FUL,1,1,1,0,0,0,0,25,15,1,10,8,0,3.8,7,28.0,4.0,2018,15
HUD,1,1,1,0,0,0,1,23,17,1,10,7,0,4.2,6,26.1,4.3,2018,15
LEI,1,1,1,0,0,0,0,13,11,1,6,2,0,7.2,5,38.5,7.7,2018,15
LIV,1,3,2,1,2,0,1,18,13,3,5,5,0,5.3,11,61.1,16.7,2018,15
MCI,1,2,2,0,2,0,0,15,12,5,2,3,0,6.3,7,46.7,13.3,2018,15
MUN,1,2,2,0,2,0,1,10,4,2,4,3,0,9.7,7,70.0,20.0,2018,15
NEW,1,1,1,0,1,0,0,8,7,3,3,0,0,12.0,5,62.5,12.5,2018,15
SOU,1,1,1,0,1,0,0,18,13,3,6,4,1,5.2,5,27.8,5.6,2018,15
TOT,1,3,3,0,2,0,2,13,10,2,6,2,1,7.2,8,61.5,23.1,2018,15
WAT,1,1,1,0,1,0,0,11,8,3,2,3,0,8.6,6,54.5,9.1,2018,15
WHU,1,3,3,0,1,0,1,17,16,2,8,3,0,5.6,11,64.7,17.6,2018,15
WOL,1,2,2,0,1,0,0,6,5,1,2,1,0,16.0,2,33.3,33.3,2018,15
ARS,1,1,1,0,1,0,0,14,8,4,5,4,0,7.0,2,14.3,7.1,2018,16
BOU,1,0,0,0,0,0,0,8,2,0,4,3,0,12.0,2,25.0,0.0,2018,16
BHA,1,0,0,0,0,0,0,14,8,2,6,1,0,6.9,1,7.1,0.0,2018,16
BUR,1,1,1,0,0,0,1,14,10,1,7,6,0,6.9,4,28.6,7.1,2018,16
CAR,1,1,1,0,1,0,0,13,12,2,6,1,0,7.2,4,30.8,7.7,2018,16
CHE,1,2,2,0,0,0,1,8,5,1,2,2,0,11.9,5,62.5,25.0,2018,16
CRY,1,2,2,0,1,0,2,8,5,1,5,2,1,11.9,4,50.0,25.0,2018,16
EVE,1,2,1,1,1,0,1,12,10,2,4,2,0,8.1,5,41.7,16.7,2018,16
FUL,1,1,1,0,1,1,0,10,5,1,1,2,0,9.4,4,40.0,10.0,2018,16
HUD,1,0,0,0,0,0,0,6,5,0,0,1,0,16.3,0,0.0,0.0,2018,16
LEI,1,0,0,0,0,0,0,11,3,1,3,3,0,8.5,3,27.3,0.0,2018,16
LIV,1,4,3,1,2,0,0,10,6,2,2,2,0,9.6,4,40.0,40.0,2018,16
MCI,1,0,0,0,0,0,0,14,10,0,8,4,0,6.8,4,28.6,0.0,2018,16
MUN,1,4,3,1,1,0,1,20,14,5,6,3,0,4.7,11,55.0,20.0,2018,16
NEW,1,1,1,0,0,0,1,12,7,0,6,3,1,8.1,4,33.3,8.3,2018,16
SOU,1,0,0,0,0,0,0,12,5,0,7,5,0,7.8,1,8.3,0.0,2018,16
TOT,1,2,1,1,1,0,0,7,4,1,2,1,0,13.4,2,28.6,28.6,2018,16
WAT,1,2,1,1,1,0,0,15,11,2,6,5,1,6.5,3,20.0,13.3,2018,16
WHU,1,3,1,2,1,0,1,13,9,2,6,2,0,7.3,6,46.2,23.1,2018,16
WOL,1,2,2,0,2,0,0,13,9,2,6,2,1,7.5,6,46.2,15.4,2018,16
ARS,1,2,1,1,1,0,0,13,7,4,2,5,0,7.4,4,30.8,15.4,2018,17
BOU,1,0,0,0,0,0,0,13,7,0,4,5,1,7.3,3,23.1,0.0,2018,17
BHA,1,1,1,0,0,0,0,6,3,0,2,1,0,15.8,2,33.3,16.7,2018,17
BUR,1,0,0,0,0,0,0,4,3,1,1,2,0,24.0,0,0.0,0.0,2018,17
CAR,1,2,1,1,0,0,1,10,6,0,4,3,0,9.6,3,30.0,20.0,2018,17
CHE,1,2,2,0,2,0,0,10,5,3,3,3,1,9.5,3,30.0,20.0,2018,17
CRY,1,1,0,1,0,0,0,8,4,0,2,2,0,11.9,1,12.5,12.5,2018,17
EVE,1,1,1,0,1,0,0,9,6,3,1,2,0,10.6,2,22.2,11.1,2018,17
FUL,1,0,0,0,0,0,0,16,7,3,5,3,0,5.9,4,25.0,0.0,2018,17
HUD,1,0,0,0,0,0,0,15,10,0,7,3,0,6.3,5,33.3,0.0,2018,17
LEI,1,0,0,0,0,0,0,12,8,1,2,3,0,7.9,2,16.7,0.0,2018,17
LIV,1,3,2,1,1,0,0,36,17,2,9,15,0,2.6,10,27.8,8.3,2018,17
MCI,1,3,3,0,3,0,0,13,9,3,4,4,0,7.3,5,38.5,23.1,2018,17
MUN,1,1,1,0,1,0,0,6,2,1,1,1,0,15.7,2,33.3,16.7,2018,17
NEW,1,1,1,0,1,0,0,8,3,2,2,1,0,11.9,5,62.5,12.5,2018,17
SOU,1,3,3,0,2,0,0,12,5,2,3,4,0,8.0,7,58.3,25.0,2018,17
TOT,1,1,1,0,1,0,0,15,10,3,6,6,0,6.4,3,20.0,6.7,2018,17
WAT,1,3,1,2,1,0,0,17,9,2,3,3,0,5.6,8,47.1,17.6,2018,17
WHU,1,2,1,1,1,0,0,6,4,1,1,1,0,15.7,3,50.0,33.3,2018,17
WOL,1,2,2,0,2,0,0,10,6,3,1,3,0,9.5,4,40.0,20.0,2018,17
ARS,1,3,3,0,1,0,0,11,9,1,1,4,0,8.7,6,54.5,27.3,2018,18
BOU,1,2,1,1,0,0,0,14,5,0,5,4,0,6.8,3,21.4,14.3,2018,18
BHA,1,0,0,0,0,0,0,10,4,1,3,1,0,9.5,5,50.0,0.0,2018,18
BUR,1,1,1,0,1,0,0,7,5,2,1,2,0,13.7,2,28.6,14.3,2018,18
CAR,1,1,1,0,1,1,0,9,8,1,4,1,0,10.4,3,33.3,11.1,2018,18
CHE,1,0,0,0,0,0,0,17,11,5,4,4,2,5.6,5,29.4,0.0,2018,18
CRY,1,3,2,1,1,1,1,5,4,2,1,0,1,19.2,3,60.0,60.0,2018,18
EVE,1,2,2,0,1,0,0,10,6,1,1,2,0,9.4,3,30.0,20.0,2018,18
FUL,1,0,0,0,0,0,0,4,2,0,1,2,0,23.8,2,50.0,0.0,2018,18
HUD,1,1,0,1,0,0,0,16,8,1,6,6,0,6.0,5,31.3,6.3,2018,18
LEI,1,1,1,0,0,0,0,8,3,0,1,3,0,11.9,3,37.5,12.5,2018,18
LIV,1,2,2,0,1,0,2,15,9,4,5,5,0,6.4,6,40.0,13.3,2018,18
MCI,1,2,1,1,1,0,0,19,11,2,5,5,1,5.1,5,26.3,10.5,2018,18
MUN,1,5,3,2,3,1,1,17,9,4,5,4,0,5.5,9,52.9,29.4,2018,18
NEW,1,0,0,0,0,0,0,9,5,0,4,4,0,10.6,0,0.0,0.0,2018,18
SOU,1,3,3,0,3,1,0,13,6,5,2,1,0,7.4,6,46.2,23.1,2018,18
TOT,1,6,5,1,4,0,1,17,11,5,4,2,1,5.5,8,47.1,35.3,2018,18
WAT,1,2,2,0,2,1,0,11,7,4,1,5,0,8.5,5,45.5,18.2,2018,18
WHU,1,0,0,0,0,0,0,18,11,3,7,6,2,5.2,7,38.9,0.0,2018,18
WOL,1,0,0,0,0,0,0,11,9,1,1,2,0,8.7,5,45.5,0.0,2018,18
ARS,1,1,1,0,1,0,0,7,4,2,1,2,0,13.4,4,57.1,14.3,2018,19
BOU,1,0,0,0,0,0,0,14,11,2,2,4,0,6.7,4,28.6,0.0,2018,19
BHA,1,1,1,0,1,0,0,12,7,1,1,1,0,7.8,3,25.0,8.3,2018,19
BUR,1,1,1,0,1,0,1,11,7,2,8,2,0,8.5,3,27.3,9.1,2018,19
CAR,1,0,0,0,0,0,0,9,5,2,1,1,0,10.6,4,44.4,0.0,2018,19
CHE,1,2,2,0,2,1,0,10,8,4,1,1,2,9.5,4,40.0,20.0,2018,19
CRY,1,0,0,0,0,0,0,31,22,2,8,14,2,3.1,5,16.1,0.0,2018,19
EVE,1,5,3,2,2,1,3,13,8,2,5,4,0,7.2,6,46.2,38.5,2018,19
FUL,1,1,1,0,1,0,1,11,8,2,3,2,0,8.5,4,36.4,9.1,2018,19
HUD,1,1,1,0,1,0,1,10,6,2,3,1,0,9.4,2,20.0,10.0,2018,19
LEI,1,2,2,0,1,0,1,10,8,3,2,1,0,9.5,5,50.0,20.0,2018,19
LIV,1,4,4,0,3,1,2,16,13,4,5,4,0,5.9,8,50.0,25.0,2018,19
MCI,1,1,1,0,1,0,0,11,6,2,0,3,0,8.6,4,36.4,9.1,2018,19
MUN,1,3,2,1,1,0,1,16,10,2,4,4,0,5.9,10,62.5,18.8,2018,19
NEW,1,0,0,0,0,0,0,6,4,1,1,0,0,15.7,2,33.3,0.0,2018,19
SOU,1,1,1,0,0,0,0,11,7,2,1,3,0,8.6,5,45.5,9.1,2018,19
TOT,1,5,3,2,2,0,0,10,5,3,1,1,0,9.4,7,70.0,50.0,2018,19
WAT,1,1,0,1,0,0,1,11,8,2,4,3,0,8.6,2,18.2,9.1,2018,19
WHU,1,2,1,1,1,0,0,16,9,1,2,5,0,5.9,5,31.3,12.5,2018,19
WOL,1,1,1,0,1,0,0,14,8,1,0,2,0,6.7,5,35.7,7.1,2018,19
ARS,1,1,1,0,1,0,0,8,5,1,0,3,0,11.8,2,25.0,12.5,2018,20
BOU,1,1,1,0,1,0,1,7,4,1,4,2,0,13.6,3,42.9,14.3,2018,20
BHA,1,1,1,0,1,0,1,11,8,2,5,5,0,8.6,3,27.3,9.1,2018,20
BUR,1,2,2,0,1,0,0,17,14,5,3,3,0,5.6,5,29.4,11.8,2018,20
CAR,1,1,0,1,0,0,0,12,4,0,5,6,0,8.1,3,25.0,8.3,2018,20
CHE,1,1,1,0,1,0,0,12,4,1,4,4,1,7.9,4,33.3,8.3,2018,20
CRY,1,0,0,0,0,0,0,4,4,0,1,2,0,23.8,0,0.0,0.0,2018,20
EVE,1,0,0,0,0,0,0,13,9,0,3,3,1,7.3,4,30.8,0.0,2018,20
FUL,1,1,1,0,0,0,0,14,12,2,3,2,0,6.8,5,35.7,7.1,2018,20
HUD,1,0,0,0,0,0,0,9,5,0,2,3,0,10.6,5,55.6,0.0,2018,20
LEI,1,0,0,0,0,0,0,16,6,2,4,6,0,6.1,7,43.8,0.0,2018,20
LIV,1,5,5,0,5,2,0,15,10,6,0,2,0,6.3,10,66.7,33.3,2018,20
MCI,1,3,2,1,2,0,0,14,12,6,3,4,1,6.7,6,42.9,21.4,2018,20
MUN,1,4,4,0,4,0,0,11,9,6,0,3,0,8.6,8,72.7,36.4,2018,20
NEW,1,1,1,0,1,0,0,8,3,1,4,2,0,11.8,2,25.0,12.5,2018,20
SOU,1,1,1,0,0,0,0,5,3,1,3,0,0,18.8,4,80.0,20.0,2018,20
TOT,1,1,0,1,0,0,0,10,1,0,3,3,0,9.6,3,30.0,10.0,2018,20
WAT,1,1,1,0,1,0,0,12,5,2,5,5,0,7.8,5,41.7,8.3,2018,20
WHU,1,0,0,0,0,0,0,11,8,1,5,5,0,8.6,4,36.4,0.0,2018,20
WOL,1,3,3,0,2,0,1,11,9,2,4,3,0,8.7,4,36.4,27.3,2018,20
ARS,1,4,4,0,3,0,1,16,16,10,1,4,1,5.9,8,50.0,25.0,2018,21
BOU,1,3,3,0,2,0,2,25,18,7,7,5,0,3.8,12,48.0,12.0,2018,21
BHA,1,2,2,0,1,0,2,13,8,1,5,5,0,7.3,6,46.2,15.4,2018,21
BUR,1,2,2,0,2,0,0,16,11,5,6,1,0,6.1,8,50.0,12.5,2018,21
CAR,1,0,0,0,0,0,0,5,3,1,2,1,0,18.8,3,60.0,0.0,2018,21
CHE,1,0,0,0,0,0,0,17,10,0,5,9,0,5.6,6,35.3,0.0,2018,21
CRY,1,2,2,0,2,1,0,17,9,2,6,7,0,5.6,4,23.5,11.8,2018,21
EVE,1,0,0,0,0,0,0,17,14,0,7,8,1,5.5,2,11.8,0.0,2018,21
FUL,1,1,1,0,1,0,0,9,5,4,3,1,0,10.4,4,44.4,11.1,2018,21
HUD,1,1,1,0,1,0,0,9,6,1,4,4,0,10.8,2,22.2,11.1,2018,21
LEI,1,1,1,0,1,0,0,8,4,1,1,1,0,11.8,4,50.0,12.5,2018,21
LIV,1,1,1,0,1,0,0,7,7,2,2,1,1,13.7,4,57.1,14.3,2018,21
MCI,1,2,2,0,0,0,0,9,6,2,0,1,0,10.7,4,44.4,22.2,2018,21
MUN,1,2,2,0,2,0,1,16,11,4,5,3,0,6.1,7,43.8,12.5,2018,21
NEW,1,0,0,0,0,0,0,14,8,0,2,3,0,6.9,3,21.4,0.0,2018,21
SOU,1,0,0,0,0,0,0,6,1,0,1,1,0,16.0,2,33.3,0.0,2018,21
TOT,1,3,2,1,0,0,0,13,9,1,2,3,0,7.2,4,30.8,23.1,2018,21
WAT,1,3,2,1,1,0,0,11,6,1,2,2,0,8.5,3,27.3,27.3,2018,21
WHU,1,2,2,0,0,0,0,13,6,0,1,1,0,7.3,6,46.2,15.4,2018,21
WOL,1,0,0,0,0,0,0,9,4,2,3,3,0,10.7,1,11.1,0.0,2018,21
ARS,1,0,0,0,0,0,0,11,6,0,0,1,0,8.5,2,18.2,0.0,2018,22
BOU,1,0,0,0,0,0,0,16,12,1,8,2,1,6.1,7,43.8,0.0,2018,22
BHA,1,0,0,0,0,0,0,7,5,0,1,2,0,13.7,0,0.0,0.0,2018,22
BUR,1,2,1,1,0,0,0,11,5,1,1,5,1,8.5,1,9.1,18.2,2018,22
CAR,1,0,0,0,0,0,0,3,1,1,1,3,0,31.3,0,0.0,0.0,2018,22
CHE,1,2,2,0,1,0,0,10,8,3,2,2,0,9.5,6,60.0,20.0,2018,22
CRY,1,1,0,1,0,0,1,15,9,3,4,3,0,6.4,6,40.0,6.7,2018,22
EVE,1,2,2,0,1,0,1,15,10,3,7,5,1,6.5,2,13.3,13.3,2018,22
FUL,1,1,1,0,0,0,0,12,9,1,3,5,1,7.8,3,25.0,8.3,2018,22
HUD,1,0,0,0,0,0,0,14,7,0,4,8,0,6.7,2,14.3,0.0,2018,22
LEI,1,1,1,0,1,0,0,23,9,2,6,10,0,4.1,5,21.7,4.3,2018,22
LIV,1,1,1,0,1,1,0,10,8,3,2,2,0,9.6,3,30.0,10.0,2018,22
MCI,1,3,2,1,1,1,1,24,13,2,2,8,0,3.9,9,37.5,12.5,2018,22
MUN,1,1,1,0,0,0,0,13,9,0,2,2,0,7.4,8,61.5,7.7,2018,22
NEW,1,1,1,0,0,0,1,9,7,0,1,1,0,10.6,2,22.2,11.1,2018,22
SOU,1,2,2,0,2,1,0,8,7,2,3,2,0,11.9,3,37.5,25.0,2018,22
TOT,1,0,0,0,0,0,0,21,12,2,6,4,0,4.6,11,52.4,0.0,2018,22
WAT,1,2,2,0,0,0,2,16,9,2,8,5,2,6.0,2,12.5,12.5,2018,22
WHU,1,1,1,0,0,0,1,11,7,1,5,1,0,8.5,3,27.3,9.1,2018,22
WOL,1,0,0,0,0,0,0,3,2,0,1,2,0,31.3,0,0.0,0.0,2018,22
ARS,1,2,2,0,1,0,2,13,10,3,5,1,0,7.5,5,38.5,15.4,2018,23
BOU,1,2,1,1,1,0,0,10,5,2,2,1,0,9.4,4,40.0,20.0,2018,23
BHA,1,1,1,0,1,0,0,7,5,1,3,1,0,13.7,3,42.9,14.3,2018,23
BUR,1,0,0,0,0,0,0,12,9,4,4,2,0,7.9,3,25.0,0.0,2018,23
CAR,1,0,0,0,0,0,0,9,5,0,5,3,0,10.7,1,11.1,0.0,2018,23
CHE,1,0,0,0,0,0,0,13,9,1,2,3,1,7.5,1,7.7,0.0,2018,23
CRY,1,3,3,0,0,0,1,9,8,1,2,3,0,10.8,3,33.3,33.3,2018,23
EVE,1,1,1,0,0,0,0,7,5,2,0,4,0,14.1,2,28.6,14.3,2018,23
FUL,1,1,0,1,0,0,1,12,7,1,4,3,0,7.9,4,33.3,8.3,2018,23
HUD,1,0,0,0,0,0,0,5,3,1,0,0,0,18.8,2,40.0,0.0,2018,23
LEI,1,3,2,1,0,0,1,16,11,1,3,5,0,5.9,6,37.5,18.8,2018,23
LIV,1,4,4,0,2,0,1,19,13,3,5,3,0,5.1,9,47.4,21.1,2018,23
MCI,1,3,2,1,2,0,0,12,10,4,3,2,0,7.8,4,33.3,25.0,2018,23
MUN,1,2,2,0,1,1,0,20,12,3,7,6,0,4.8,5,25.0,10.0,2018,23
NEW,1,3,3,0,2,0,1,16,12,3,5,5,0,6.0,6,37.5,18.8,2018,23
SOU,1,2,0,2,0,0,0,11,9,1,3,3,1,9.0,4,36.4,18.2,2018,23
TOT,1,2,2,0,2,0,0,14,11,3,4,3,0,6.8,5,35.7,14.3,2018,23
WAT,1,0,0,0,0,0,0,9,6,2,0,3,0,10.6,3,33.3,0.0,2018,23
WHU,1,0,0,0,0,0,0,9,4,1,0,2,0,10.4,1,11.1,0.0,2018,23
WOL,1,4,4,0,3,0,1,12,9,5,4,2,0,7.9,7,58.3,33.3,2018,23
ARS,1,2,2,0,1,1,0,15,11,4,2,6,0,6.5,4,26.7,13.3,2018,24
BOU,1,4,4,0,3,0,1,12,9,5,2,3,0,8.0,7,58.3,33.3,2018,24
BHA,1,2,2,0,1,0,0,15,11,3,5,5,1,6.4,6,40.0,13.3,2018,24
BUR,1,2,2,0,2,0,0,6,3,2,1,2,0,16.0,4,66.7,33.3,2018,24
CAR,1,1,1,0,0,0,0,19,7,0,5,8,0,5.1,2,10.5,5.3,2018,24
CHE,1,0,0,0,0,0,0,11,7,2,2,2,0,8.7,7,63.6,0.0,2018,24
CRY,1,1,1,0,0,0,0,15,6,2,6,4,0,6.3,2,13.3,6.7,2018,24
EVE,1,1,1,0,1,0,0,10,6,2,4,1,0,9.6,5,50.0,10.0,2018,24
FUL,1,4,3,1,2,0,2,24,16,6,4,8,3,4.0,7,29.2,16.7,2018,24
HUD,1,0,0,0,0,0,0,10,6,1,2,2,0,9.6,2,20.0,0.0,2018,24
LEI,1,1,1,0,1,0,1,5,5,2,3,1,0,19.0,2,40.0,20.0,2018,24
LIV,1,1,1,0,0,0,0,10,7,0,4,2,0,9.5,3,30.0,10.0,2018,24
MCI,1,1,1,0,1,0,0,12,8,1,7,6,0,8.0,3,25.0,8.3,2018,24
MUN,1,2,2,0,2,1,1,28,15,3,12,8,0,3.4,9,32.1,7.1,2018,24
NEW,1,2,2,0,1,1,0,7,4,1,2,2,0,13.7,2,28.6,28.6,2018,24
SOU,1,1,1,0,1,0,0,13,7,3,2,4,0,7.3,4,30.8,7.7,2018,24
TOT,1,2,2,0,0,0,0,17,10,1,5,8,0,5.6,3,17.6,11.8,2018,24
WAT,1,1,1,0,0,0,1,9,6,1,3,3,0,10.6,1,11.1,11.1,2018,24
WHU,1,0,0,0,0,0,0,4,0,0,0,1,0,23.8,0,0.0,0.0,2018,24
WOL,1,3,3,0,1,0,2,20,13,3,7,7,0,4.8,9,45.0,15.0,2018,24
ARS,1,1,1,0,1,0,1,4,2,1,1,2,0,23.5,2,50.0,25.0,2018,25
BOU,1,0,0,0,0,0,0,9,6,0,3,2,0,10.6,2,22.2,0.0,2018,25
BHA,1,0,0,0,0,0,0,21,13,3,8,4,0,4.4,4,19.0,0.0,2018,25
BUR,1,1,1,0,1,1,0,15,14,2,4,6,1,6.3,6,40.0,6.7,2018,25
CAR,1,2,2,0,2,1,0,12,9,3,3,7,0,7.9,5,41.7,16.7,2018,25
CHE,1,5,4,1,3,1,1,23,16,4,4,8,0,4.1,7,30.4,21.7,2018,25
CRY,1,2,2,0,2,1,0,17,13,2,7,6,1,5.7,6,35.3,11.8,2018,25
EVE,2,1,1,0,0,0,0,17,10,2,8,10,0,11.5,5,29.4,5.9,2018,25
FUL,1,0,0,0,0,0,0,8,4,1,1,1,0,12.1,0,0.0,0.0,2018,25
HUD,1,0,0,0,0,0,0,5,4,0,1,2,0,18.8,2,40.0,0.0,2018,25
LEI,1,0,0,0,0,0,0,17,11,1,7,3,0,5.6,6,35.3,0.0,2018,25
LIV,1,1,1,0,1,0,0,11,7,1,3,2,0,8.5,6,54.5,9.1,2018,25
MCI,2,5,5,0,5,0,1,34,25,8,8,11,1,5.6,16,47.1,14.7,2018,25
MUN,1,1,1,0,1,0,0,10,8,2,1,2,0,9.5,6,60.0,10.0,2018,25
NEW,1,0,0,0,0,0,0,8,3,0,2,3,1,11.9,2,25.0,0.0,2018,25
SOU,1,1,0,1,0,0,0,10,6,1,0,3,0,9.5,4,40.0,10.0,2018,25
TOT,1,1,0,1,0,0,0,21,16,6,9,11,1,4.5,2,9.5,4.8,2018,25
WAT,1,0,0,0,0,0,0,5,4,0,0,0,0,18.6,0,0.0,0.0,2018,25
WHU,1,1,1,0,0,0,1,13,7,1,8,4,0,7.2,2,15.4,7.7,2018,25
WOL,1,3,3,0,2,1,1,8,5,4,1,2,0,12.3,4,50.0,37.5,2018,25
ARS,1,2,2,0,1,0,0,9,9,2,0,1,0,10.7,4,44.4,22.2,2018,26
BOU,1,0,0,0,0,0,0,12,6,0,3,5,0,7.9,2,16.7,0.0,2018,26
BHA,1,1,1,0,1,0,1,16,13,1,8,7,0,5.9,5,31.3,6.3,2018,26
BUR,1,3,3,0,2,1,0,9,6,3,2,2,1,10.6,5,55.6,33.3,2018,26
CAR,1,2,2,0,1,0,1,6,4,1,3,0,0,16.2,3,50.0,33.3,2018,26
CHE,1,0,0,0,0,0,0,12,6,1,1,5,0,7.8,4,33.3,0.0,2018,26
CRY,1,1,1,0,0,0,0,25,17,5,9,10,1,3.8,5,20.0,4.0,2018,26
EVE,1,0,0,0,0,0,0,9,8,0,4,1,2,10.6,4,44.4,0.0,2018,26
FUL,1,0,0,0,0,0,0,15,8,3,5,5,1,6.3,3,20.0,0.0,2018,26
HUD,1,1,1,1,1,0,0,16,8,3,4,4,0,6.0,6,37.5,6.3,2018,26
LEI,1,1,1,0,1,0,0,20,17,5,6,2,0,4.8,9,45.0,5.0,2018,26
LIV,1,3,3,0,1,0,1,20,14,5,4,5,1,4.8,9,45.0,15.0,2018,26
MCI,1,6,4,2,4,1,2,15,10,7,4,1,1,6.3,9,60.0,40.0,2018,26
MUN,1,3,3,0,1,1,0,15,11,2,2,4,0,6.3,7,46.7,20.0,2018,26
NEW,1,1,1,0,0,0,0,9,6,0,1,4,0,10.8,3,33.3,11.1,2018,26
SOU,1,1,1,0,1,0,1,14,10,2,5,3,0,6.9,6,42.9,7.1,2018,26
TOT,1,3,1,2,2,0,1,12,5,2,2,5,0,7.9,5,41.7,25.0,2018,26
WAT,1,1,1,0,1,0,1,7,5,2,3,2,0,13.6,2,28.6,14.3,2018,26
WHU,1,1,1,0,1,1,0,6,4,3,1,2,0,15.8,4,66.7,16.7,2018,26
WOL,1,1,1,0,1,0,0,22,16,3,6,8,0,4.4,6,27.3,4.5,2018,26
ARS,1,2,2,0,2,0,0,12,10,3,2,4,0,7.8,4,33.3,16.7,2018,27
BOU,1,1,1,0,1,1,0,10,9,3,4,2,2,9.7,3,30.0,10.0,2018,27
BUR,1,2,2,0,1,0,1,10,8,1,4,3,0,9.5,4,40.0,20.0,2018,27
CAR,1,1,1,0,1,0,1,15,7,4,7,5,1,6.3,5,33.3,6.7,2018,27
CRY,1,4,3,1,3,1,0,7,5,3,1,0,0,13.6,5,71.4,57.1,2018,27
FUL,1,1,1,0,1,0,0,8,4,2,0,1,0,11.8,5,62.5,12.5,2018,27
HUD,1,0,0,0,0,0,0,3,2,0,1,2,0,31.3,1,33.3,0.0,2018,27
LEI,1,1,1,0,0,0,1,27,10,0,7,12,0,3.5,5,18.5,3.7,2018,27
LIV,1,0,0,0,0,0,0,7,4,0,5,2,0,13.3,1,14.3,0.0,2018,27
MUN,1,0,0,0,0,0,0,6,4,1,2,2,0,15.5,3,50.0,0.0,2018,27
NEW,1,2,2,0,1,0,0,29,23,3,7,6,2,3.2,12,41.4,6.9,2018,27
SOU,1,0,0,0,0,0,0,10,6,1,4,3,0,9.3,4,40.0,0.0,2018,27
TOT,1,1,1,0,1,0,1,17,7,1,6,6,0,5.6,6,35.3,5.9,2018,27
WAT,1,5,4,1,4,0,0,12,7,4,3,1,1,7.8,7,58.3,41.7,2018,27
WHU,1,3,3,0,2,0,2,21,20,3,10,5,0,4.5,7,33.3,14.3,2018,27
WOL,1,1,1,0,1,1,0,10,6,1,4,3,0,9.7,2,20.0,10.0,2018,27
ARS,1,5,4,1,4,0,2,16,12,5,4,5,1,5.8,7,43.8,31.3,2018,28
BOU,1,1,1,0,1,0,0,13,7,1,2,5,1,7.2,5,38.5,7.7,2018,28
BHA,1,1,1,0,0,0,0,15,8,1,7,3,0,6.5,3,20.0,6.7,2018,28
BUR,1,0,0,0,0,0,0,12,11,2,7,4,0,8.2,2,16.7,0.0,2018,28
CAR,1,0,0,0,0,0,0,6,4,0,1,1,0,15.8,0,0.0,0.0,2018,28
CHE,1,2,1,1,1,0,0,11,4,1,2,2,1,8.5,1,9.1,18.2,2018,28
CRY,1,1,1,0,1,0,0,17,10,3,5,4,0,5.6,2,11.8,5.9,2018,28
EVE,1,3,2,1,1,0,0,12,8,1,2,3,0,7.9,4,33.3,25.0,2018,28
FUL,1,0,0,0,0,0,0,14,7,1,1,6,0,6.6,4,28.6,0.0,2018,28
HUD,1,1,1,0,1,0,0,15,8,2,4,3,0,6.3,3,20.0,6.7,2018,28
LEI,1,2,2,0,2,0,0,19,13,2,2,7,0,5.1,3,15.8,10.5,2018,28
LIV,1,5,5,0,4,0,2,19,11,4,4,5,0,4.9,10,52.6,26.3,2018,28
MCI,1,1,1,0,1,1,0,20,15,6,4,4,1,4.8,6,30.0,5.0,2018,28
MUN,1,3,3,0,1,0,1,13,7,2,5,4,0,7.4,4,30.8,23.1,2018,28
NEW,1,2,1,1,1,0,0,13,9,3,3,1,0,7.5,3,23.1,15.4,2018,28
SOU,1,2,1,1,1,0,1,14,7,1,5,3,0,6.6,4,28.6,14.3,2018,28
TOT,1,0,0,0,0,0,0,9,4,1,2,4,1,10.4,0,0.0,0.0,2018,28
WAT,1,0,0,0,0,0,0,5,4,1,2,1,0,18.8,3,60.0,0.0,2018,28
WHU,1,0,0,0,0,0,0,2,2,1,0,0,0,47.5,1,50.0,0.0,2018,28
WOL,1,0,0,0,0,0,0,7,4,1,3,2,0,13.4,0,0.0,0.0,2018,28
ARS,1,1,1,0,1,0,0,9,7,5,1,4,0,10.8,3,33.3,11.1,2018,29
BOU,1,0,0,0,0,0,0,0,0,0,0,0,0,0.0,0,0.0,0.0,2018,29
BHA,1,1,1,0,1,0,1,14,8,2,5,5,1,6.8,3,21.4,7.1,2018,29
BUR,1,1,1,0,1,0,0,18,13,3,5,4,0,5.3,4,22.2,5.6,2018,29
CAR,1,0,0,0,0,0,0,12,6,1,7,5,0,7.8,3,25.0,0.0,2018,29
CHE,1,2,1,1,0,0,0,20,15,0,2,8,0,4.9,7,35.0,10.0,2018,29
CRY,1,3,2,1,0,0,0,10,5,2,2,2,0,9.6,4,40.0,30.0,2018,29
EVE,1,0,0,0,0,0,0,7,6,0,3,1,0,13.4,3,42.9,0.0,2018,29
FUL,1,1,1,0,1,0,1,12,5,3,5,3,0,8.1,5,41.7,8.3,2018,29
HUD,1,0,0,0,0,0,0,6,3,0,0,2,0,15.8,4,66.7,0.0,2018,29
LEI,1,1,0,1,1,0,0,14,5,1,6,6,0,6.8,2,14.3,7.1,2018,29
LIV,1,0,0,0,0,0,0,10,7,3,5,4,0,9.4,3,30.0,0.0,2018,29
MCI,1,1,1,0,0,0,0,23,13,1,10,6,0,4.1,7,30.4,4.3,2018,29
MUN,1,3,1,2,0,0,0,16,9,4,5,1,0,6.1,6,37.5,18.8,2018,29
NEW,1,0,0,0,0,0,0,17,9,1,2,9,1,5.5,2,11.8,0.0,2018,29
SOU,1,2,0,2,0,0,1,9,4,1,5,2,0,10.8,3,33.3,22.2,2018,29
TOT,1,1,1,0,1,1,0,11,7,4,3,1,0,8.8,3,27.3,9.1,2018,29
WAT,1,2,2,0,2,0,1,6,5,3,3,1,0,15.8,5,83.3,33.3,2018,29
WHU,1,2,2,0,1,1,1,10,7,2,3,3,0,9.3,4,40.0,20.0,2018,29
WOL,1,2,2,0,2,0,0,13,11,7,4,2,1,7.2,6,46.2,15.4,2018,29
ARS,1,2,1,1,1,1,0,14,9,2,3,5,0,6.9,2,14.3,14.3,2018,30
BOU,1,2,2,0,2,0,0,8,8,5,1,1,0,11.8,4,50.0,25.0,2018,30
BHA,1,2,1,1,0,0,0,4,1,0,0,0,0,24.0,3,75.0,50.0,2018,30
BUR,1,2,1,1,1,0,1,3,1,1,1,1,0,31.3,2,66.7,66.7,2018,30
CAR,1,2,2,0,2,0,0,16,11,6,4,3,0,6.1,7,43.8,12.5,2018,30
CHE,1,1,0,1,0,0,1,22,10,1,6,14,0,4.3,6,27.3,4.5,2018,30
CRY,1,1,1,0,1,1,0,15,9,1,2,7,0,6.4,3,20.0,6.7,2018,30
EVE,1,2,2,0,1,0,0,7,7,1,0,2,0,13.7,3,42.9,28.6,2018,30
FUL,1,1,1,0,0,0,0,6,3,0,0,2,0,15.8,3,50.0,16.7,2018,30
HUD,1,0,0,0,0,0,0,8,2,0,1,4,0,11.8,1,12.5,0.0,2018,30
LEI,1,3,3,0,3,0,0,18,9,4,2,2,0,5.3,8,44.4,16.7,2018,30
LIV,1,4,4,0,4,0,0,23,13,6,4,10,1,4.1,5,21.7,17.4,2018,30
MCI,1,3,3,0,1,0,0,19,14,6,5,4,0,5.0,8,42.1,15.8,2018,30
MUN,1,0,0,0,0,0,0,14,7,5,2,3,2,6.9,4,28.6,0.0,2018,30
NEW,1,3,3,0,2,0,1,19,12,4,6,5,0,5.1,7,36.8,15.8,2018,30
SOU,1,2,1,1,1,0,1,12,7,3,1,4,0,7.9,4,33.3,16.7,2018,30
TOT,1,1,1,0,1,0,0,16,7,2,4,2,1,5.9,5,31.3,6.3,2018,30
WAT,1,1,1,0,1,0,1,2,1,1,2,1,0,47.5,1,50.0,50.0,2018,30
WHU,1,0,0,0,0,0,0,9,5,0,0,2,1,10.8,2,22.2,0.0,2018,30
WOL,1,1,1,0,1,0,0,2,1,1,1,0,0,47.5,1,50.0,50.0,2018,30
BOU,1,2,1,1,1,1,0,10,7,3,5,1,1,9.5,2,20.0,20.0,2018,31
BUR,1,1,1,0,0,0,0,13,9,1,4,4,0,7.3,2,15.4,7.7,2018,31
CHE,1,0,0,0,0,0,0,17,10,2,3,7,0,5.6,5,29.4,0.0,2018,31
EVE,1,2,2,0,2,0,2,15,12,4,6,3,0,6.4,8,53.3,13.3,2018,31
FUL,1,1,1,0,1,0,0,7,2,1,0,3,0,13.4,2,28.6,14.3,2018,31
HUD,1,3,2,1,1,0,2,15,9,4,7,4,0,6.4,5,33.3,20.0,2018,31
LEI,1,2,1,1,0,0,2,9,5,0,3,5,0,10.6,4,44.4,22.2,2018,31
LIV,1,2,2,0,2,1,0,16,11,3,2,3,1,5.9,6,37.5,12.5,2018,31
NEW,1,2,1,1,0,0,1,12,4,1,3,4,0,7.9,4,33.3,16.7,2018,31
WHU,1,4,4,0,2,1,3,16,10,2,9,6,1,6.0,5,31.3,25.0,2018,31
ARS,1,2,2,0,1,0,0,7,6,2,1,3,0,13.6,3,42.9,28.6,2018,32
BOU,1,0,0,0,0,0,0,8,2,1,1,2,0,11.8,2,25.0,0.0,2018,32
BHA,2,0,0,0,0,0,0,17,7,1,6,4,1,11.1,2,11.8,0.0,2018,32
BUR,1,2,1,1,0,0,1,6,5,1,4,2,1,15.7,1,16.7,33.3,2018,32
CAR,2,1,1,0,0,0,1,12,6,0,8,2,0,15.9,4,33.3,8.3,2018,32
CHE,2,5,4,1,3,0,1,38,25,7,7,14,0,5.1,7,18.4,13.2,2018,32
CRY,2,2,2,0,2,1,0,24,18,6,4,8,0,7.9,6,25.0,8.3,2018,32
EVE,1,2,2,0,1,0,1,17,14,4,4,4,1,5.5,9,52.9,11.8,2018,32
FUL,2,1,1,0,1,0,0,22,18,4,5,9,0,8.6,7,31.8,4.5,2018,32
HUD,1,0,0,0,0,0,0,15,11,1,3,3,0,6.3,5,33.3,0.0,2018,32
LEI,1,2,2,0,1,0,1,18,10,2,4,5,0,5.2,4,22.2,11.1,2018,32
LIV,1,2,1,1,1,0,1,14,7,1,3,3,0,6.9,3,21.4,14.3,2018,32
MCI,2,4,3,1,0,0,1,51,29,7,19,11,2,3.7,18,35.3,7.8,2018,32
MUN,2,3,1,2,2,0,0,26,12,8,7,9,0,7.3,9,34.6,11.5,2018,32
NEW,1,0,0,0,0,0,0,3,1,0,0,0,0,31.7,1,33.3,0.0,2018,32
SOU,1,1,1,0,1,0,0,8,7,1,1,2,0,11.9,2,25.0,12.5,2018,32
TOT,2,3,3,0,1,0,1,37,21,4,8,9,0,5.2,12,32.4,8.1,2018,32
WAT,2,5,5,0,3,0,1,35,23,3,4,13,0,5.4,15,42.9,14.3,2018,32
WHU,1,0,0,0,0,0,0,3,0,0,0,0,0,31.3,1,33.3,0.0,2018,32
WOL,2,2,1,1,1,0,0,17,13,3,5,6,1,11.2,3,17.6,11.8,2018,32
ARS,1,0,0,0,0,0,0,7,6,0,2,2,0,13.7,2,28.6,0.0,2018,33
BOU,1,1,0,1,0,0,1,10,6,2,4,3,0,9.6,2,20.0,10.0,2018,33
BUR,1,3,3,0,2,0,1,10,7,2,5,3,0,9.6,3,30.0,30.0,2018,33
CHE,1,2,2,0,1,0,0,16,12,3,2,3,0,5.9,7,43.8,12.5,2018,33
CRY,1,1,1,0,1,1,0,3,3,1,0,0,0,32.7,1,33.3,33.3,2018,33
EVE,1,1,1,0,1,0,1,23,15,4,7,8,0,4.2,6,26.1,4.3,2018,33
HUD,1,1,1,0,1,1,0,10,8,2,2,3,0,9.4,4,40.0,10.0,2018,33
LEI,1,4,2,2,2,1,2,18,10,6,6,2,0,5.2,9,50.0,22.2,2018,33
LIV,1,3,3,0,1,0,0,17,13,2,4,5,0,5.6,5,29.4,17.6,2018,33
NEW,1,0,0,0,0,0,0,18,11,0,7,4,0,5.4,5,27.8,0.0,2018,33
SOU,1,1,1,0,1,0,0,11,6,2,7,4,0,8.6,1,9.1,9.1,2018,33
WHU,1,0,0,0,0,0,0,9,6,0,4,4,0,10.4,2,22.2,0.0,2018,33
ARS,1,1,1,0,0,0,0,19,13,2,2,8,0,4.9,5,26.3,5.3,2018,34
BOU,1,5,4,1,3,0,0,14,10,4,1,3,0,6.8,7,50.0,35.7,2018,34
BHA,2,0,0,0,0,0,0,22,8,0,6,8,1,8.6,3,13.6,0.0,2018,34
BUR,1,2,2,0,2,0,1,14,11,6,8,1,1,6.8,7,50.0,14.3,2018,34
CAR,2,2,1,1,1,0,1,24,9,2,9,9,1,7.9,5,20.8,8.3,2018,34
CHE,1,0,0,0,0,0,0,6,4,2,1,1,1,15.7,3,50.0,0.0,2018,34
CRY,1,1,0,1,0,0,1,7,3,0,2,2,0,13.4,3,42.9,14.3,2018,34
EVE,1,0,0,0,0,0,0,9,7,2,1,2,1,11.1,1,11.1,0.0,2018,34
FUL,1,2,2,0,2,0,0,12,9,3,4,0,1,8.3,5,41.7,16.7,2018,34
HUD,1,0,0,0,0,0,0,7,5,2,2,1,0,13.4,1,14.3,0.0,2018,34
LEI,1,0,0,0,0,0,0,12,9,1,2,1,0,8.0,5,41.7,0.0,2018,34
LIV,1,2,1,1,1,0,0,15,11,1,4,5,0,6.3,7,46.7,13.3,2018,34
MCI,1,3,3,0,3,0,0,20,11,4,1,7,0,4.7,6,30.0,15.0,2018,34
MUN,1,2,2,0,2,2,0,14,9,3,4,5,0,6.9,4,28.6,14.3,2018,34
NEW,1,1,1,0,0,0,0,11,8,1,2,1,1,8.7,5,45.5,9.1,2018,34
SOU,1,3,3,0,3,0,1,12,9,7,5,2,0,7.9,6,50.0,25.0,2018,34
TOT,1,4,4,0,1,0,0,22,16,2,6,9,1,4.3,5,22.7,18.2,2018,34
WAT,1,0,0,0,0,0,0,11,6,2,5,6,1,8.5,2,18.2,0.0,2018,34
WHU,1,1,1,0,1,0,0,18,11,2,9,8,1,5.3,4,22.2,5.6,2018,34
WOL,1,1,1,0,0,0,1,17,8,0,11,7,0,5.6,2,11.8,5.9,2018,34
ARS,2,3,3,0,2,0,1,23,13,3,5,8,0,8.3,6,26.1,13.0,2018,35
BOU,1,0,0,0,0,0,0,15,13,5,4,4,0,6.5,5,33.3,0.0,2018,35
BHA,2,0,0,0,0,0,0,11,5,0,4,2,0,17.2,1,9.1,0.0,2018,35
BUR,1,2,1,1,1,0,2,6,4,1,3,1,0,16.2,3,50.0,33.3,2018,35
CAR,1,0,0,0,0,0,0,7,5,1,4,3,0,13.4,2,28.6,0.0,2018,35
CHE,1,2,2,0,0,0,0,22,12,1,3,6,0,4.4,8,36.4,9.1,2018,35
CRY,1,3,3,0,3,0,3,16,14,4,9,4,0,6.1,7,43.8,18.8,2018,35
EVE,1,4,2,2,1,0,2,15,10,2,8,4,0,6.3,8,53.3,26.7,2018,35
FUL,1,1,1,0,1,1,0,17,10,5,7,6,0,5.7,5,29.4,5.9,2018,35
HUD,1,1,1,0,1,0,0,13,7,1,5,5,0,7.2,3,23.1,7.7,2018,35
LEI,1,2,2,0,1,0,0,11,8,1,2,1,0,8.7,5,45.5,18.2,2018,35
LIV,1,2,2,0,1,1,1,17,12,4,5,3,0,5.5,6,35.3,11.8,2018,35
MCI,2,3,3,0,1,0,0,23,15,2,2,5,1,8.3,9,39.1,13.0,2018,35
MUN,2,0,0,0,0,0,0,19,6,0,3,6,0,10.0,2,10.5,0.0,2018,35
NEW,1,3,3,0,1,0,0,15,9,1,5,6,1,6.4,5,33.3,20.0,2018,35
SOU,2,2,1,1,1,0,0,23,15,6,7,6,1,8.3,7,30.4,8.7,2018,35
TOT,2,1,0,1,0,0,0,39,15,2,9,15,1,4.9,9,23.1,2.6,2018,35
WAT,2,3,3,0,1,0,0,26,19,3,1,9,0,7.3,10,38.5,11.5,2018,35
WHU,1,2,2,0,1,0,0,11,7,1,1,3,1,8.7,3,27.3,18.2,2018,35
WOL,2,3,2,1,1,0,2,34,26,4,15,7,2,5.6,8,23.5,8.8,2018,35
ARS,1,0,0,0,0,0,0,6,5,1,0,2,0,15.8,1,16.7,0.0,2018,36
BOU,1,3,3,0,3,0,1,9,5,4,3,0,0,10.7,5,55.6,33.3,2018,36
BHA,1,1,1,0,1,0,0,9,7,2,4,2,0,10.4,2,22.2,11.1,2018,36
BUR,1,0,0,0,0,0,0,2,2,1,1,0,0,48.0,0,0.0,0.0,2018,36
CAR,1,0,0,0,0,0,0,13,10,2,3,3,1,7.4,8,61.5,0.0,2018,36
CHE,1,1,1,0,1,0,0,16,8,2,5,6,0,6.1,3,18.8,6.3,2018,36
CRY,1,0,0,0,0,0,0,8,4,0,5,3,0,11.8,0,0.0,0.0,2018,36
EVE,1,0,0,0,0,0,0,22,16,1,6,11,0,4.3,3,13.6,0.0,2018,36
FUL,1,1,0,1,0,0,0,8,2,1,0,1,0,12.0,2,25.0,12.5,2018,36
HUD,1,0,0,0,0,0,0,5,3,0,1,2,0,18.8,1,20.0,0.0,2018,36
LEI,1,3,3,0,3,0,0,24,15,7,4,6,1,4.0,12,50.0,12.5,2018,36
LIV,1,5,5,0,3,0,0,21,14,6,2,2,1,4.5,7,33.3,23.8,2018,36
MCI,1,1,1,0,0,0,0,25,17,2,2,15,0,3.8,6,24.0,4.0,2018,36
MUN,1,1,1,0,1,0,0,7,6,2,5,1,0,14.0,4,57.1,14.3,2018,36
NEW,1,1,1,0,0,0,0,9,4,0,3,5,0,10.4,1,11.1,11.1,2018,36
SOU,1,3,2,1,1,0,0,22,12,5,8,6,1,4.4,7,31.8,13.6,2018,36
TOT,1,0,0,0,0,0,0,14,9,3,1,6,0,6.8,4,28.6,0.0,2018,36
WAT,1,1,1,0,1,0,0,10,5,2,3,4,0,9.8,1,10.0,10.0,2018,36
WHU,1,1,1,0,1,0,0,16,8,1,2,4,0,5.9,7,43.8,6.3,2018,36
WOL,1,2,2,0,2,0,1,11,8,4,6,5,0,8.9,3,27.3,18.2,2018,36
ARS,1,1,1,0,1,1,0,20,13,2,7,8,1,4.7,7,35.0,5.0,2018,37
BOU,1,1,1,0,1,0,1,20,15,4,8,7,0,4.8,6,30.0,5.0,2018,37
BHA,1,1,1,0,1,1,0,11,8,3,1,2,0,8.5,5,45.5,9.1,2018,37
BUR,1,0,0,0,0,0,0,5,3,2,3,0,0,18.8,1,20.0,0.0,2018,37
CAR,1,2,0,2,0,0,0,18,14,3,7,5,0,5.2,7,38.9,11.1,2018,37
CHE,1,3,3,0,2,0,2,19,16,6,4,4,0,4.9,9,47.4,15.8,2018,37
CRY,1,3,1,2,1,0,0,21,13,1,4,7,0,4.5,7,33.3,14.3,2018,37
EVE,1,2,1,1,1,0,0,20,10,2,4,5,1,4.7,6,30.0,10.0,2018,37
FUL,1,0,0,0,0,0,0,6,3,1,1,1,0,15.7,2,33.3,0.0,2018,37
HUD,1,1,1,0,1,0,0,7,5,2,1,2,0,14.1,3,42.9,14.3,2018,37
LEI,1,0,0,0,0,0,0,7,3,1,0,3,0,13.6,2,28.6,0.0,2018,37
LIV,1,3,3,0,1,0,2,11,10,2,2,1,0,9.0,4,36.4,27.3,2018,37
MCI,1,1,0,1,0,0,0,19,7,1,9,4,0,5.0,5,26.3,5.3,2018,37
MUN,1,1,1,0,0,0,0,23,12,3,7,7,2,4.3,7,30.4,4.3,2018,37
NEW,1,2,2,0,1,0,1,14,10,2,2,5,1,7.1,6,42.9,14.3,2018,37
SOU,1,0,0,0,0,0,0,11,7,0,3,7,0,8.5,1,9.1,0.0,2018,37
TOT,1,0,0,0,0,0,0,11,5,1,2,3,0,8.7,5,45.5,0.0,2018,37
WAT,1,0,0,0,0,0,0,16,11,2,6,3,1,5.9,3,18.8,0.0,2018,37
WHU,1,3,3,0,2,0,0,17,8,2,1,5,0,5.5,6,35.3,17.6,2018,37
WOL,1,1,1,0,1,0,0,19,12,3,9,4,1,4.9,6,31.6,5.3,2018,37
ARS,1,3,3,0,2,0,0,17,12,4,1,7,1,5.6,6,35.3,17.6,2018,38
BOU,1,3,1,2,1,0,1,16,9,3,4,2,0,6.1,8,50.0,18.8,2018,38
BHA,1,1,1,0,1,0,1,6,3,1,5,1,0,15.5,2,33.3,16.7,2018,38
BUR,1,1,1,0,0,0,0,14,12,2,4,4,1,6.8,4,28.6,7.1,2018,38
CAR,1,2,2,0,2,1,1,13,6,2,4,3,0,7.3,4,30.8,15.4,2018,38
CHE,1,0,0,0,0,0,0,14,6,2,0,3,0,6.7,4,28.6,0.0,2018,38
CRY,1,5,4,1,3,0,0,17,12,4,0,2,1,5.7,8,47.1,29.4,2018,38
EVE,1,2,2,0,1,0,1,16,14,4,7,4,0,5.8,9,56.3,12.5,2018,38
FUL,1,0,0,0,0,0,0,16,8,0,3,6,1,5.8,2,12.5,0.0,2018,38
HUD,1,1,1,0,1,0,0,10,3,2,3,3,0,9.4,3,30.0,10.0,2018,38
LEI,1,0,0,0,0,0,0,9,3,0,4,2,0,10.4,3,33.3,0.0,2018,38
LIV,1,2,2,0,2,0,0,13,9,3,3,3,1,7.2,5,38.5,15.4,2018,38
MCI,1,4,2,2,2,0,2,20,9,3,3,8,0,4.7,9,45.0,20.0,2018,38
MUN,1,0,0,0,0,0,0,26,13,3,4,6,0,3.7,10,38.5,0.0,2018,38
NEW,1,4,4,0,3,0,2,13,8,5,3,1,0,7.2,6,46.2,30.8,2018,38
SOU,1,1,0,1,0,0,0,10,4,1,0,4,0,9.4,3,30.0,10.0,2018,38
TOT,1,2,1,1,1,0,2,11,4,1,5,3,0,8.5,3,27.3,18.2,2018,38
WAT,1,1,1,0,1,0,0,17,14,2,5,7,0,5.4,8,47.1,5.9,2018,38
WHU,1,4,4,0,3,1,0,16,8,5,4,2,0,5.8,9,56.3,25.0,2018,38
WOL,1,0,0,0,0,0,0,7,7,2,1,1,1,13.3,2,28.6,0.0,2018,38
