Team,Games Played,GoalsTotal,GoalsIn,GoalsOut,GoalsBCS,GoalsPen,GoalsSP,AttemptsTotal,AttemptsIn,AttemptsBCT,AttemptsSP,AttemptsBlkd,AttemptsHit WW,AttemptsMins Per Chance,AttemptsOn Target,Conversion %Shots,Conversion %Goals,Season,GW ID
ARS,1,0,0,0,0,0,0,23,11,2,2,10,0,4.1,3,13.0,0.0,2012,1
AVL,1,0,0,0,0,0,0,13,4,0,5,6,0,7.2,2,15.4,0.0,2012,1
CHE,2,6,5,1,5,2,0,33,21,7,3,7,0,5.8,9,27.3,18.2,2012,1
EVE,1,1,1,0,1,0,1,18,13,1,9,2,2,5.3,7,38.9,5.6,2012,1
FUL,1,5,4,1,3,1,1,15,8,5,2,4,0,6.2,9,60.0,33.3,2012,1
LIV,1,0,0,0,0,0,0,16,10,3,5,7,0,5.9,2,12.5,0.0,2012,1
MCI,1,3,3,0,3,0,1,23,16,8,5,9,1,4.1,8,34.8,13.0,2012,1
MUN,1,0,0,0,0,0,0,14,8,2,3,5,0,6.8,3,21.4,0.0,2012,1
NEW,1,2,2,0,1,1,0,7,3,1,0,2,0,13.4,3,42.9,28.6,2012,1
NOR,1,0,0,0,0,0,0,9,4,0,1,3,0,10.3,2,22.2,0.0,2012,1
QPR,1,0,0,0,0,0,0,21,8,2,2,9,0,4.5,4,19.0,0.0,2012,1
RDG,2,3,2,1,1,1,1,17,11,1,6,3,0,11.4,6,35.3,17.6,2012,1
SOU,1,2,1,1,0,0,0,10,5,0,2,5,0,9.4,2,20.0,20.0,2012,1
STK,1,1,1,0,0,0,0,11,7,0,5,4,0,8.8,3,27.3,9.1,2012,1
SUN,1,0,0,0,0,0,0,4,2,1,0,1,0,23.8,2,50.0,0.0,2012,1
SWA,1,5,3,2,1,0,0,13,10,2,4,2,2,7.3,6,46.2,38.5,2012,1
TOT,1,1,1,0,1,0,0,15,6,1,4,4,2,6.3,4,26.7,6.7,2012,1
WBA,1,3,2,1,2,1,1,18,10,3,6,6,0,5.2,6,33.3,16.7,2012,1
WHU,1,1,1,0,0,0,1,8,5,1,4,3,0,11.8,1,12.5,12.5,2012,1
WIG,1,0,0,0,0,0,0,15,11,3,6,1,0,6.3,4,26.7,0.0,2012,1
ARS,1,0,0,0,0,0,0,17,8,0,7,4,0,5.5,2,11.8,0.0,2012,2
AVL,1,1,0,1,0,0,0,9,6,0,0,3,1,10.6,2,22.2,11.1,2012,2
CHE,1,2,2,0,1,1,0,12,5,1,2,1,0,8.0,6,50.0,16.7,2012,2
EVE,1,3,2,1,0,0,0,21,13,1,6,7,0,4.5,5,23.8,14.3,2012,2
FUL,1,2,1,1,0,0,1,16,8,2,3,7,0,6.1,6,37.5,12.5,2012,2
LIV,1,2,1,1,0,0,2,17,6,1,6,5,0,5.6,3,17.6,11.8,2012,2
MCI,1,2,2,0,2,0,0,11,6,2,2,3,0,8.6,3,27.3,18.2,2012,2
MUN,1,3,3,0,1,0,1,20,11,2,7,4,1,4.9,7,35.0,15.0,2012,2
NEW,1,0,0,0,0,0,0,11,8,1,1,2,0,8.7,3,27.3,0.0,2012,2
NOR,1,1,1,0,1,0,0,15,10,4,4,2,1,6.3,3,20.0,6.7,2012,2
QPR,1,1,1,0,1,0,1,8,4,3,4,2,0,11.8,3,37.5,12.5,2012,2
SOU,1,0,0,0,0,0,0,16,10,1,7,4,1,5.9,6,37.5,0.0,2012,2
STK,1,0,0,0,0,0,0,6,3,1,1,2,0,15.7,1,16.7,0.0,2012,2
SWA,1,3,3,0,2,0,0,12,10,2,0,3,0,7.8,5,41.7,25.0,2012,2
TOT,1,1,0,1,0,0,1,22,9,2,4,6,0,4.3,7,31.8,4.5,2012,2
WBA,1,1,1,0,0,0,1,13,10,2,5,5,0,7.3,4,30.8,7.7,2012,2
WHU,1,0,0,0,0,0,0,9,7,0,6,3,0,10.4,4,44.4,0.0,2012,2
WIG,1,2,2,0,1,0,1,13,7,2,5,5,0,7.3,4,30.8,15.4,2012,2
ARS,1,2,2,0,0,0,0,11,5,2,1,2,0,8.6,5,45.5,18.2,2012,3
AVL,1,1,1,0,1,0,0,13,10,3,1,4,0,7.4,5,38.5,7.7,2012,3
EVE,1,0,0,0,0,0,0,13,12,1,4,5,0,7.4,2,15.4,0.0,2012,3
FUL,1,0,0,0,0,0,0,15,7,0,2,5,0,6.2,9,60.0,0.0,2012,3
LIV,1,0,0,0,0,0,0,19,12,1,4,4,1,5.0,4,21.1,0.0,2012,3
MCI,1,3,3,0,1,0,1,18,15,2,7,7,1,5.3,6,33.3,16.7,2012,3
MUN,1,3,3,0,1,0,1,20,11,3,3,4,1,4.8,7,35.0,15.0,2012,3
NEW,1,1,0,1,0,0,0,17,9,1,7,3,0,5.6,4,23.5,5.9,2012,3
NOR,1,1,1,0,0,0,0,12,7,1,3,1,1,8.0,4,33.3,8.3,2012,3
QPR,1,1,1,0,1,0,0,11,6,1,3,3,0,8.7,4,36.4,9.1,2012,3
SOU,1,2,2,0,1,0,0,15,6,1,3,4,0,6.3,4,26.7,13.3,2012,3
STK,1,2,2,0,1,1,1,19,12,4,7,5,0,4.9,7,36.8,10.5,2012,3
SUN,1,2,2,0,0,0,1,4,4,0,1,1,0,23.8,2,50.0,50.0,2012,3
SWA,1,2,2,0,1,0,0,15,9,1,1,4,0,6.3,6,40.0,13.3,2012,3
TOT,1,1,1,0,0,0,0,15,3,0,1,3,0,6.4,5,33.3,6.7,2012,3
WBA,1,2,2,0,2,0,1,12,6,3,3,2,1,8.0,5,41.7,16.7,2012,3
WHU,1,3,3,0,0,0,2,16,10,0,4,6,0,5.8,6,37.5,18.8,2012,3
WIG,1,2,2,0,1,1,0,13,10,1,1,5,0,7.2,3,23.1,15.4,2012,3
ARS,1,6,3,3,2,0,1,23,15,3,7,6,1,4.0,9,39.1,26.1,2012,4
AVL,1,2,1,1,1,0,1,16,12,2,6,6,0,5.9,7,43.8,12.5,2012,4
CHE,1,0,0,0,0,0,0,12,6,2,5,4,0,7.9,4,33.3,0.0,2012,4
EVE,1,2,2,0,0,0,1,18,12,1,2,6,1,5.3,6,33.3,11.1,2012,4
FUL,1,3,3,0,2,1,0,23,13,3,2,5,1,4.1,10,43.5,13.0,2012,4
LIV,1,1,1,0,1,0,0,23,13,1,4,4,2,4.1,6,26.1,4.3,2012,4
MCI,1,1,1,0,0,0,1,15,8,2,5,5,0,6.3,7,46.7,6.7,2012,4
MUN,1,4,3,1,2,0,1,20,14,4,4,7,0,4.7,5,25.0,20.0,2012,4
NEW,1,2,1,1,1,0,0,11,8,4,1,3,0,8.6,3,27.3,18.2,2012,4
NOR,1,0,0,0,0,0,0,25,15,0,13,7,0,3.7,9,36.0,0.0,2012,4
QPR,1,0,0,0,0,0,0,12,7,2,2,4,0,7.9,3,25.0,0.0,2012,4
RDG,1,1,1,0,1,0,0,6,4,1,1,3,0,15.7,1,16.7,16.7,2012,4
SOU,1,1,1,0,1,0,0,10,5,2,2,2,0,9.3,3,30.0,10.0,2012,4
STK,1,1,1,0,1,0,1,4,3,1,1,1,0,23.5,2,50.0,25.0,2012,4
SUN,1,1,1,0,1,0,0,7,1,1,1,3,0,13.4,1,14.3,14.3,2012,4
SWA,1,0,0,0,0,0,0,10,6,1,2,3,0,9.5,3,30.0,0.0,2012,4
TOT,1,3,3,0,0,0,0,23,13,4,3,4,0,4.1,7,30.4,13.0,2012,4
WBA,1,0,0,0,0,0,0,10,5,0,3,3,0,9.4,5,50.0,0.0,2012,4
WHU,1,0,0,0,0,0,0,14,8,3,4,6,0,6.6,2,14.3,0.0,2012,4
WIG,1,0,0,0,0,0,0,7,7,0,2,2,0,13.4,1,14.3,0.0,2012,4
ARS,1,1,1,0,0,0,1,11,5,1,2,2,0,8.5,4,36.4,9.1,2012,5
AVL,1,1,1,0,1,0,0,11,8,2,3,2,0,8.6,2,18.2,9.1,2012,5
CHE,1,1,1,0,1,0,0,19,7,2,4,8,0,5.1,4,21.1,5.3,2012,5
EVE,1,3,3,0,2,0,2,31,24,5,10,10,1,3.0,10,32.3,9.7,2012,5
FUL,1,2,2,0,1,0,0,12,9,2,5,1,0,7.8,7,58.3,16.7,2012,5
LIV,1,1,1,0,0,0,0,14,10,0,5,2,0,7.0,6,42.9,7.1,2012,5
MCI,1,1,1,0,1,0,1,15,9,3,6,4,0,6.3,6,40.0,6.7,2012,5
MUN,1,2,2,0,1,1,0,8,3,1,1,2,0,12.3,3,37.5,25.0,2012,5
NEW,1,1,1,0,1,0,0,18,14,3,4,2,0,5.3,6,33.3,5.6,2012,5
NOR,1,0,0,0,0,0,0,10,7,1,2,4,0,9.5,2,20.0,0.0,2012,5
QPR,1,1,1,0,1,0,0,9,7,2,3,2,0,10.6,4,44.4,11.1,2012,5
RDG,1,0,0,0,0,0,0,10,5,0,3,3,0,9.5,1,10.0,0.0,2012,5
SOU,1,4,4,1,2,1,0,16,9,2,1,0,0,5.9,7,43.8,25.0,2012,5
STK,1,0,0,0,0,0,0,13,7,2,4,4,1,7.4,3,23.1,0.0,2012,5
SUN,1,1,1,0,0,0,0,5,2,1,0,2,0,19.2,1,20.0,20.0,2012,5
SWA,1,0,0,0,0,0,0,18,11,3,8,6,1,5.2,4,22.2,0.0,2012,5
TOT,1,2,1,1,1,0,1,20,13,1,6,7,0,4.8,8,40.0,10.0,2012,5
WBA,1,1,1,0,0,0,0,11,6,0,2,1,1,8.6,4,36.4,9.1,2012,5
WHU,1,1,1,0,0,0,0,24,18,0,12,10,1,4.0,4,16.7,4.2,2012,5
WIG,1,1,1,0,0,0,1,19,10,3,5,5,1,4.9,5,26.3,5.3,2012,5
ARS,1,1,1,0,0,0,0,16,8,1,1,3,0,5.9,4,25.0,6.3,2012,6
AVL,1,1,1,0,1,0,1,21,13,2,9,8,0,4.5,3,14.3,4.8,2012,6
CHE,1,2,1,1,0,0,2,10,3,1,5,2,0,9.5,3,30.0,20.0,2012,6
EVE,1,3,3,0,2,0,1,22,15,3,6,6,1,4.3,8,36.4,13.6,2012,6
FUL,1,1,1,0,1,1,0,7,4,1,3,1,0,13.4,3,42.9,14.3,2012,6
LIV,1,5,1,4,1,0,0,16,10,2,2,7,0,5.9,5,31.3,31.3,2012,6
MCI,1,2,2,0,1,0,0,23,11,2,2,7,0,4.1,7,30.4,8.7,2012,6
MUN,1,2,2,0,2,0,0,16,9,3,2,2,2,5.9,7,43.8,12.5,2012,6
NEW,1,2,2,0,0,0,0,9,3,0,1,3,0,10.6,2,22.2,22.2,2012,6
NOR,1,2,2,0,2,0,0,16,8,3,3,4,0,5.9,4,25.0,12.5,2012,6
QPR,1,1,0,1,0,0,0,13,7,0,2,2,0,7.5,7,53.8,7.7,2012,6
RDG,1,2,2,0,0,0,0,16,12,0,2,2,1,5.9,5,31.3,12.5,2012,6
SOU,1,1,1,0,1,0,1,10,6,3,2,0,0,9.5,5,50.0,10.0,2012,6
STK,1,2,2,0,2,0,1,12,8,4,1,2,1,7.9,5,41.7,16.7,2012,6
SUN,1,1,1,0,1,0,0,10,4,1,4,2,0,9.6,1,10.0,10.0,2012,6
SWA,1,0,0,0,0,0,0,10,3,0,2,1,0,9.5,3,30.0,0.0,2012,6
TOT,1,3,2,1,1,0,0,10,7,1,2,3,0,9.5,3,30.0,30.0,2012,6
WBA,1,1,1,0,1,0,0,14,6,1,3,5,0,6.8,3,21.4,7.1,2012,6
WHU,1,2,2,0,1,0,1,18,10,2,2,7,0,5.4,5,27.8,11.1,2012,6
WIG,1,0,0,0,0,0,0,10,6,2,5,2,0,9.6,3,30.0,0.0,2012,6
ARS,1,3,2,1,2,0,0,21,12,3,4,8,0,4.6,7,33.3,14.3,2012,7
AVL,1,0,0,0,0,0,0,8,3,1,2,2,0,11.9,3,37.5,0.0,2012,7
CHE,1,4,4,0,2,0,0,23,15,5,2,9,0,4.0,9,39.1,17.4,2012,7
EVE,1,2,2,0,2,1,0,17,8,4,3,6,1,5.6,7,41.2,11.8,2012,7
FUL,1,2,1,1,0,0,0,13,10,1,6,4,0,7.4,3,23.1,15.4,2012,7
LIV,1,0,0,0,0,0,0,18,10,1,6,5,3,5.3,2,11.1,0.0,2012,7
MCI,1,3,1,2,0,0,2,28,17,3,15,8,1,3.4,8,28.6,10.7,2012,7
MUN,1,3,2,1,0,0,2,13,9,1,4,2,0,7.3,8,61.5,23.1,2012,7
NEW,1,0,0,0,0,0,0,15,7,1,5,3,1,6.3,2,13.3,0.0,2012,7
NOR,1,1,1,0,0,0,0,8,6,0,0,1,0,11.5,2,25.0,12.5,2012,7
QPR,1,2,1,1,0,0,0,13,7,0,5,4,0,7.4,3,23.1,15.4,2012,7
RDG,1,2,2,0,0,0,0,9,6,0,1,3,0,10.6,4,44.4,22.2,2012,7
SOU,1,2,2,0,0,0,2,14,9,1,5,4,1,6.9,4,28.6,14.3,2012,7
STK,1,0,0,0,0,0,0,6,2,1,0,1,0,15.8,2,33.3,0.0,2012,7
SUN,1,0,0,0,0,0,0,8,4,0,3,2,0,11.8,4,50.0,0.0,2012,7
SWA,1,2,2,0,1,0,0,26,20,4,5,6,0,3.7,10,38.5,7.7,2012,7
TOT,1,2,2,0,0,0,1,22,7,1,3,6,0,4.3,6,27.3,9.1,2012,7
WBA,1,3,3,0,0,0,0,14,8,2,0,4,0,6.9,5,35.7,21.4,2012,7
WHU,1,1,1,0,0,0,0,9,8,0,5,1,0,10.7,3,33.3,11.1,2012,7
WIG,1,2,2,0,2,0,0,11,8,2,2,3,0,8.6,3,27.3,18.2,2012,7
ARS,1,0,0,0,0,0,0,14,7,1,4,3,0,6.9,5,35.7,0.0,2012,8
AVL,1,0,0,0,0,0,0,12,7,1,0,4,0,7.9,1,8.3,0.0,2012,8
CHE,1,4,3,1,2,0,1,10,6,3,1,0,0,9.5,7,70.0,40.0,2012,8
EVE,1,1,0,1,0,0,1,16,10,3,8,6,2,5.9,3,18.8,6.3,2012,8
FUL,1,1,1,0,0,0,1,19,15,1,3,4,0,5.0,5,26.3,5.3,2012,8
LIV,1,1,1,0,0,0,0,27,14,1,5,9,0,3.5,7,25.9,3.7,2012,8
MCI,1,2,1,1,1,0,1,24,12,3,10,7,0,4.0,8,33.3,8.3,2012,8
MUN,1,4,4,0,4,0,1,16,11,6,2,1,1,5.9,7,43.8,25.0,2012,8
NEW,1,1,1,0,1,0,0,11,7,3,3,5,0,8.6,5,45.5,9.1,2012,8
NOR,1,1,1,0,1,0,0,7,3,3,1,0,0,13.7,3,42.9,14.3,2012,8
QPR,1,1,0,1,0,0,0,15,9,1,5,2,0,6.3,5,33.3,6.7,2012,8
RDG,1,0,0,0,0,0,0,10,3,1,4,3,0,9.4,3,30.0,0.0,2012,8
SOU,1,1,1,0,0,0,0,11,6,0,3,1,0,8.6,2,18.2,9.1,2012,8
STK,1,2,1,1,0,0,1,9,5,0,3,4,0,10.4,3,33.3,22.2,2012,8
SUN,1,1,0,1,0,0,1,21,9,0,8,10,0,4.5,1,4.8,4.8,2012,8
SWA,1,2,2,0,1,0,1,20,7,2,3,3,0,4.8,8,40.0,10.0,2012,8
TOT,1,2,2,0,1,0,1,26,14,2,5,7,0,3.7,10,38.5,7.7,2012,8
WBA,1,1,1,0,1,0,0,17,6,3,5,5,0,5.6,4,23.5,5.9,2012,8
WHU,1,4,3,1,2,1,1,11,8,2,5,4,0,8.6,5,45.5,36.4,2012,8
WIG,1,1,1,0,0,0,0,11,8,0,3,1,0,8.6,6,54.5,9.1,2012,8
ARS,1,1,1,0,1,0,0,22,12,4,6,4,2,4.4,9,40.9,4.5,2012,9
AVL,1,1,1,0,1,0,0,7,5,1,2,1,0,13.7,4,57.1,14.3,2012,9
CHE,1,2,1,1,0,0,1,15,7,4,6,4,0,6.4,8,53.3,13.3,2012,9
EVE,1,2,1,1,1,0,1,16,11,2,7,3,0,5.9,4,25.0,12.5,2012,9
FUL,1,3,2,1,0,0,1,19,11,2,6,5,0,5.0,6,31.6,15.8,2012,9
LIV,1,2,1,1,1,0,1,13,7,2,5,2,0,7.3,3,23.1,15.4,2012,9
MCI,1,1,0,1,0,0,0,11,7,1,2,1,0,9.4,4,36.4,9.1,2012,9
MUN,1,3,2,1,2,0,0,15,11,3,2,2,1,6.4,5,33.3,20.0,2012,9
NEW,1,2,2,0,1,0,0,13,6,2,3,4,0,7.3,5,38.5,15.4,2012,9
NOR,1,1,1,0,0,0,1,17,9,4,3,7,0,5.6,4,23.5,5.9,2012,9
QPR,1,0,0,0,0,0,0,6,3,2,2,2,0,16.0,2,33.3,0.0,2012,9
RDG,1,3,2,1,2,0,1,15,10,4,6,1,0,6.3,8,53.3,20.0,2012,9
SOU,1,1,1,0,1,0,1,15,8,2,4,7,0,6.3,2,13.3,6.7,2012,9
STK,1,0,0,0,0,0,0,16,11,1,6,5,0,6.2,4,25.0,0.0,2012,9
SUN,1,0,0,0,0,0,0,7,3,0,4,3,0,14.1,0,0.0,0.0,2012,9
SWA,1,0,0,0,0,0,0,9,4,1,0,4,0,11.4,2,22.2,0.0,2012,9
TOT,1,2,2,0,1,0,0,12,10,2,1,2,0,7.9,3,25.0,16.7,2012,9
WBA,1,1,1,0,1,0,0,11,8,4,4,1,0,8.6,4,36.4,9.1,2012,9
WHU,1,1,1,0,1,0,0,15,9,4,8,7,0,6.3,4,26.7,6.7,2012,9
WIG,1,2,2,0,1,0,1,16,7,2,2,5,0,5.9,7,43.8,12.5,2012,9
ARS,1,1,1,0,0,0,0,7,5,1,0,2,1,13.6,2,28.6,14.3,2012,10
AVL,1,1,1,0,1,0,0,9,5,1,4,2,1,10.6,3,33.3,11.1,2012,10
CHE,1,1,1,0,0,0,1,11,6,0,6,5,0,8.6,4,36.4,9.1,2012,10
EVE,1,2,2,0,1,0,0,27,19,2,6,10,0,3.5,8,29.6,7.4,2012,10
FUL,1,2,1,1,1,0,1,9,3,2,2,3,1,10.4,4,44.4,22.2,2012,10
LIV,1,1,1,0,1,0,0,23,11,3,5,9,0,4.1,6,26.1,4.3,2012,10
MCI,1,0,0,0,0,0,0,22,14,3,7,5,0,4.2,5,22.7,0.0,2012,10
MUN,1,2,2,0,1,0,1,14,10,5,2,2,0,6.8,6,42.9,14.3,2012,10
NEW,1,1,1,0,0,0,0,11,5,0,1,0,0,8.5,3,27.3,9.1,2012,10
NOR,1,1,1,0,0,0,1,14,4,2,4,5,0,6.8,4,28.6,7.1,2012,10
QPR,1,1,1,0,1,0,0,23,8,2,6,5,0,4.2,6,26.1,4.3,2012,10
RDG,1,1,1,0,0,0,1,19,14,0,9,5,1,5.1,3,15.8,5.3,2012,10
SOU,1,0,0,0,0,0,0,10,6,1,3,2,1,9.4,3,30.0,0.0,2012,10
STK,1,0,0,0,0,0,0,9,7,2,3,0,0,10.6,4,44.4,0.0,2012,10
SUN,1,0,0,0,0,0,0,12,9,1,2,2,0,7.9,1,8.3,0.0,2012,10
SWA,1,1,0,1,0,0,0,10,4,0,2,4,0,9.5,2,20.0,10.0,2012,10
TOT,1,0,0,0,0,0,0,13,5,0,7,6,0,7.4,4,30.8,0.0,2012,10
WBA,1,2,1,1,1,0,0,17,10,2,3,4,0,5.5,3,17.6,11.8,2012,10
WHU,1,0,0,0,0,0,0,6,4,0,0,1,1,15.5,0,0.0,0.0,2012,10
WIG,1,1,1,0,1,0,1,7,4,3,2,1,0,13.7,3,42.9,14.3,2012,10
ARS,1,3,3,0,2,0,1,14,8,5,4,2,1,6.8,6,42.9,21.4,2012,11
AVL,1,2,2,0,1,0,0,8,5,2,1,3,0,12.0,3,37.5,25.0,2012,11
CHE,1,1,1,0,0,0,1,15,10,2,5,2,0,6.3,3,20.0,6.7,2012,11
EVE,1,2,2,0,1,0,0,18,12,2,5,7,0,5.3,5,27.8,11.1,2012,11
FUL,1,3,3,0,2,1,1,11,7,2,2,2,0,8.6,5,45.5,27.3,2012,11
LIV,1,1,1,0,1,0,1,9,4,1,4,2,0,10.6,3,33.3,11.1,2012,11
MCI,1,2,2,0,2,0,0,14,11,5,5,1,0,6.9,5,35.7,14.3,2012,11
MUN,1,3,2,1,1,0,1,20,8,2,6,6,2,4.8,5,25.0,15.0,2012,11
NEW,1,0,0,0,0,0,0,16,8,2,7,2,0,6.0,8,50.0,0.0,2012,11
NOR,1,0,0,0,0,0,0,11,5,3,1,2,0,8.5,1,9.1,0.0,2012,11
QPR,1,0,0,0,0,0,0,18,7,1,3,7,0,5.3,2,11.1,0.0,2012,11
RDG,1,0,0,0,0,0,0,9,4,0,3,2,0,10.4,2,22.2,0.0,2012,11
SOU,1,1,1,0,1,0,0,16,10,1,4,5,0,5.9,4,25.0,6.3,2012,11
STK,1,1,1,0,0,0,1,12,8,1,3,5,0,7.9,2,16.7,8.3,2012,11
SUN,1,1,1,0,1,0,1,9,8,2,2,3,0,10.7,3,33.3,11.1,2012,11
SWA,1,1,1,0,0,0,0,7,4,0,3,2,0,13.6,3,42.9,14.3,2012,11
TOT,1,1,1,0,0,0,1,7,4,0,3,1,0,13.9,2,28.6,14.3,2012,11
WBA,1,2,1,1,1,0,0,9,7,1,1,1,1,10.7,4,44.4,22.2,2012,11
WHU,1,1,1,0,1,0,0,11,11,3,3,3,0,8.7,3,27.3,9.1,2012,11
WIG,1,1,1,0,1,0,0,14,6,2,2,2,0,6.9,4,28.6,7.1,2012,11
ARS,1,5,5,0,1,0,1,13,11,1,2,3,0,7.3,7,53.8,38.5,2012,12
AVL,1,0,0,0,0,0,0,11,5,0,2,6,0,8.5,2,18.2,0.0,2012,12
CHE,1,1,1,0,0,0,0,19,9,2,2,7,0,5.0,6,31.6,5.3,2012,12
EVE,1,1,1,0,1,0,0,21,15,4,8,5,1,4.5,6,28.6,4.8,2012,12
FUL,1,1,1,0,1,0,0,20,12,3,6,7,0,4.8,7,35.0,5.0,2012,12
LIV,1,3,3,0,3,0,0,22,11,4,4,6,0,4.3,6,27.3,13.6,2012,12
MCI,1,5,5,0,4,2,1,26,20,5,7,5,0,3.6,10,38.5,19.2,2012,12
MUN,1,0,0,0,0,0,0,14,9,1,7,5,0,6.9,6,42.9,0.0,2012,12
NEW,1,1,1,0,0,0,0,32,17,3,5,6,1,3.0,9,28.1,3.1,2012,12
NOR,1,1,1,0,0,0,0,11,5,1,1,2,0,8.7,4,36.4,9.1,2012,12
QPR,1,1,1,0,1,0,1,12,9,2,5,1,0,7.9,5,41.7,8.3,2012,12
RDG,1,2,2,0,1,1,1,14,7,2,6,1,0,6.7,3,21.4,14.3,2012,12
SOU,1,3,1,2,1,0,2,20,10,2,6,7,0,4.8,8,40.0,15.0,2012,12
STK,1,1,1,0,0,0,1,8,3,0,2,1,1,11.9,2,25.0,12.5,2012,12
SUN,1,3,2,1,1,0,1,11,4,1,1,2,0,8.6,6,54.5,27.3,2012,12
SWA,1,2,2,0,2,0,0,16,12,4,3,3,0,5.9,7,43.8,12.5,2012,12
TOT,1,2,1,1,1,0,0,7,4,1,1,2,0,13.6,3,42.9,28.6,2012,12
WBA,1,2,2,0,2,0,0,9,5,2,1,2,0,10.6,5,55.6,22.2,2012,12
WHU,1,1,1,0,1,0,0,15,11,2,7,3,0,6.3,5,33.3,6.7,2012,12
WIG,1,0,0,0,0,0,0,10,2,0,4,1,0,9.5,2,20.0,0.0,2012,12
ARS,1,0,0,0,0,0,0,12,6,1,1,4,0,7.8,1,8.3,0.0,2012,13
AVL,1,0,0,0,0,0,0,9,4,0,3,4,0,10.4,4,44.4,0.0,2012,13
CHE,1,0,0,0,0,0,0,6,3,0,3,1,0,15.5,1,16.7,0.0,2012,13
EVE,1,1,1,0,1,0,0,14,9,2,2,1,0,6.8,7,50.0,7.1,2012,13
FUL,1,0,0,0,0,0,0,9,2,1,1,3,0,10.6,2,22.2,0.0,2012,13
LIV,1,0,0,0,0,0,0,21,14,3,5,5,1,4.5,9,42.9,0.0,2012,13
MCI,1,0,0,0,0,0,0,9,8,1,2,1,0,10.3,5,55.6,0.0,2012,13
MUN,1,3,3,0,2,0,2,17,14,3,3,5,0,5.5,7,41.2,17.6,2012,13
NEW,1,0,0,0,0,0,0,8,6,1,2,1,0,11.9,3,37.5,0.0,2012,13
NOR,1,1,1,0,0,0,1,9,5,0,4,2,0,10.6,3,33.3,11.1,2012,13
QPR,1,1,1,0,1,0,1,11,4,1,3,6,0,8.5,2,18.2,9.1,2012,13
RDG,1,2,1,1,0,0,1,17,12,1,7,6,0,5.5,5,29.4,11.8,2012,13
SOU,1,2,2,0,2,0,0,18,12,5,5,2,3,5.3,8,44.4,11.1,2012,13
STK,1,1,1,0,1,0,0,16,9,1,9,3,1,5.9,2,12.5,6.3,2012,13
SUN,1,2,1,1,1,0,2,20,11,1,7,3,0,4.8,10,50.0,10.0,2012,13
SWA,1,0,0,0,0,0,0,18,9,0,7,7,0,5.3,2,11.1,0.0,2012,13
TOT,1,3,2,1,2,0,0,28,11,2,5,6,2,3.4,9,32.1,10.7,2012,13
WBA,1,4,3,1,2,1,0,14,8,4,1,2,1,6.9,6,42.9,28.6,2012,13
WHU,1,1,1,0,0,0,0,12,7,1,5,4,0,8.0,4,33.3,8.3,2012,13
WIG,1,3,3,0,2,0,0,18,17,5,1,5,0,5.2,7,38.9,16.7,2012,13
ARS,1,1,1,0,0,0,0,11,5,0,1,5,0,8.5,3,27.3,9.1,2012,14
AVL,1,1,1,0,0,0,1,16,10,0,4,5,0,5.9,5,31.3,6.3,2012,14
CHE,1,0,0,0,0,0,0,17,4,0,4,11,0,5.5,2,11.8,0.0,2012,14
EVE,1,1,0,1,0,0,0,14,7,1,3,2,0,6.7,9,64.3,7.1,2012,14
FUL,1,0,0,0,0,0,0,9,4,1,2,3,0,10.4,4,44.4,0.0,2012,14
LIV,1,1,0,1,0,0,1,17,11,3,5,9,0,5.6,3,17.6,5.9,2012,14
MCI,1,2,1,1,1,0,0,17,8,3,1,1,0,5.5,6,35.3,11.8,2012,14
MUN,1,1,1,0,0,0,0,22,9,0,4,6,0,4.3,7,31.8,4.5,2012,14
NEW,1,1,1,0,1,0,0,9,5,1,1,1,0,10.6,6,66.7,11.1,2012,14
NOR,1,1,0,1,0,0,1,11,3,1,2,3,0,8.6,5,45.5,9.1,2012,14
QPR,1,0,0,0,0,0,0,15,9,2,1,6,0,6.3,5,33.3,0.0,2012,14
RDG,1,0,0,0,0,0,0,12,9,2,3,3,0,7.8,3,25.0,0.0,2012,14
SOU,1,1,1,0,1,0,1,10,8,1,3,2,0,9.5,2,20.0,10.0,2012,14
STK,1,2,2,0,2,0,0,13,11,3,8,1,0,7.3,5,38.5,15.4,2012,14
SUN,1,0,0,0,0,0,0,14,5,1,7,5,0,6.7,4,28.6,0.0,2012,14
SWA,1,3,3,0,2,0,0,13,9,2,3,4,1,7.2,4,30.8,23.1,2012,14
TOT,1,2,1,1,1,0,1,16,5,1,5,2,0,5.9,7,43.8,12.5,2012,14
WBA,1,1,1,0,0,0,1,6,2,0,1,1,0,15.5,1,16.7,16.7,2012,14
WHU,1,0,0,0,0,0,0,11,9,0,3,3,0,8.5,1,9.1,0.0,2012,14
WIG,1,0,0,0,0,0,0,9,7,1,1,3,0,10.4,1,11.1,0.0,2012,14
ARS,1,0,0,0,0,0,0,10,6,0,0,3,0,9.4,5,50.0,0.0,2012,15
AVL,1,1,0,1,0,0,0,7,3,0,1,1,0,13.6,2,28.6,14.3,2012,15
CHE,1,1,1,0,1,0,0,15,9,2,1,2,1,6.3,7,46.7,6.7,2012,15
EVE,1,1,1,0,1,0,0,9,3,2,2,2,0,10.4,4,44.4,11.1,2012,15
FUL,1,0,0,0,0,0,0,8,5,1,2,0,0,11.9,2,25.0,0.0,2012,15
LIV,1,1,1,0,0,0,1,23,17,3,7,4,2,4.1,8,34.8,4.3,2012,15
MCI,1,1,1,0,1,1,0,10,8,1,1,3,0,9.4,4,40.0,10.0,2012,15
MUN,1,4,4,0,3,1,0,11,9,6,0,1,0,8.5,5,45.5,36.4,2012,15
NEW,1,3,2,1,2,1,0,18,6,2,1,1,0,5.3,8,44.4,16.7,2012,15
NOR,1,2,2,0,1,0,1,8,5,2,4,3,0,11.9,3,37.5,25.0,2012,15
QPR,1,1,1,0,0,0,0,17,8,2,4,5,1,5.6,8,47.1,5.9,2012,15
RDG,1,3,3,0,2,0,2,12,8,2,7,1,0,7.8,7,58.3,25.0,2012,15
SOU,1,0,0,0,0,0,0,9,4,0,4,2,0,10.4,1,11.1,0.0,2012,15
STK,1,1,1,0,0,0,0,5,3,0,1,1,0,19.0,2,40.0,20.0,2012,15
SUN,1,1,0,1,0,0,0,16,7,1,9,2,1,5.9,4,25.0,6.3,2012,15
SWA,1,2,2,0,2,0,0,14,10,4,3,5,0,6.7,7,50.0,14.3,2012,15
TOT,1,3,2,1,2,0,0,10,6,2,1,0,0,9.5,6,60.0,30.0,2012,15
WBA,1,0,0,0,0,0,0,15,6,0,2,6,0,6.3,5,33.3,0.0,2012,15
WHU,1,3,3,0,1,0,0,16,14,3,6,6,0,5.9,8,50.0,18.8,2012,15
WIG,1,0,0,0,0,0,0,10,3,0,2,4,0,9.5,1,10.0,0.0,2012,15
ARS,1,2,2,0,2,2,0,19,14,5,6,7,0,5.0,3,15.8,10.5,2012,16
AVL,1,0,0,0,0,0,0,13,8,0,4,7,0,7.2,2,15.4,0.0,2012,16
CHE,1,3,3,0,1,1,0,14,6,1,2,3,1,6.8,5,35.7,21.4,2012,16
EVE,1,2,2,0,1,0,0,20,13,2,5,7,0,4.8,4,20.0,10.0,2012,16
FUL,1,2,2,0,1,0,1,16,10,3,2,1,1,5.9,6,37.5,12.5,2012,16
LIV,1,3,2,1,2,0,0,17,9,2,1,5,0,5.7,4,23.5,17.6,2012,16
MCI,1,2,2,0,0,0,1,18,12,2,3,3,0,5.4,9,50.0,11.1,2012,16
MUN,1,3,2,1,1,0,1,10,4,2,3,2,1,9.7,3,30.0,30.0,2012,16
NEW,1,1,0,1,0,0,0,20,8,0,6,7,1,4.7,6,30.0,5.0,2012,16
NOR,1,4,3,1,1,0,3,9,7,2,4,0,2,10.6,7,77.8,44.4,2012,16
QPR,1,2,2,0,0,0,1,8,6,0,2,0,0,11.9,4,50.0,25.0,2012,16
RDG,2,0,0,0,0,0,0,21,16,0,8,5,1,9.0,5,23.8,0.0,2012,16
SOU,1,1,1,0,0,0,0,18,9,3,2,3,0,5.2,5,27.8,5.6,2012,16
STK,1,0,0,0,0,0,0,2,1,0,1,0,0,47.0,0,0.0,0.0,2012,16
SUN,2,4,4,0,1,0,2,28,13,1,8,6,0,6.8,13,46.4,14.3,2012,16
SWA,1,3,3,0,2,0,1,20,13,2,3,4,1,4.8,5,25.0,15.0,2012,16
TOT,1,1,0,1,0,0,0,12,4,0,5,6,1,8.0,5,41.7,8.3,2012,16
WBA,1,0,0,0,0,0,0,8,5,1,3,2,0,11.9,1,12.5,0.0,2012,16
WHU,1,2,1,1,1,1,1,11,6,1,4,4,0,8.8,4,36.4,18.2,2012,16
WIG,1,2,2,0,0,0,1,15,8,2,6,2,1,6.3,8,53.3,13.3,2012,16
ARS,1,5,5,0,3,0,0,26,19,6,2,7,0,3.6,12,46.2,19.2,2012,17
AVL,1,3,2,1,2,0,0,11,5,2,2,0,0,8.5,6,54.5,27.3,2012,17
EVE,1,1,0,1,0,0,0,10,9,2,5,4,0,9.4,1,10.0,10.0,2012,17
FUL,1,1,0,1,0,0,0,5,2,0,3,1,0,19.0,2,40.0,20.0,2012,17
LIV,1,1,1,0,0,0,0,29,15,0,8,12,0,3.2,7,24.1,3.4,2012,17
MCI,1,3,3,0,1,0,1,17,14,5,4,4,1,5.5,7,41.2,17.6,2012,17
MUN,1,3,3,0,3,0,0,16,15,10,4,2,0,5.9,5,31.3,18.8,2012,17
NEW,1,1,1,0,1,0,1,17,8,2,5,3,0,5.5,5,29.4,5.9,2012,17
NOR,1,2,2,0,1,0,0,17,10,4,1,3,0,5.6,8,47.1,11.8,2012,17
QPR,1,2,0,2,0,0,0,20,9,2,4,5,0,4.8,6,30.0,10.0,2012,17
RDG,1,2,2,0,2,0,0,9,5,2,1,4,0,10.3,3,33.3,22.2,2012,17
STK,1,1,1,0,0,0,1,13,6,4,4,2,1,7.2,4,30.8,7.7,2012,17
SUN,1,1,1,0,1,0,1,15,9,1,5,4,0,6.3,7,46.7,6.7,2012,17
SWA,1,0,0,0,0,0,0,3,1,1,0,0,0,33.0,0,0.0,0.0,2012,17
TOT,1,1,1,0,0,0,1,29,13,3,9,12,0,3.4,8,27.6,3.4,2012,17
WBA,1,0,0,0,0,0,0,20,7,0,5,6,1,4.8,4,20.0,0.0,2012,17
WHU,1,0,0,0,0,0,0,12,7,0,4,2,0,7.9,2,16.7,0.0,2012,17
WIG,1,1,0,1,0,0,0,14,7,0,5,6,0,6.9,4,28.6,7.1,2012,17
ARS,1,1,1,0,1,1,0,11,6,2,2,5,0,8.6,4,36.4,9.1,2012,18
AVL,1,0,0,0,0,0,0,7,2,1,1,3,0,13.4,1,14.3,0.0,2012,18
CHE,1,8,6,2,3,1,2,26,15,5,6,5,0,3.6,15,57.7,30.8,2012,18
EVE,1,2,2,0,0,0,1,18,7,3,5,3,0,5.3,7,38.9,11.1,2012,18
FUL,1,0,0,0,0,0,0,8,3,1,2,2,0,11.8,4,50.0,0.0,2012,18
LIV,1,4,4,0,2,0,2,23,17,5,8,5,0,4.1,9,39.1,17.4,2012,18
MCI,1,1,1,0,1,0,0,21,16,5,6,8,0,4.6,3,14.3,4.8,2012,18
MUN,1,1,1,0,0,0,1,20,13,1,6,9,0,4.8,6,30.0,5.0,2012,18
NEW,1,1,1,0,0,0,0,21,10,0,7,8,0,4.6,4,19.0,4.8,2012,18
NOR,1,1,0,1,0,0,1,10,6,0,6,2,0,9.5,3,30.0,10.0,2012,18
QPR,1,0,0,0,0,0,0,4,1,0,2,0,0,24.3,3,75.0,0.0,2012,18
RDG,1,0,0,0,0,0,0,5,4,0,2,0,0,19.2,1,20.0,0.0,2012,18
SOU,1,0,0,0,0,0,0,12,3,0,4,5,0,7.9,2,16.7,0.0,2012,18
STK,1,0,0,0,0,0,0,4,3,1,2,1,0,23.8,1,25.0,0.0,2012,18
SUN,1,1,1,0,1,0,0,10,6,1,6,2,0,9.5,5,50.0,10.0,2012,18
SWA,1,1,1,0,1,0,0,14,8,2,0,1,0,6.8,9,64.3,7.1,2012,18
TOT,1,0,0,0,0,0,0,22,6,2,2,9,0,4.3,5,22.7,0.0,2012,18
WBA,1,2,2,0,1,0,1,13,7,2,7,3,0,7.3,6,46.2,15.4,2012,18
WHU,1,1,0,1,0,0,0,6,4,1,2,1,0,15.8,2,33.3,16.7,2012,18
WIG,1,0,0,0,0,0,0,14,6,1,3,2,0,6.8,3,21.4,0.0,2012,18
AVL,1,0,0,0,0,0,0,4,2,0,1,0,0,23.5,1,25.0,0.0,2012,19
CHE,1,1,0,1,0,0,0,18,7,1,3,7,0,5.2,3,16.7,5.6,2012,19
EVE,1,2,1,1,0,0,1,17,9,1,3,7,1,5.6,3,17.6,11.8,2012,19
FUL,1,1,1,0,1,0,0,9,6,1,2,0,0,10.7,1,11.1,11.1,2012,19
LIV,1,1,1,0,1,1,0,17,10,3,4,7,1,5.6,4,23.5,5.9,2012,19
MCI,1,0,0,0,0,0,0,23,11,2,7,8,1,4.1,7,30.4,0.0,2012,19
MUN,1,4,3,1,3,0,2,15,12,8,4,3,0,6.6,7,46.7,26.7,2012,19
NEW,1,3,2,1,1,0,0,15,6,1,2,4,2,6.6,7,46.7,20.0,2012,19
NOR,1,0,0,0,0,0,0,9,5,0,3,4,0,10.4,1,11.1,0.0,2012,19
QPR,1,1,1,0,1,0,0,21,14,4,9,4,0,4.6,5,23.8,4.8,2012,19
RDG,1,0,0,0,0,0,0,3,2,1,1,2,0,31.7,0,0.0,0.0,2012,19
SOU,1,1,1,0,1,1,0,8,4,3,1,1,0,12.0,3,37.5,12.5,2012,19
STK,1,3,3,0,1,0,2,10,8,1,3,3,0,9.5,5,50.0,30.0,2012,19
SUN,1,1,0,1,0,0,0,12,6,0,3,3,0,7.9,4,33.3,8.3,2012,19
SWA,1,0,0,0,0,0,0,10,3,2,2,2,0,9.5,2,20.0,0.0,2012,19
TOT,1,4,4,0,4,0,0,21,13,7,8,8,0,4.5,9,42.9,19.0,2012,19
WBA,1,2,0,2,0,0,1,12,5,1,2,1,0,8.0,4,33.3,16.7,2012,19
WIG,1,1,1,0,1,0,0,11,3,1,3,6,0,8.6,3,27.3,9.1,2012,19
ARS,1,7,6,1,4,0,1,16,11,6,2,2,1,5.9,10,62.5,43.8,2012,20
AVL,1,0,0,0,0,0,0,12,5,1,1,4,1,7.8,2,16.7,0.0,2012,20
CHE,1,2,2,0,1,0,0,17,8,3,3,8,0,5.6,5,29.4,11.8,2012,20
EVE,1,1,1,0,1,0,0,14,9,2,5,1,3,6.8,6,42.9,7.1,2012,20
FUL,1,1,1,0,1,0,0,23,10,1,7,7,1,4.1,6,26.1,4.3,2012,20
LIV,1,3,3,0,2,0,1,19,14,6,6,6,0,4.9,6,31.6,15.8,2012,20
MCI,1,4,3,1,3,0,0,15,12,6,2,5,0,6.5,7,46.7,26.7,2012,20
MUN,1,2,0,2,0,0,1,17,15,1,8,6,0,5.6,7,41.2,11.8,2012,20
NEW,1,3,2,1,2,0,1,11,4,2,4,2,0,8.6,7,63.6,27.3,2012,20
NOR,1,3,2,1,2,0,3,11,6,2,6,4,0,8.8,4,36.4,27.3,2012,20
QPR,1,0,0,0,0,0,0,14,1,0,4,1,0,6.6,6,42.9,0.0,2012,20
RDG,1,1,1,0,1,0,0,3,2,2,0,0,0,31.7,2,66.7,33.3,2012,20
SOU,1,3,2,1,2,0,1,8,7,5,0,2,0,12.3,5,62.5,37.5,2012,20
STK,1,3,2,1,1,0,2,13,10,2,6,4,0,7.5,5,38.5,23.1,2012,20
SUN,1,1,1,0,1,0,1,8,6,2,4,3,0,12.0,4,50.0,12.5,2012,20
SWA,1,2,1,1,1,0,0,10,6,1,2,2,0,9.5,7,70.0,20.0,2012,20
TOT,1,2,1,1,1,0,1,17,9,6,3,5,1,5.6,8,47.1,11.8,2012,20
WBA,1,0,0,0,0,0,0,14,4,0,4,9,0,6.8,1,7.1,0.0,2012,20
WHU,1,0,0,0,0,0,0,13,10,2,4,2,0,7.3,3,23.1,0.0,2012,20
WIG,1,3,3,0,2,0,1,9,6,3,2,1,0,10.4,5,55.6,33.3,2012,20
ARS,1,1,0,1,0,0,1,6,2,0,0,3,0,15.7,1,16.7,16.7,2012,21
AVL,1,2,2,0,1,1,0,9,9,2,2,2,0,10.7,4,44.4,22.2,2012,21
CHE,1,0,0,0,0,0,0,26,9,1,3,11,0,3.6,2,7.7,0.0,2012,21
EVE,1,2,1,1,1,0,1,13,6,5,3,5,0,7.5,6,46.2,15.4,2012,21
FUL,1,2,1,1,1,0,0,10,2,1,0,2,0,9.5,3,30.0,20.0,2012,21
LIV,1,3,3,0,3,0,0,29,15,6,7,9,0,3.2,10,34.5,10.3,2012,21
MCI,1,3,3,0,3,1,1,20,12,5,4,6,1,4.7,6,30.0,15.0,2012,21
MUN,1,4,4,0,3,0,2,15,11,4,6,4,0,6.2,7,46.7,26.7,2012,21
NEW,1,1,1,0,1,0,1,17,9,5,6,8,1,5.7,5,29.4,5.9,2012,21
NOR,1,1,1,0,0,0,0,8,2,0,3,1,1,11.8,2,25.0,12.5,2012,21
QPR,1,1,0,1,0,0,1,7,1,0,2,1,0,13.4,3,42.9,14.3,2012,21
RDG,1,1,1,0,1,0,1,7,5,3,3,2,1,13.6,2,28.6,14.3,2012,21
SOU,1,1,1,0,0,0,0,9,4,0,0,2,0,10.4,5,55.6,11.1,2012,21
STK,1,0,0,0,0,0,0,5,3,1,2,3,0,18.8,1,20.0,0.0,2012,21
SUN,1,0,0,0,0,0,0,8,4,2,7,5,0,11.6,2,25.0,0.0,2012,21
SWA,1,2,2,0,1,0,0,25,15,5,4,9,1,3.8,6,24.0,8.0,2012,21
TOT,1,3,2,1,0,0,1,34,10,2,5,12,0,2.8,11,32.4,8.8,2012,21
WBA,1,1,1,0,1,0,0,18,14,2,4,6,2,5.3,4,22.2,5.6,2012,21
WHU,1,2,2,0,1,1,0,16,11,5,6,7,1,5.9,5,31.3,12.5,2012,21
WIG,1,0,0,0,0,0,0,8,1,0,1,4,0,11.6,0,0.0,0.0,2012,21
ARS,1,0,0,0,0,0,0,9,6,2,3,3,0,10.7,2,22.2,0.0,2012,22
AVL,1,0,0,0,0,0,0,16,8,3,2,5,1,6.0,5,31.3,0.0,2012,22
CHE,2,6,3,3,1,1,1,31,19,5,5,11,0,6.1,9,29.0,19.4,2012,22
EVE,1,0,0,0,0,0,0,18,14,4,7,5,0,5.3,5,27.8,0.0,2012,22
FUL,1,1,0,1,0,0,0,12,4,0,4,4,0,8.1,1,8.3,8.3,2012,22
LIV,1,1,1,0,1,0,0,13,7,2,1,3,0,7.3,3,23.1,7.7,2012,22
MCI,1,2,2,0,1,0,1,18,12,4,6,6,0,5.3,5,27.8,11.1,2012,22
MUN,1,2,2,0,2,0,1,15,10,6,4,6,0,6.3,4,26.7,13.3,2012,22
NEW,1,0,0,0,0,0,0,8,3,0,1,3,0,11.6,2,25.0,0.0,2012,22
NOR,1,0,0,0,0,0,0,12,7,1,3,2,1,7.8,2,16.7,0.0,2012,22
QPR,1,0,0,0,0,0,0,4,1,0,1,1,0,23.3,0,0.0,0.0,2012,22
RDG,1,3,3,0,3,1,1,8,7,4,2,2,0,11.9,6,75.0,37.5,2012,22
SOU,2,3,3,0,1,1,0,21,14,2,3,4,1,9.1,6,28.6,14.3,2012,22
STK,1,0,0,0,0,0,0,12,7,3,3,2,1,7.8,5,41.7,0.0,2012,22
SUN,1,3,2,1,2,0,0,18,12,4,2,7,1,5.2,7,38.9,16.7,2012,22
SWA,1,0,0,0,0,0,0,4,1,0,0,0,0,23.8,3,75.0,0.0,2012,22
TOT,1,0,0,0,0,0,0,18,5,1,6,3,0,5.2,7,38.9,0.0,2012,22
WBA,1,2,1,1,1,0,0,12,7,2,2,2,2,7.9,3,25.0,16.7,2012,22
WHU,1,0,0,0,0,0,0,11,9,2,6,3,0,8.5,3,27.3,0.0,2012,22
WIG,1,1,0,1,0,0,0,16,6,2,3,2,0,6.1,7,43.8,6.3,2012,22
ARS,2,6,5,1,3,0,1,36,20,5,10,13,0,5.5,15,41.7,16.7,2012,23
AVL,1,2,1,1,0,0,0,15,10,1,4,4,0,6.3,6,40.0,13.3,2012,23
CHE,1,2,2,0,2,1,0,14,9,3,4,3,0,6.9,6,42.9,14.3,2012,23
EVE,1,0,0,0,0,0,0,9,6,5,4,2,0,10.6,5,55.6,0.0,2012,23
FUL,1,0,0,0,0,0,0,2,1,0,0,0,1,47.5,0,0.0,0.0,2012,23
LIV,1,5,2,3,2,0,0,18,8,3,3,3,0,5.2,8,44.4,27.8,2012,23
MCI,1,2,2,0,2,0,0,20,12,5,3,4,0,4.8,6,30.0,10.0,2012,23
MUN,1,1,1,0,1,0,0,5,4,2,0,1,0,19.0,2,40.0,20.0,2012,23
NEW,1,1,0,1,0,0,1,16,9,3,3,3,0,5.9,7,43.8,6.3,2012,23
NOR,1,0,0,0,0,0,0,4,1,1,2,2,0,23.3,1,25.0,0.0,2012,23
QPR,1,1,0,1,1,0,0,9,3,1,2,4,0,10.6,2,22.2,11.1,2012,23
RDG,1,2,2,0,0,0,0,7,5,1,2,0,0,13.6,2,28.6,28.6,2012,23
SOU,1,0,0,0,0,0,0,16,9,3,8,9,1,5.9,3,18.8,0.0,2012,23
STK,1,1,1,0,1,0,1,10,7,3,7,2,0,9.4,2,20.0,10.0,2012,23
SUN,1,3,3,0,2,1,1,11,9,3,4,1,0,8.7,5,45.5,27.3,2012,23
SWA,1,3,2,1,2,0,1,15,9,5,5,4,0,6.3,3,20.0,20.0,2012,23
TOT,1,1,1,0,1,0,0,25,8,2,2,11,0,3.8,8,32.0,4.0,2012,23
WBA,1,2,1,1,1,0,1,29,12,2,6,8,0,3.3,6,20.7,6.9,2012,23
WHU,2,2,1,1,1,0,1,33,26,6,12,8,0,6.0,11,33.3,6.1,2012,23
WIG,1,2,1,1,1,0,0,23,11,1,7,5,1,4.2,6,26.1,8.7,2012,23
ARS,1,2,2,0,0,0,1,19,11,3,6,5,0,5.0,6,31.6,10.5,2012,24
AVL,1,1,1,0,1,1,0,12,7,3,2,2,1,7.9,5,41.7,8.3,2012,24
CHE,1,2,2,0,0,0,1,15,8,2,3,3,0,6.5,4,26.7,13.3,2012,24
EVE,1,2,2,0,1,1,0,16,9,3,3,3,2,5.9,6,37.5,12.5,2012,24
FUL,1,3,2,1,2,0,1,18,9,4,2,5,1,5.3,5,27.8,16.7,2012,24
LIV,1,2,2,0,2,0,0,13,10,4,2,4,0,7.3,4,30.8,15.4,2012,24
MCI,1,0,0,0,0,0,0,17,12,2,3,4,1,5.6,4,23.5,0.0,2012,24
MUN,1,2,2,0,2,0,1,11,8,4,2,1,1,8.5,5,45.5,18.2,2012,24
NEW,1,2,1,1,1,0,0,12,3,1,1,4,0,7.9,3,25.0,16.7,2012,24
NOR,1,1,1,0,1,0,0,9,2,1,1,1,0,10.4,1,11.1,11.1,2012,24
QPR,1,0,0,0,0,0,0,6,3,1,2,3,0,15.8,1,16.7,0.0,2012,24
RDG,1,2,2,0,0,0,1,5,3,0,2,0,0,19.4,2,40.0,40.0,2012,24
SOU,1,1,1,0,1,0,0,20,5,1,7,7,0,4.7,4,20.0,5.0,2012,24
STK,1,2,2,0,2,0,1,10,3,2,2,2,0,9.4,3,30.0,20.0,2012,24
SUN,1,0,0,0,0,0,0,3,1,0,3,1,0,31.0,0,0.0,0.0,2012,24
SWA,1,0,0,0,0,0,0,17,8,2,2,5,0,5.5,4,23.5,0.0,2012,24
TOT,1,1,1,0,0,0,0,13,8,1,3,6,0,7.2,4,30.8,7.7,2012,24
WBA,1,1,1,0,1,0,0,7,3,1,1,3,1,13.6,1,14.3,14.3,2012,24
WHU,1,1,1,0,0,0,1,12,9,0,3,1,0,8.0,4,33.3,8.3,2012,24
WIG,1,2,2,0,0,0,0,13,7,2,0,2,0,7.2,6,46.2,15.4,2012,24
ARS,1,1,0,1,0,0,1,23,12,3,6,10,0,4.2,5,21.7,4.3,2012,25
AVL,1,3,3,0,3,0,1,8,7,4,2,2,0,12.1,3,37.5,37.5,2012,25
CHE,1,2,1,1,0,0,0,17,10,1,3,5,0,5.6,5,29.4,11.8,2012,25
EVE,1,3,3,0,3,0,1,21,9,4,8,4,0,4.6,8,38.1,14.3,2012,25
FUL,1,0,0,0,0,0,0,16,7,0,6,6,0,5.9,4,25.0,0.0,2012,25
LIV,1,2,0,2,0,0,0,22,10,0,6,9,0,4.4,4,18.2,9.1,2012,25
MCI,1,2,1,1,1,0,0,11,6,1,5,2,0,8.7,3,27.3,18.2,2012,25
MUN,1,1,1,0,0,0,0,16,10,5,6,5,2,5.9,6,37.5,6.3,2012,25
NEW,1,3,2,1,1,0,0,21,11,3,2,4,0,4.5,11,52.4,14.3,2012,25
NOR,1,0,0,0,0,0,0,13,6,2,4,4,0,7.4,6,46.2,0.0,2012,25
QPR,1,0,0,0,0,0,0,16,8,2,6,4,0,6.0,4,25.0,0.0,2012,25
RDG,1,2,2,0,1,0,1,11,6,1,5,1,1,8.5,3,27.3,18.2,2012,25
SOU,1,2,2,0,2,0,0,17,11,3,3,6,1,5.5,2,11.8,11.8,2012,25
STK,1,0,0,0,0,0,0,7,2,0,3,2,0,13.7,1,14.3,0.0,2012,25
SUN,1,1,1,0,1,1,0,12,9,4,3,2,0,7.8,6,50.0,8.3,2012,25
SWA,1,0,0,0,0,0,0,10,5,0,2,2,0,9.5,3,30.0,0.0,2012,25
TOT,1,1,0,1,0,0,0,21,10,0,4,7,0,4.5,7,33.3,4.8,2012,25
WBA,1,0,0,0,0,0,0,5,3,2,0,0,0,19.0,3,60.0,0.0,2012,25
WHU,1,1,1,0,0,0,1,16,10,1,2,2,0,5.9,7,43.8,6.3,2012,25
WIG,1,2,2,0,1,0,2,7,5,1,3,2,0,13.3,3,42.9,28.6,2012,25
ARS,1,1,1,0,0,0,0,19,11,2,1,2,1,5.0,8,42.1,5.3,2012,26
AVL,1,2,1,1,1,1,1,10,7,2,6,2,0,9.5,3,30.0,20.0,2012,26
CHE,1,4,3,1,2,0,0,27,15,3,7,7,0,3.5,12,44.4,14.8,2012,26
EVE,1,0,0,0,0,0,0,11,6,0,7,6,0,8.5,2,18.2,0.0,2012,26
FUL,1,0,0,0,0,0,0,7,2,0,1,4,0,13.6,1,14.3,0.0,2012,26
LIV,2,5,5,0,3,2,0,60,31,10,15,18,1,3.2,17,28.3,8.3,2012,26
MCI,1,1,1,0,1,0,0,8,3,2,3,3,0,12.0,4,50.0,12.5,2012,26
MUN,1,2,2,0,2,0,0,11,7,6,4,2,1,8.5,5,45.5,18.2,2012,26
NEW,1,1,1,0,0,0,0,10,3,0,2,4,0,9.9,3,30.0,10.0,2012,26
NOR,1,0,0,0,0,0,0,15,7,1,5,4,0,6.3,4,26.7,0.0,2012,26
QPR,1,1,1,0,1,0,0,18,7,1,2,9,1,5.2,3,16.7,5.6,2012,26
RDG,1,1,1,0,0,0,1,7,3,0,3,3,0,13.6,2,28.6,14.3,2012,26
SOU,1,3,2,1,2,0,0,15,10,3,3,4,0,6.4,4,26.7,20.0,2012,26
STK,1,2,2,0,0,0,1,12,10,0,5,3,0,7.9,6,50.0,16.7,2012,26
SUN,1,0,0,0,0,0,0,15,11,4,6,2,0,6.3,6,40.0,0.0,2012,26
SWA,2,4,4,0,3,0,0,18,12,3,2,5,0,10.4,11,61.1,22.2,2012,26
TOT,1,2,1,1,1,0,1,18,11,3,3,4,0,5.5,5,27.8,11.1,2012,26
WBA,1,2,2,0,1,0,1,5,2,1,1,1,0,19.2,3,60.0,40.0,2012,26
WHU,1,1,0,1,0,0,0,15,11,1,6,6,0,6.3,3,20.0,6.7,2012,26
WIG,1,1,1,0,0,0,0,14,8,0,3,5,0,6.8,6,42.9,7.1,2012,26
ARS,1,2,2,0,1,0,0,26,17,4,4,8,0,3.7,7,26.9,7.7,2012,27
AVL,1,1,0,1,0,0,0,8,6,1,2,2,0,11.9,3,37.5,12.5,2012,27
CHE,1,0,0,0,0,0,0,9,4,1,3,4,0,10.7,2,22.2,0.0,2012,27
EVE,1,1,1,0,1,0,0,15,5,2,2,2,0,6.3,3,20.0,6.7,2012,27
FUL,1,1,1,0,0,0,0,20,11,1,2,5,0,4.8,4,20.0,5.0,2012,27
MCI,1,2,1,1,0,0,0,15,10,2,3,4,0,6.4,6,40.0,13.3,2012,27
MUN,1,2,1,1,1,0,0,14,11,3,2,4,0,6.7,6,42.9,14.3,2012,27
NEW,1,4,2,2,2,1,1,14,8,3,6,4,0,6.8,4,28.6,28.6,2012,27
NOR,1,2,2,0,2,0,1,10,7,4,2,4,0,9.5,5,50.0,20.0,2012,27
QPR,1,0,0,0,0,0,0,14,5,0,3,6,0,6.7,2,14.3,0.0,2012,27
RDG,1,0,0,0,0,0,0,7,5,1,2,1,0,13.4,0,0.0,0.0,2012,27
SOU,1,2,2,0,1,0,0,11,4,1,2,3,0,8.6,3,27.3,18.2,2012,27
STK,1,0,0,0,0,0,0,10,6,2,3,2,0,9.5,3,30.0,0.0,2012,27
SUN,1,1,1,0,0,0,0,13,9,4,1,4,1,7.2,4,30.8,7.7,2012,27
TOT,1,3,1,2,1,0,1,27,13,4,13,5,0,3.5,13,48.1,11.1,2012,27
WBA,1,2,2,0,1,1,0,19,13,2,4,4,0,4.9,6,31.6,10.5,2012,27
WHU,1,2,2,0,1,1,0,14,8,2,4,5,0,6.8,6,42.9,14.3,2012,27
WIG,1,3,3,0,2,0,1,17,12,2,7,4,0,5.5,7,41.2,17.6,2012,27
ARS,1,1,1,0,0,0,1,11,7,0,4,5,0,8.8,2,18.2,9.1,2012,28
AVL,1,0,0,0,0,0,0,10,6,0,4,5,0,9.5,0,0.0,0.0,2012,28
CHE,1,1,1,0,1,0,1,24,15,3,7,9,0,4.0,9,37.5,4.2,2012,28
EVE,1,3,2,1,1,0,0,21,14,5,1,6,0,4.5,8,38.1,14.3,2012,28
FUL,1,2,2,0,2,1,0,10,7,3,1,2,0,9.5,5,50.0,20.0,2012,28
LIV,1,4,3,1,2,0,1,8,6,2,2,2,0,11.6,5,62.5,50.0,2012,28
MCI,1,1,1,0,1,0,0,20,11,1,6,6,0,4.8,7,35.0,5.0,2012,28
MUN,1,4,3,1,3,0,0,19,12,3,2,8,0,5.0,7,36.8,21.1,2012,28
NEW,1,0,0,0,0,0,0,17,8,1,5,4,0,5.5,5,29.4,0.0,2012,28
NOR,1,0,0,0,0,0,0,1,0,0,0,1,0,95.0,0,0.0,0.0,2012,28
QPR,1,2,2,0,2,0,0,7,5,2,4,2,0,13.7,3,42.9,28.6,2012,28
RDG,1,1,1,0,1,0,0,14,5,1,6,2,1,6.7,5,35.7,7.1,2012,28
SOU,1,1,1,0,1,0,0,21,7,1,3,6,0,4.6,7,33.3,4.8,2012,28
STK,1,0,0,0,0,0,0,9,2,0,2,1,1,10.7,2,22.2,0.0,2012,28
SUN,1,2,2,0,1,1,0,18,11,2,2,5,0,5.3,5,27.8,11.1,2012,28
SWA,1,1,1,0,1,0,0,12,9,3,4,3,0,7.8,5,41.7,8.3,2012,28
TOT,1,2,2,0,2,0,0,11,6,4,2,2,0,8.8,4,36.4,18.2,2012,28
WBA,1,0,0,0,0,0,0,7,3,0,5,0,0,13.7,3,42.9,0.0,2012,28
WHU,1,1,1,0,1,0,0,12,7,2,2,5,0,8.0,3,25.0,8.3,2012,28
WIG,1,0,0,0,0,0,0,14,7,1,4,3,0,6.6,6,42.9,0.0,2012,28
AVL,1,2,2,0,1,0,0,19,10,4,3,4,2,4.9,4,21.1,10.5,2012,29
LIV,1,3,3,0,3,1,0,12,8,4,1,2,0,7.8,4,33.3,25.0,2012,29
NEW,1,2,1,1,1,0,1,16,3,2,3,4,0,6.0,4,25.0,12.5,2012,29
NOR,1,0,0,0,0,0,0,6,2,2,3,2,0,15.7,2,33.3,0.0,2012,29
QPR,1,3,1,2,1,0,1,15,6,2,3,2,0,6.4,6,40.0,20.0,2012,29
RDG,1,1,0,1,0,0,0,9,5,1,1,0,0,10.4,3,33.3,11.1,2012,29
SOU,1,0,0,0,0,0,0,15,8,2,4,3,0,6.3,5,33.3,0.0,2012,29
STK,1,1,1,0,1,1,0,8,3,1,4,2,0,12.0,4,50.0,12.5,2012,29
SUN,1,1,1,0,1,0,0,9,5,1,2,2,0,10.7,2,22.2,11.1,2012,29
SWA,1,1,1,0,0,0,1,11,7,1,5,3,0,8.6,2,18.2,9.1,2012,29
TOT,1,2,2,0,0,0,1,16,8,0,3,3,0,5.9,7,43.8,12.5,2012,29
WBA,1,2,1,1,0,0,1,14,9,1,2,4,0,6.8,4,28.6,14.3,2012,29
ARS,1,2,2,0,1,0,0,16,7,1,2,5,2,5.9,6,37.5,12.5,2012,30
AVL,1,3,3,0,2,0,1,13,8,3,5,2,0,7.4,6,46.2,23.1,2012,30
CHE,1,2,2,0,1,0,0,24,15,4,5,4,0,3.9,11,45.8,8.3,2012,30
EVE,1,2,0,2,0,0,0,12,6,1,6,5,0,7.9,3,25.0,16.7,2012,30
FUL,1,1,1,0,1,0,0,7,3,2,2,0,0,13.6,2,28.6,14.3,2012,30
LIV,1,1,1,0,1,0,0,10,7,3,2,3,0,9.4,5,50.0,10.0,2012,30
MCI,1,0,0,0,0,0,0,20,10,5,6,6,0,4.8,8,40.0,0.0,2012,30
MUN,1,1,1,1,0,0,0,16,5,0,2,3,0,6.0,4,25.0,6.3,2012,30
NEW,1,1,1,0,0,0,0,9,8,2,3,2,0,10.6,2,22.2,11.1,2012,30
NOR,1,1,1,0,1,0,1,8,3,2,6,2,0,11.9,1,12.5,12.5,2012,30
QPR,1,2,1,1,1,0,0,21,12,3,9,6,1,4.6,7,33.3,9.5,2012,30
RDG,1,0,0,0,0,0,0,6,3,0,2,4,0,16.0,0,0.0,0.0,2012,30
SOU,1,3,2,1,1,0,1,18,11,5,2,2,0,5.2,11,61.1,16.7,2012,30
STK,1,0,0,0,0,0,0,17,11,1,8,7,0,5.5,1,5.9,0.0,2012,30
SUN,1,1,1,0,1,1,0,15,6,3,4,4,0,6.3,6,40.0,6.7,2012,30
SWA,1,0,0,0,0,0,0,9,4,0,1,2,0,10.4,0,0.0,0.0,2012,30
TOT,1,0,0,0,0,0,0,15,6,1,4,4,0,6.3,3,20.0,0.0,2012,30
WBA,1,0,0,0,0,0,0,9,2,0,1,1,0,10.4,4,44.4,0.0,2012,30
WHU,1,0,0,0,0,0,0,13,7,0,4,2,0,7.2,5,38.5,0.0,2012,30
WIG,1,2,2,0,2,0,1,16,10,3,6,8,0,5.9,4,25.0,12.5,2012,30
ARS,1,4,3,1,2,1,0,26,19,3,2,11,0,3.6,6,23.1,15.4,2012,31
AVL,1,1,0,1,0,0,0,10,5,2,5,4,0,9.4,3,30.0,10.0,2012,31
CHE,1,1,1,0,1,0,1,9,6,1,3,2,0,10.6,2,22.2,11.1,2012,31
EVE,1,1,1,0,1,0,0,18,8,1,3,5,0,5.2,6,33.3,5.6,2012,31
FUL,1,3,2,1,1,1,0,9,5,1,3,2,0,10.7,3,33.3,33.3,2012,31
LIV,1,2,2,0,2,1,0,23,13,4,5,11,0,4.1,7,30.4,8.7,2012,31
MCI,1,4,4,1,2,0,1,21,14,5,7,4,0,4.4,9,42.9,19.0,2012,31
MUN,1,1,0,1,0,0,0,14,11,1,7,2,0,6.9,8,57.1,7.1,2012,31
NEW,1,0,0,0,0,0,0,5,3,0,0,0,1,18.6,1,20.0,0.0,2012,31
NOR,1,0,0,0,0,0,0,7,1,0,3,3,0,13.4,0,0.0,0.0,2012,31
QPR,1,2,1,1,1,0,0,21,8,2,5,7,0,4.6,7,33.3,9.5,2012,31
RDG,1,1,1,0,1,0,0,5,4,1,2,0,0,18.8,2,40.0,20.0,2012,31
SOU,1,2,1,1,1,0,1,12,7,1,4,3,0,7.9,4,33.3,16.7,2012,31
STK,1,0,0,0,0,0,0,11,6,2,6,3,1,8.5,3,27.3,0.0,2012,31
SUN,1,0,0,0,0,0,0,9,2,0,3,3,0,10.8,1,11.1,0.0,2012,31
SWA,1,1,1,0,0,0,1,15,11,2,3,4,1,6.4,3,20.0,6.7,2012,31
TOT,1,2,1,1,1,0,0,10,7,2,0,1,1,9.6,7,70.0,20.0,2012,31
WBA,1,1,1,0,1,1,0,19,7,1,2,5,0,5.1,7,36.8,5.3,2012,31
WHU,1,3,2,1,0,0,2,14,8,1,5,3,0,6.9,5,35.7,21.4,2012,31
WIG,1,1,1,0,0,0,0,14,9,1,3,4,0,6.7,2,14.3,7.1,2012,31
ARS,1,2,2,0,2,0,0,11,9,3,1,0,0,8.8,6,54.5,18.2,2012,32
AVL,1,3,2,1,2,0,2,12,7,2,6,3,1,7.9,6,50.0,25.0,2012,32
CHE,1,2,1,1,0,0,1,16,8,0,6,6,0,6.0,3,18.8,12.5,2012,32
EVE,1,2,2,0,1,0,1,9,4,1,2,1,0,10.6,4,44.4,22.2,2012,32
FUL,1,0,0,0,0,0,0,8,5,3,4,2,0,12.0,2,25.0,0.0,2012,32
LIV,1,0,0,0,0,0,0,20,8,2,2,6,1,4.8,7,35.0,0.0,2012,32
MCI,1,2,1,1,0,0,0,10,6,0,0,3,0,9.6,3,30.0,20.0,2012,32
MUN,1,1,0,1,0,0,1,15,10,1,5,1,1,6.4,5,33.3,6.7,2012,32
NEW,1,1,1,0,1,0,0,28,17,5,7,9,1,3.4,4,14.3,3.6,2012,32
NOR,1,2,2,0,2,0,1,12,6,3,6,4,0,7.9,4,33.3,16.7,2012,32
QPR,1,1,0,1,0,0,0,9,4,0,4,3,1,10.6,1,11.1,11.1,2012,32
RDG,1,0,0,0,0,0,0,10,7,1,9,2,0,9.4,2,20.0,0.0,2012,32
SOU,1,2,2,0,2,0,0,13,9,5,1,1,1,7.2,4,30.8,15.4,2012,32
STK,1,1,1,0,1,0,0,13,8,1,6,4,0,7.3,3,23.1,7.7,2012,32
SUN,1,1,0,1,0,0,1,8,4,0,2,2,0,12.0,0,0.0,12.5,2012,32
SWA,1,2,2,0,2,0,0,18,13,6,4,3,0,5.3,7,38.9,11.1,2012,32
TOT,1,2,2,0,2,0,0,20,5,2,0,5,1,4.8,7,35.0,10.0,2012,32
WBA,1,1,1,0,1,1,0,19,12,3,6,2,0,5.1,4,21.1,5.3,2012,32
WHU,1,0,0,0,0,0,0,11,8,1,1,5,0,8.7,0,0.0,0.0,2012,32
WIG,1,1,0,1,0,0,1,18,5,2,5,7,0,5.3,7,38.9,5.6,2012,32
ARS,2,3,2,1,1,1,0,25,20,4,7,8,1,7.7,9,36.0,12.0,2012,33
AVL,1,1,1,0,0,0,0,18,8,4,1,5,0,5.2,4,22.2,5.6,2012,33
CHE,1,3,2,1,1,0,1,17,10,1,4,5,0,5.5,7,41.2,17.6,2012,33
EVE,2,2,1,1,1,0,1,25,13,3,9,10,1,7.6,7,28.0,8.0,2012,33
FUL,2,1,0,1,0,0,1,21,9,3,4,8,1,9.0,2,9.5,4.8,2012,33
LIV,1,0,0,0,0,0,0,28,16,4,5,6,1,3.4,10,35.7,0.0,2012,33
MCI,1,1,1,0,0,0,0,12,3,1,2,3,0,7.9,2,16.7,8.3,2012,33
MUN,2,4,4,0,3,1,1,28,21,3,7,7,0,6.8,9,32.1,14.3,2012,33
NEW,1,0,0,0,0,0,0,19,12,2,5,5,0,5.1,5,26.3,0.0,2012,33
NOR,1,1,1,0,1,0,1,5,4,1,3,1,0,19.4,4,80.0,20.0,2012,33
QPR,1,0,0,0,0,0,0,10,4,1,0,4,0,9.5,3,30.0,0.0,2012,33
RDG,1,0,0,0,0,0,0,9,4,1,3,4,0,10.6,2,22.2,0.0,2012,33
SOU,1,1,1,0,0,0,0,19,7,1,7,11,0,4.9,5,26.3,5.3,2012,33
STK,1,0,0,0,0,0,0,13,6,0,5,1,0,7.2,3,23.1,0.0,2012,33
SUN,1,3,1,2,0,0,0,10,4,1,4,2,0,9.6,6,60.0,30.0,2012,33
WHU,2,3,1,2,1,0,1,20,11,1,3,5,0,9.5,5,25.0,15.0,2012,33
WIG,1,0,0,0,0,0,0,10,5,1,3,5,0,9.5,3,30.0,0.0,2012,33
ARS,1,1,1,0,1,0,1,11,7,2,5,4,1,8.6,3,27.3,9.1,2012,34
AVL,1,0,0,0,0,0,0,9,3,1,4,2,0,10.3,3,33.3,0.0,2012,34
CHE,1,2,2,0,1,1,1,11,5,1,5,3,0,8.9,5,45.5,18.2,2012,34
EVE,1,0,0,0,0,0,0,11,9,1,5,5,0,8.5,1,9.1,0.0,2012,34
FUL,1,0,0,0,0,0,0,7,2,0,4,2,0,13.6,3,42.9,0.0,2012,34
LIV,1,2,2,0,2,0,0,21,11,5,4,3,1,4.7,8,38.1,9.5,2012,34
MCI,1,1,1,0,1,0,0,11,3,2,4,3,0,8.5,4,36.4,9.1,2012,34
MUN,1,3,2,1,2,0,0,12,8,3,2,3,1,7.8,3,25.0,25.0,2012,34
NEW,1,1,1,0,1,0,0,10,6,3,1,1,0,9.5,6,60.0,10.0,2012,34
NOR,1,2,2,0,1,0,1,20,14,2,8,1,0,4.8,8,40.0,10.0,2012,34
QPR,1,0,0,0,0,0,0,23,6,0,8,4,0,4.1,5,21.7,0.0,2012,34
RDG,1,1,0,1,0,0,0,16,8,1,1,6,0,6.0,2,12.5,6.3,2012,34
SOU,1,0,0,0,0,0,0,9,2,0,4,2,0,10.4,4,44.4,0.0,2012,34
STK,1,2,2,0,2,1,0,14,9,2,6,2,1,6.8,4,28.6,14.3,2012,34
SUN,1,1,0,1,0,0,0,8,2,1,3,0,1,11.8,4,50.0,12.5,2012,34
SWA,1,0,0,0,0,0,0,14,8,2,1,7,0,6.7,2,14.3,0.0,2012,34
TOT,1,3,3,0,2,0,0,11,7,3,3,2,0,8.5,6,54.5,27.3,2012,34
WBA,1,1,1,0,1,0,0,11,8,4,6,1,1,8.6,4,36.4,9.1,2012,34
WHU,1,2,1,1,0,0,1,20,10,0,9,5,0,4.8,8,40.0,10.0,2012,34
WIG,1,0,0,0,0,0,0,19,6,2,2,4,0,5.0,8,42.1,0.0,2012,34
ARS,1,1,1,0,1,0,0,19,7,1,4,7,0,5.0,6,31.6,5.3,2012,35
AVL,1,6,5,1,3,0,1,16,10,4,3,5,0,5.9,10,62.5,37.5,2012,35
CHE,1,2,2,0,1,1,0,24,15,3,6,9,0,3.9,8,33.3,8.3,2012,35
EVE,1,1,1,0,1,0,0,21,14,5,7,8,0,4.5,4,19.0,4.8,2012,35
FUL,1,0,0,0,0,0,0,6,3,0,1,3,0,15.8,0,0.0,0.0,2012,35
LIV,1,6,5,1,4,0,2,16,11,4,5,4,0,5.8,9,56.3,37.5,2012,35
MCI,1,2,1,1,1,0,0,17,10,5,2,3,1,5.6,8,47.1,11.8,2012,35
MUN,1,1,1,0,1,1,0,12,9,5,1,3,0,7.9,4,33.3,8.3,2012,35
NEW,1,0,0,0,0,0,0,11,6,1,3,5,0,8.5,2,18.2,0.0,2012,35
NOR,1,0,0,0,0,0,0,6,4,0,3,1,0,16.0,0,0.0,0.0,2012,35
QPR,1,0,0,0,0,0,0,15,6,1,4,3,1,6.3,2,13.3,0.0,2012,35
RDG,1,0,0,0,0,0,0,16,11,5,6,6,0,5.9,4,25.0,0.0,2012,35
SOU,1,0,0,0,0,0,0,17,6,1,3,2,1,5.5,3,17.6,0.0,2012,35
STK,1,1,1,0,1,0,0,12,7,2,6,1,0,8.0,3,25.0,8.3,2012,35
SUN,1,1,1,0,1,0,0,10,6,1,3,4,0,9.5,2,20.0,10.0,2012,35
SWA,1,0,0,0,0,0,0,13,9,0,0,5,0,7.2,3,23.1,0.0,2012,35
TOT,1,2,1,1,0,0,1,15,6,0,6,4,1,6.4,3,20.0,13.3,2012,35
WBA,1,3,3,0,3,0,1,10,9,8,3,1,0,9.4,8,80.0,30.0,2012,35
WHU,1,1,1,0,0,0,0,11,10,0,6,4,0,8.6,3,27.3,9.1,2012,35
WIG,1,2,1,1,0,0,1,7,4,0,1,0,0,13.7,5,71.4,28.6,2012,35
ARS,1,1,1,0,1,0,0,12,4,1,2,5,0,7.8,7,58.3,8.3,2012,36
AVL,1,2,1,1,1,0,0,13,4,2,0,3,0,7.4,4,30.8,15.4,2012,36
CHE,2,3,3,1,1,0,1,32,16,3,10,9,0,5.9,8,25.0,9.4,2012,36
EVE,1,0,0,0,0,0,0,11,3,1,3,2,0,8.5,2,18.2,0.0,2012,36
FUL,1,2,2,0,1,0,0,22,15,4,4,6,2,4.3,9,40.9,9.1,2012,36
LIV,1,0,0,0,0,0,0,15,8,1,3,5,0,6.3,2,13.3,0.0,2012,36
MCI,2,1,1,0,0,0,0,36,24,12,4,14,1,5.2,10,27.8,2.8,2012,36
MUN,1,0,0,0,0,0,0,10,6,0,1,2,0,9.5,2,20.0,0.0,2012,36
NEW,1,0,0,0,0,0,0,12,3,2,4,5,0,7.8,2,16.7,0.0,2012,36
NOR,1,1,1,0,1,1,0,9,6,1,3,2,0,10.7,2,22.2,11.1,2012,36
QPR,1,0,0,0,0,0,0,13,3,0,1,3,0,7.2,4,30.8,0.0,2012,36
RDG,1,4,4,0,1,1,0,21,12,2,3,5,0,4.5,10,47.6,19.0,2012,36
SOU,1,0,0,0,0,0,0,8,5,2,5,2,0,11.9,3,37.5,0.0,2012,36
STK,1,1,1,0,1,0,1,12,7,2,4,4,0,7.8,3,25.0,8.3,2012,36
SUN,1,1,1,0,1,0,1,15,3,1,4,6,1,6.3,2,13.3,6.7,2012,36
SWA,2,3,2,1,1,0,0,19,12,3,6,4,0,10.2,5,26.3,15.8,2012,36
TOT,2,3,1,2,0,0,0,20,10,0,4,4,0,9.5,6,30.0,15.0,2012,36
WBA,2,2,2,0,1,0,1,38,17,2,11,11,1,5.0,14,36.8,5.3,2012,36
WHU,1,0,0,0,0,0,0,10,9,1,4,3,0,9.5,3,30.0,0.0,2012,36
WIG,2,5,5,0,2,0,0,30,19,2,11,7,0,6.5,13,43.3,16.7,2012,36
ARS,1,4,4,0,4,0,1,21,14,6,2,4,0,4.4,10,47.6,19.0,2012,37
AVL,1,1,1,0,0,0,0,15,9,0,1,7,0,6.6,2,13.3,6.7,2012,37
CHE,1,2,2,0,1,0,0,15,6,2,6,7,0,6.6,5,33.3,13.3,2012,37
EVE,1,2,1,2,0,0,0,28,17,4,4,10,0,3.4,7,25.0,7.1,2012,37
FUL,1,1,1,0,1,0,0,10,3,1,3,3,0,9.4,5,50.0,10.0,2012,37
LIV,1,3,3,0,2,0,0,20,15,4,1,6,1,4.7,7,35.0,15.0,2012,37
MCI,1,2,2,0,0,0,1,30,20,3,3,11,0,3.1,11,36.7,6.7,2012,37
MUN,1,2,2,0,2,0,2,15,9,2,3,2,1,6.3,6,40.0,13.3,2012,37
NEW,1,2,1,1,2,1,0,11,4,3,3,5,0,8.5,3,27.3,18.2,2012,37
NOR,1,4,2,2,2,0,1,12,6,5,2,1,0,7.8,7,58.3,33.3,2012,37
QPR,1,1,1,0,1,1,0,10,4,1,3,3,0,9.4,2,20.0,10.0,2012,37
RDG,1,0,0,0,0,0,0,12,6,1,2,3,0,7.8,6,50.0,0.0,2012,37
SOU,1,1,1,0,1,0,0,17,10,3,5,6,0,5.5,8,47.1,5.9,2012,37
STK,1,1,1,0,1,0,1,6,4,2,3,2,0,15.8,1,16.7,16.7,2012,37
SUN,1,1,1,0,0,0,0,6,2,1,1,3,0,15.5,2,33.3,16.7,2012,37
SWA,1,1,1,0,0,0,0,9,9,0,3,2,0,10.4,2,22.2,11.1,2012,37
TOT,1,2,1,1,1,0,0,25,10,3,8,10,0,3.8,7,28.0,8.0,2012,37
WBA,1,0,0,0,0,0,0,8,3,0,0,2,0,11.8,4,50.0,0.0,2012,37
WHU,1,0,0,0,0,0,0,7,4,0,0,0,1,13.4,2,28.6,0.0,2012,37
WIG,1,1,0,1,0,0,1,11,4,1,5,4,0,8.5,2,18.2,9.1,2012,37
ARS,1,1,1,0,1,0,1,10,7,2,6,2,1,9.5,2,20.0,10.0,2012,38
AVL,1,2,1,1,0,0,1,8,3,0,3,3,0,11.8,3,37.5,25.0,2012,38
CHE,1,2,2,0,1,0,0,23,15,1,6,7,0,4.0,6,26.1,8.7,2012,38
EVE,1,1,1,0,1,0,0,20,12,4,2,5,0,4.7,7,35.0,5.0,2012,38
FUL,1,3,2,1,2,0,0,9,6,3,2,1,1,10.6,5,55.6,33.3,2012,38
LIV,1,1,0,1,0,0,0,28,12,0,5,14,1,3.4,7,25.0,3.6,2012,38
MCI,1,2,2,0,0,0,0,14,12,2,3,5,0,6.7,3,21.4,14.3,2012,38
MUN,1,5,4,1,3,0,0,15,13,5,2,5,0,6.3,6,40.0,33.3,2012,38
NEW,1,0,0,0,0,0,0,7,3,0,0,2,0,13.6,1,14.3,0.0,2012,38
NOR,1,3,3,0,2,0,0,17,11,3,7,4,0,5.5,6,35.3,17.6,2012,38
QPR,1,0,0,0,0,0,0,11,2,1,1,4,0,8.5,0,0.0,0.0,2012,38
RDG,1,2,1,1,1,0,1,17,9,1,1,2,0,5.5,6,35.3,11.8,2012,38
SOU,1,1,1,0,1,0,1,12,7,2,1,1,0,7.8,7,58.3,8.3,2012,38
STK,1,1,1,0,0,0,0,8,4,0,4,0,0,11.8,3,37.5,12.5,2012,38
SUN,1,0,0,0,0,0,0,8,5,1,0,2,0,11.9,3,37.5,0.0,2012,38
SWA,1,0,0,0,0,0,0,27,16,2,1,7,0,3.5,10,37.0,0.0,2012,38
TOT,1,1,0,1,0,0,0,35,20,2,11,17,0,2.7,11,31.4,2.9,2012,38
WBA,1,5,4,1,3,0,0,19,12,7,3,6,1,4.9,6,31.6,26.3,2012,38
WHU,1,4,4,0,3,0,0,21,11,6,3,2,1,4.4,10,47.6,19.0,2012,38
WIG,1,2,1,1,0,0,1,17,10,2,5,7,2,5.5,3,17.6,11.8,2012,38
