Team,Games Played,GoalsTotal,GoalsIn,GoalsOut,GoalsBCS,GoalsPen,GoalsSP,AttemptsTotal,AttemptsIn,AttemptsBCT,AttemptsSP,AttemptsBlkd,AttemptsHit WW,AttemptsMins Per Chance,AttemptsOn Target,Conversion %Shots,Conversion %Goals,Season,GW ID
ARS,1,1,1,0,1,0,0,8,7,2,2,2,0,11.9,2,25.0,12.5,2019,1
AVL,1,1,1,0,1,0,0,7,4,1,1,1,0,13.4,4,57.1,14.3,2019,1
BOU,1,1,1,0,1,0,1,13,7,2,10,3,0,7.3,3,23.1,7.7,2019,1
BHA,1,3,2,1,2,0,0,5,3,2,0,0,0,19.0,3,60.0,60.0,2019,1
BUR,1,3,3,0,1,0,0,10,8,1,2,2,0,9.4,4,40.0,30.0,2019,1
CHE,1,0,0,0,0,0,0,18,9,1,4,4,2,5.3,7,38.9,0.0,2019,1
CRY,1,0,0,0,0,0,0,6,6,1,2,4,0,15.8,2,33.3,0.0,2019,1
EVE,1,0,0,0,0,0,0,10,7,2,1,5,0,9.5,2,20.0,0.0,2019,1
LEI,1,0,0,0,0,0,0,16,3,1,5,5,0,5.9,1,6.3,0.0,2019,1
LIV,1,4,3,1,2,0,1,15,11,3,3,3,1,6.2,7,46.7,26.7,2019,1
MCI,1,5,5,0,4,1,0,14,10,5,0,2,0,6.9,9,64.3,35.7,2019,1
MUN,1,4,3,1,3,1,0,11,7,3,0,4,0,8.6,5,45.5,36.4,2019,1
NEW,1,0,0,0,0,0,0,9,4,0,3,3,0,10.6,2,22.2,0.0,2019,1
NOR,1,1,1,0,1,0,0,12,8,1,2,2,1,7.8,5,41.7,8.3,2019,1
SHU,1,1,1,0,1,0,1,8,3,4,4,1,0,11.9,3,37.5,12.5,2019,1
SOU,1,0,0,0,0,0,0,11,5,1,5,3,0,8.5,3,27.3,0.0,2019,1
TOT,1,3,1,2,1,0,1,31,17,4,7,11,0,3.0,6,19.4,9.7,2019,1
WAT,1,0,0,0,0,0,0,11,4,0,6,4,0,8.6,3,27.3,0.0,2019,1
WHU,1,0,0,0,0,0,0,5,4,2,3,0,0,19.2,3,60.0,0.0,2019,1
WOL,1,0,0,0,0,0,0,8,5,1,2,2,0,11.9,2,25.0,0.0,2019,1
ARS,1,2,1,1,0,0,1,15,8,2,3,3,0,6.4,9,60.0,13.3,2019,2
AVL,1,1,0,1,0,0,1,21,11,2,5,5,0,4.6,7,33.3,4.8,2019,2
BOU,1,2,1,1,1,1,0,12,8,2,1,4,0,8.0,4,33.3,16.7,2019,2
BHA,1,1,0,1,0,0,0,16,12,5,4,3,0,5.9,4,25.0,6.3,2019,2
BUR,1,1,1,0,1,0,0,18,13,2,9,5,0,5.3,4,22.2,5.6,2019,2
CHE,1,1,1,0,0,0,0,14,9,1,3,2,0,6.8,5,35.7,7.1,2019,2
CRY,1,0,0,0,0,0,0,6,2,0,1,2,0,16.2,4,66.7,0.0,2019,2
EVE,1,1,1,0,0,0,0,12,7,1,5,4,0,8.0,2,16.7,8.3,2019,2
LEI,1,1,1,0,1,0,1,12,6,3,4,2,0,7.9,3,25.0,8.3,2019,2
LIV,1,2,2,1,0,0,0,15,9,3,5,3,0,6.3,6,40.0,13.3,2019,2
MCI,1,2,2,0,2,0,0,30,22,4,7,12,1,3.2,10,33.3,6.7,2019,2
MUN,1,1,1,0,0,0,0,9,5,1,4,3,0,10.6,2,22.2,11.1,2019,2
NEW,1,1,1,0,0,0,0,12,10,2,4,1,0,7.9,4,33.3,8.3,2019,2
NOR,1,3,3,0,1,0,1,15,12,3,3,4,0,6.3,8,53.3,20.0,2019,2
SHU,1,1,1,0,1,0,0,15,10,2,5,6,0,6.5,3,20.0,6.7,2019,2
SOU,1,1,1,0,0,0,0,14,9,4,5,4,0,6.8,3,21.4,7.1,2019,2
TOT,1,2,1,1,0,0,1,3,1,0,1,0,0,32.3,2,66.7,66.7,2019,2
WAT,1,0,0,0,0,0,0,8,5,3,3,2,1,12.0,2,25.0,0.0,2019,2
WHU,1,1,1,0,1,0,0,8,4,2,1,1,0,11.9,3,37.5,12.5,2019,2
WOL,1,1,0,1,0,0,1,6,5,0,3,1,1,15.8,2,33.3,16.7,2019,2
ARS,1,1,1,0,0,0,0,9,4,2,2,2,0,10.6,3,33.3,11.1,2019,3
AVL,1,2,2,0,2,0,0,7,3,2,0,2,0,13.9,3,42.9,28.6,2019,3
BOU,1,1,0,1,0,0,1,10,8,3,4,1,0,9.5,7,70.0,10.0,2019,3
BHA,1,0,0,0,0,0,0,12,9,1,5,3,1,8.0,3,25.0,0.0,2019,3
BUR,1,1,0,1,0,0,0,13,8,2,3,3,1,7.6,4,30.8,7.7,2019,3
CHE,1,3,2,1,1,0,0,23,12,2,2,10,0,4.2,8,34.8,13.0,2019,3
CRY,1,2,2,0,1,0,0,5,5,2,1,1,0,19.2,3,60.0,40.0,2019,3
EVE,1,0,0,0,0,0,0,12,7,2,4,4,1,8.1,1,8.3,0.0,2019,3
LEI,1,2,2,0,1,0,1,10,5,1,3,4,0,9.5,2,20.0,20.0,2019,3
LIV,1,3,3,0,2,1,1,25,17,4,6,14,0,3.8,5,20.0,12.0,2019,3
MCI,1,3,3,0,3,0,0,18,14,5,3,9,0,5.3,5,27.8,16.7,2019,3
MUN,1,1,1,0,0,0,0,22,14,3,9,6,1,4.4,3,13.6,4.5,2019,3
NEW,1,1,1,0,1,0,0,8,7,1,3,3,0,12.1,3,37.5,12.5,2019,3
NOR,1,2,2,0,1,0,0,6,5,1,3,0,1,16.2,5,83.3,33.3,2019,3
SHU,1,1,1,0,0,0,0,7,4,1,3,2,0,13.6,2,28.6,14.3,2019,3
SOU,1,2,1,1,1,0,0,12,6,3,5,3,0,8.0,4,33.3,16.7,2019,3
TOT,1,0,0,0,0,0,0,17,8,1,1,7,0,5.7,2,11.8,0.0,2019,3
WAT,1,1,1,0,0,0,0,23,19,3,5,10,1,4.1,3,13.0,4.3,2019,3
WHU,1,3,3,0,3,1,1,16,13,5,5,2,1,5.9,10,62.5,18.8,2019,3
WOL,1,1,1,0,1,1,0,17,9,1,5,7,1,5.8,2,11.8,5.9,2019,3
ARS,1,2,2,0,2,0,0,26,13,2,8,8,0,3.7,8,30.8,7.7,2019,4
AVL,1,0,0,0,0,0,0,10,3,0,4,5,0,9.8,2,20.0,0.0,2019,4
BOU,1,1,1,0,1,0,0,8,3,1,1,4,0,12.3,2,25.0,12.5,2019,4
BHA,1,0,0,0,0,0,0,6,5,2,2,4,0,15.5,1,16.7,0.0,2019,4
BUR,1,0,0,0,0,0,0,7,4,1,1,1,0,13.4,2,28.6,0.0,2019,4
CHE,1,2,2,0,2,0,0,13,8,4,3,3,0,7.3,5,38.5,15.4,2019,4
CRY,1,1,1,0,0,0,0,22,14,1,12,7,0,4.5,5,22.7,4.5,2019,4
EVE,1,3,3,0,2,0,0,15,11,2,6,6,0,6.4,6,40.0,20.0,2019,4
LEI,1,3,2,1,2,0,0,15,7,3,2,4,0,6.5,6,40.0,20.0,2019,4
LIV,1,3,1,2,1,0,0,15,7,3,3,6,0,6.3,7,46.7,20.0,2019,4
MCI,1,4,3,1,2,0,0,15,10,4,4,1,0,6.2,6,40.0,26.7,2019,4
MUN,1,1,1,0,0,0,0,21,13,2,1,4,0,4.6,8,38.1,4.8,2019,4
NEW,1,1,1,0,1,0,0,13,8,2,5,5,0,7.4,5,38.5,7.7,2019,4
NOR,1,0,0,0,0,0,0,8,5,2,1,2,1,11.8,3,37.5,0.0,2019,4
SHU,1,2,1,1,1,0,0,8,3,2,0,1,0,11.9,2,25.0,25.0,2019,4
SOU,1,1,1,0,0,0,1,10,5,1,3,3,0,9.7,2,20.0,10.0,2019,4
TOT,1,2,2,0,2,1,0,13,6,2,4,1,1,7.4,9,69.2,15.4,2019,4
WAT,1,1,1,0,1,0,0,13,8,1,4,5,0,7.4,3,23.1,7.7,2019,4
WHU,1,2,2,0,1,0,0,18,14,3,5,4,1,5.2,7,38.9,11.1,2019,4
WOL,1,2,2,0,2,0,1,8,6,4,3,2,0,12.0,5,62.5,25.0,2019,4
ARS,1,2,2,0,1,0,0,7,4,1,0,1,0,13.4,4,57.1,28.6,2019,5
AVL,1,0,0,0,0,0,0,10,5,2,1,1,0,9.4,5,50.0,0.0,2019,5
BOU,1,3,2,1,2,0,2,13,8,2,7,2,0,7.4,6,46.2,23.1,2019,5
BHA,1,1,1,0,0,0,0,14,11,2,3,2,0,6.8,5,35.7,7.1,2019,5
BUR,1,1,0,1,0,0,0,7,5,0,2,0,0,13.6,1,14.3,14.3,2019,5
CHE,1,5,4,1,2,0,1,15,14,5,4,2,0,6.5,6,40.0,33.3,2019,5
CRY,1,0,0,0,0,0,0,11,9,0,4,3,0,8.6,6,54.5,0.0,2019,5
EVE,1,1,1,0,1,0,0,14,9,2,2,4,1,6.9,5,35.7,7.1,2019,5
LEI,1,0,0,0,0,0,0,9,3,2,3,2,0,10.7,3,33.3,0.0,2019,5
LIV,1,3,3,0,2,0,0,21,18,5,6,4,0,4.5,8,38.1,14.3,2019,5
MCI,1,2,1,1,1,0,0,25,18,4,8,11,1,3.8,8,32.0,8.0,2019,5
MUN,1,1,1,0,1,1,0,10,4,1,4,0,1,9.6,5,50.0,10.0,2019,5
NEW,1,1,1,0,0,0,0,8,4,0,2,3,0,11.8,1,12.5,12.5,2019,5
NOR,1,3,3,0,2,0,1,7,6,3,4,1,0,13.6,3,42.9,42.9,2019,5
SHU,1,0,0,0,0,0,0,17,13,3,3,5,0,5.7,4,23.5,0.0,2019,5
SOU,1,1,1,0,1,0,0,11,8,4,3,1,1,8.8,7,63.6,9.1,2019,5
TOT,1,4,3,1,1,0,0,13,7,1,2,1,0,7.3,5,38.5,30.8,2019,5
WAT,1,2,2,0,2,1,0,31,16,3,5,6,0,3.0,10,32.3,6.5,2019,5
WHU,1,0,0,0,0,0,0,13,6,0,3,7,0,7.2,1,7.7,0.0,2019,5
WOL,1,2,1,1,1,0,1,11,8,2,6,3,0,8.8,4,36.4,18.2,2019,5
ARS,1,3,2,1,1,1,1,21,14,3,8,5,1,4.6,6,28.6,14.3,2019,6
AVL,1,2,2,0,2,0,0,14,8,3,5,2,0,6.9,9,64.3,14.3,2019,6
BOU,1,3,3,0,3,0,1,6,3,3,2,2,0,16.0,3,50.0,50.0,2019,6
BHA,1,0,0,0,0,0,0,16,9,1,1,8,0,6.1,2,12.5,0.0,2019,6
BUR,1,2,2,0,2,0,1,13,8,3,5,5,0,7.3,6,46.2,15.4,2019,6
CHE,1,1,0,1,0,0,0,13,7,2,3,3,0,7.3,2,15.4,7.7,2019,6
CRY,1,1,0,1,0,0,0,13,6,1,5,4,0,7.5,4,30.8,7.7,2019,6
EVE,1,0,0,0,0,0,0,16,9,2,5,7,0,5.9,3,18.8,0.0,2019,6
LEI,1,2,1,1,1,0,0,16,10,1,1,3,0,6.1,7,43.8,12.5,2019,6
LIV,1,2,1,1,1,0,2,6,4,2,4,1,0,15.8,3,50.0,33.3,2019,6
MCI,1,8,7,1,5,1,3,28,20,10,7,4,3,3.4,11,39.3,28.6,2019,6
MUN,1,0,0,0,0,0,0,9,5,2,1,4,0,10.6,3,33.3,0.0,2019,6
NEW,1,0,0,0,0,0,0,11,7,2,2,2,0,8.8,4,36.4,0.0,2019,6
NOR,1,0,0,0,0,0,0,11,5,1,0,3,1,8.6,2,18.2,0.0,2019,6
SHU,1,2,1,1,1,0,1,2,2,1,0,0,0,47.5,1,50.0,100.0,2019,6
SOU,1,1,1,0,1,1,0,25,13,2,1,8,0,3.8,6,24.0,4.0,2019,6
TOT,1,1,1,0,1,0,0,11,9,2,0,1,0,8.8,4,36.4,9.1,2019,6
WAT,1,0,0,0,0,0,0,5,4,0,2,1,0,18.8,4,80.0,0.0,2019,6
WHU,1,2,1,1,0,0,1,8,3,0,3,1,0,11.9,6,75.0,25.0,2019,6
WOL,1,1,1,0,1,0,0,13,7,3,3,6,0,7.5,4,30.8,7.7,2019,6
ARS,1,1,1,0,1,0,0,10,7,4,1,2,0,9.5,5,50.0,10.0,2019,7
AVL,1,2,2,0,0,0,0,16,6,1,3,6,1,6.1,3,18.8,12.5,2019,7
BOU,1,2,2,0,2,0,1,13,11,4,7,4,0,7.2,5,38.5,15.4,2019,7
BHA,1,0,0,0,0,0,0,8,5,1,2,3,1,11.8,1,12.5,0.0,2019,7
BUR,1,2,2,0,2,0,0,10,8,3,5,3,1,9.8,3,30.0,20.0,2019,7
CHE,1,2,2,0,1,1,0,24,16,7,2,10,0,3.9,10,41.7,8.3,2019,7
CRY,1,2,2,0,1,1,0,15,12,1,1,6,0,6.4,3,20.0,13.3,2019,7
EVE,1,1,1,0,1,0,0,12,10,4,7,2,0,7.9,7,58.3,8.3,2019,7
LEI,1,5,3,2,1,0,1,13,9,3,2,3,0,7.2,5,38.5,38.5,2019,7
LIV,1,1,0,1,0,0,0,16,8,3,3,3,1,5.9,4,25.0,6.3,2019,7
MCI,1,3,2,1,1,0,1,19,13,3,1,4,1,5.0,8,42.1,15.8,2019,7
MUN,1,1,0,1,0,0,0,16,4,1,5,6,0,5.9,4,25.0,6.3,2019,7
NEW,1,0,0,0,0,0,0,3,1,0,0,0,0,31.3,0,0.0,0.0,2019,7
NOR,1,0,0,0,0,0,0,10,7,1,1,5,0,9.6,3,30.0,0.0,2019,7
SHU,1,0,0,0,0,0,0,12,11,1,2,4,0,7.9,2,16.7,0.0,2019,7
SOU,1,1,1,0,1,0,0,14,8,1,5,2,0,6.8,6,42.9,7.1,2019,7
TOT,1,2,2,0,1,0,0,9,6,2,3,2,0,10.6,4,44.4,22.2,2019,7
WAT,1,0,0,0,0,0,0,14,10,1,1,3,0,6.7,5,35.7,0.0,2019,7
WHU,1,2,2,0,1,0,0,17,11,2,3,7,0,5.5,6,35.3,11.8,2019,7
WOL,1,2,1,1,1,0,0,6,6,2,0,0,0,15.7,2,33.3,33.3,2019,7
ARS,1,1,1,0,0,0,1,12,9,1,3,4,1,8.0,2,16.7,8.3,2019,8
AVL,1,5,3,2,3,0,0,22,12,6,4,3,1,4.2,12,54.5,22.7,2019,8
BOU,1,0,0,0,0,0,0,10,5,2,4,1,0,9.6,2,20.0,0.0,2019,8
BHA,1,3,3,0,2,0,0,17,10,2,4,7,1,5.5,6,35.3,17.6,2019,8
BUR,1,1,1,0,0,0,1,9,6,0,3,2,0,10.8,3,33.3,11.1,2019,8
CHE,1,4,3,1,2,0,0,13,7,4,2,2,0,7.2,7,53.8,30.8,2019,8
CRY,1,2,2,0,2,1,1,7,5,3,3,3,0,13.9,3,42.9,28.6,2019,8
EVE,1,0,0,0,0,0,0,11,9,2,4,5,0,8.8,2,18.2,0.0,2019,8
LEI,1,1,1,0,0,0,0,2,1,1,0,0,0,48.5,1,50.0,50.0,2019,8
LIV,1,2,2,0,2,1,0,18,14,6,3,4,0,5.4,8,44.4,11.1,2019,8
MCI,1,0,0,0,0,0,0,18,9,2,6,10,1,5.3,2,11.1,0.0,2019,8
MUN,1,0,0,0,0,0,0,12,7,1,7,4,0,8.0,3,25.0,0.0,2019,8
NEW,1,1,0,1,0,0,0,12,4,1,3,5,1,8.0,2,16.7,8.3,2019,8
NOR,1,1,1,0,1,0,0,21,15,2,3,8,0,4.4,5,23.8,4.8,2019,8
SHU,1,0,0,0,0,0,0,9,5,0,3,2,0,10.7,3,33.3,0.0,2019,8
SOU,1,1,1,0,1,0,0,10,6,2,5,2,0,9.4,2,20.0,10.0,2019,8
TOT,1,0,0,0,0,0,0,8,3,0,2,2,0,11.8,3,37.5,0.0,2019,8
WAT,1,0,0,0,0,0,0,8,5,3,4,2,0,12.0,2,25.0,0.0,2019,8
WHU,1,1,1,0,0,0,0,9,8,1,2,1,0,10.8,4,44.4,11.1,2019,8
WOL,1,2,1,1,2,0,0,7,4,4,1,2,0,13.7,2,28.6,28.6,2019,8
ARS,1,0,0,0,0,0,0,9,5,1,2,2,0,10.7,3,33.3,0.0,2019,9
AVL,1,2,2,0,1,0,0,24,16,4,5,8,0,4.0,8,33.3,8.3,2019,9
BOU,1,0,0,0,0,0,0,11,5,1,5,3,0,8.6,2,18.2,0.0,2019,9
BHA,1,1,1,0,0,0,1,20,11,1,2,7,0,4.8,5,25.0,5.0,2019,9
BUR,1,1,1,0,0,0,0,13,8,3,4,6,0,7.3,4,30.8,7.7,2019,9
CHE,1,1,1,0,0,0,0,16,15,4,6,5,0,5.9,7,43.8,6.3,2019,9
CRY,1,0,0,0,0,0,0,7,5,1,3,2,0,13.4,2,28.6,0.0,2019,9
EVE,1,2,1,1,1,0,0,19,12,3,9,4,2,5.0,10,52.6,10.5,2019,9
LEI,1,2,2,0,0,0,0,19,10,0,5,7,0,5.0,3,15.8,10.5,2019,9
LIV,1,1,1,0,1,0,0,10,6,2,1,2,0,9.7,4,40.0,10.0,2019,9
MCI,1,2,2,0,2,0,0,21,17,7,3,3,2,4.5,10,47.6,9.5,2019,9
MUN,1,1,1,0,1,0,0,7,3,1,0,1,0,13.9,2,28.6,14.3,2019,9
NEW,1,0,0,0,0,0,0,5,3,1,0,1,0,18.8,0,0.0,0.0,2019,9
NOR,1,0,0,0,0,0,0,10,3,0,2,3,0,9.5,1,10.0,0.0,2019,9
SHU,1,1,1,0,1,0,1,8,5,1,3,1,0,12.0,2,25.0,12.5,2019,9
SOU,1,1,1,0,1,0,0,14,12,1,5,4,0,6.7,5,35.7,7.1,2019,9
TOT,1,1,1,0,1,0,0,12,7,1,3,7,1,7.9,2,16.7,8.3,2019,9
WAT,1,1,1,0,1,0,0,7,4,1,2,3,0,13.6,2,28.6,14.3,2019,9
WHU,1,0,0,0,0,0,0,8,5,0,3,1,0,11.9,4,50.0,0.0,2019,9
WOL,1,1,1,0,1,1,0,4,2,1,0,0,0,23.5,1,25.0,25.0,2019,9
ARS,1,2,2,0,1,0,2,15,10,1,7,1,1,6.5,6,40.0,13.3,2019,10
AVL,1,0,0,0,0,0,0,11,8,2,0,4,0,8.6,5,45.5,0.0,2019,10
BOU,1,0,0,0,0,0,0,15,6,1,6,7,2,6.3,5,33.3,0.0,2019,10
BHA,1,3,1,2,1,1,1,8,5,1,2,1,0,12.1,4,50.0,37.5,2019,10
BUR,1,2,0,2,0,0,0,13,10,3,3,3,0,7.3,5,38.5,15.4,2019,10
CHE,1,4,4,0,0,0,1,16,9,0,6,7,0,5.9,7,43.8,25.0,2019,10
CRY,1,2,2,0,2,1,0,10,8,2,1,4,0,9.8,4,40.0,20.0,2019,10
EVE,1,2,1,1,1,0,1,10,7,2,4,2,0,9.7,6,60.0,20.0,2019,10
LEI,1,9,8,1,6,1,1,25,16,8,3,5,0,3.8,15,60.0,36.0,2019,10
LIV,1,2,2,0,1,1,0,21,15,3,7,5,0,4.5,13,61.9,9.5,2019,10
MCI,1,3,3,1,1,0,2,26,22,5,8,9,1,3.7,9,34.6,11.5,2019,10
MUN,1,3,3,0,2,0,1,21,13,7,8,3,0,4.6,11,52.4,14.3,2019,10
NEW,1,1,1,0,0,0,0,13,7,1,3,4,0,7.5,2,15.4,7.7,2019,10
NOR,1,1,1,0,0,0,0,10,6,1,2,2,0,9.7,3,30.0,10.0,2019,10
SHU,1,1,1,0,0,0,0,10,9,1,4,4,0,9.5,3,30.0,10.0,2019,10
SOU,1,0,0,0,0,0,0,6,3,0,2,1,0,15.7,3,50.0,0.0,2019,10
TOT,1,1,1,0,1,0,0,11,9,2,2,2,1,8.6,4,36.4,9.1,2019,10
WAT,1,0,0,0,0,0,0,7,3,1,2,1,0,13.4,3,42.9,0.0,2019,10
WHU,1,1,1,0,1,0,0,12,9,5,2,1,1,7.9,4,33.3,8.3,2019,10
WOL,1,1,1,0,1,0,0,13,9,3,2,3,0,7.5,5,38.5,7.7,2019,10
ARS,1,1,1,0,1,0,0,10,9,1,3,1,0,9.5,4,40.0,10.0,2019,11
AVL,1,1,1,0,1,0,1,4,3,2,2,1,0,24.3,2,50.0,25.0,2019,11
BOU,1,1,1,0,1,0,0,13,9,3,2,3,0,7.2,6,46.2,7.7,2019,11
BHA,1,2,2,0,2,0,1,21,15,4,5,4,0,4.5,5,23.8,9.5,2019,11
BUR,1,0,0,0,0,0,0,6,5,1,2,1,0,15.7,0,0.0,0.0,2019,11
CHE,1,2,2,0,2,0,0,16,11,3,2,4,0,6.1,10,62.5,12.5,2019,11
CRY,1,0,0,0,0,0,0,12,3,0,3,4,0,8.1,3,25.0,0.0,2019,11
EVE,1,1,1,0,1,0,0,7,6,2,0,1,0,14.7,3,42.9,14.3,2019,11
LEI,1,2,2,0,1,0,1,14,11,2,10,2,1,6.9,5,35.7,14.3,2019,11
LIV,1,2,2,0,1,0,1,25,18,3,6,9,0,3.9,6,24.0,8.0,2019,11
MCI,1,2,2,0,2,0,0,26,19,5,9,13,0,3.7,4,15.4,7.7,2019,11
MUN,1,0,0,0,0,0,0,15,5,1,3,5,1,6.3,4,26.7,0.0,2019,11
NEW,1,3,2,1,1,0,3,12,7,4,3,0,1,8.1,9,75.0,25.0,2019,11
NOR,1,0,0,0,0,0,0,7,5,0,3,3,1,13.6,0,0.0,0.0,2019,11
SHU,1,3,3,0,2,0,0,13,12,5,1,2,0,7.2,6,46.2,23.1,2019,11
SOU,1,1,1,0,1,0,0,3,1,1,0,0,0,32.0,3,100.0,33.3,2019,11
TOT,1,1,1,0,1,0,0,5,3,1,2,1,0,20.6,2,40.0,20.0,2019,11
WAT,1,1,1,0,1,1,0,12,8,2,3,4,0,8.1,3,25.0,8.3,2019,11
WHU,1,2,2,0,1,0,1,16,13,1,7,4,0,6.1,6,37.5,12.5,2019,11
WOL,1,1,1,0,0,0,1,24,15,1,7,12,0,4.0,8,33.3,4.2,2019,11
ARS,1,0,0,0,0,0,0,8,5,1,0,3,0,11.8,1,12.5,0.0,2019,12
AVL,1,1,1,0,0,0,1,13,5,0,4,4,0,7.2,4,30.8,7.7,2019,12
BOU,1,1,1,0,0,0,1,16,9,2,6,5,0,6.1,4,25.0,6.3,2019,12
BHA,1,1,1,0,1,0,1,6,5,2,4,1,0,16.0,2,33.3,16.7,2019,12
BUR,1,3,2,1,2,0,2,14,9,5,7,1,0,7.0,12,85.7,21.4,2019,12
CHE,1,2,2,0,2,0,0,23,11,5,5,8,0,4.1,5,21.7,8.7,2019,12
CRY,1,0,0,0,0,0,0,3,1,1,1,1,0,31.7,1,33.3,0.0,2019,12
EVE,1,2,2,0,2,0,1,24,19,3,11,10,0,4.0,5,20.8,8.3,2019,12
LEI,1,2,1,1,1,0,0,19,9,2,3,3,1,4.9,7,36.8,10.5,2019,12
LIV,1,3,2,1,2,0,0,12,9,2,2,2,0,7.9,5,41.7,25.0,2019,12
MCI,1,1,1,0,0,0,0,18,12,2,6,8,0,5.3,3,16.7,5.6,2019,12
MUN,1,3,3,1,2,0,1,21,12,5,4,5,0,4.6,11,52.4,14.3,2019,12
NEW,1,2,2,0,2,0,1,21,12,4,4,7,1,4.6,9,42.9,9.5,2019,12
NOR,1,0,0,0,0,0,0,17,7,0,6,5,0,5.6,5,29.4,0.0,2019,12
SHU,1,1,1,0,0,0,0,14,8,1,5,3,1,6.9,4,28.6,7.1,2019,12
SOU,1,1,1,0,1,0,1,4,1,1,3,0,0,24.0,3,75.0,25.0,2019,12
TOT,1,1,1,0,1,0,0,17,7,3,4,4,0,5.7,5,29.4,5.9,2019,12
WAT,1,2,2,0,1,0,0,12,7,2,1,4,0,8.0,2,16.7,16.7,2019,12
WHU,1,0,0,0,0,0,0,7,3,1,2,1,0,14.0,4,57.1,0.0,2019,12
WOL,1,2,1,1,0,0,1,17,12,3,1,5,1,5.5,5,29.4,11.8,2019,12
ARS,1,2,2,0,1,0,0,12,12,2,5,4,1,8.2,5,41.7,16.7,2019,13
AVL,1,2,2,0,1,0,2,17,12,4,5,3,1,5.5,8,47.1,11.8,2019,13
BOU,1,1,1,0,0,0,1,9,7,1,9,3,0,10.4,2,22.2,11.1,2019,13
BHA,1,0,0,0,0,0,0,7,5,1,1,3,0,13.4,0,0.0,0.0,2019,13
BUR,1,3,3,0,3,1,2,11,7,6,4,3,1,8.6,5,45.5,27.3,2019,13
CHE,1,1,1,0,1,0,0,11,8,1,3,3,0,8.7,2,18.2,9.1,2019,13
CRY,1,1,1,0,0,0,0,16,8,2,3,3,0,6.0,6,37.5,6.3,2019,13
EVE,1,0,0,0,0,0,0,18,12,0,7,4,0,5.3,7,38.9,0.0,2019,13
LEI,1,2,2,0,2,1,0,19,16,7,4,2,1,4.9,9,47.4,10.5,2019,13
LIV,1,2,2,0,1,0,1,12,9,2,5,4,0,8.0,4,33.3,16.7,2019,13
MCI,1,2,1,1,0,0,0,15,7,1,4,4,1,6.4,4,26.7,13.3,2019,13
MUN,1,3,3,0,2,0,0,11,7,2,1,2,0,8.7,5,45.5,27.3,2019,13
NEW,1,0,0,0,0,0,0,11,5,1,2,3,0,8.5,5,45.5,0.0,2019,13
NOR,1,2,2,0,2,0,0,13,12,4,4,5,0,7.4,5,38.5,15.4,2019,13
SHU,1,3,2,1,1,0,0,12,5,3,3,3,0,8.0,8,66.7,25.0,2019,13
SOU,1,2,2,0,2,0,2,21,11,5,5,5,0,4.7,5,23.8,9.5,2019,13
TOT,1,3,3,0,3,0,0,15,10,5,7,3,0,6.5,6,40.0,20.0,2019,13
WAT,1,0,0,0,0,0,0,15,8,0,6,7,0,6.3,4,26.7,0.0,2019,13
WHU,1,2,2,0,0,0,1,11,8,0,4,3,0,8.8,4,36.4,18.2,2019,13
WOL,1,2,1,1,1,0,2,18,7,3,6,4,0,5.2,7,38.9,11.1,2019,13
ARS,1,2,2,0,2,1,1,16,13,2,7,9,0,5.9,6,37.5,12.5,2019,14
AVL,1,2,2,0,1,0,1,9,7,2,3,2,1,10.6,3,33.3,22.2,2019,14
BOU,1,2,1,1,0,0,1,20,12,0,6,6,0,4.9,6,30.0,10.0,2019,14
BHA,1,1,0,1,0,0,1,12,5,2,3,3,0,7.9,5,41.7,8.3,2019,14
BUR,1,0,0,0,0,0,0,15,12,4,7,4,0,6.4,3,20.0,0.0,2019,14
CHE,1,0,0,0,0,0,0,19,14,5,5,5,0,5.1,6,31.6,0.0,2019,14
CRY,1,2,2,0,0,0,0,7,6,1,1,1,0,13.7,2,28.6,28.6,2019,14
EVE,1,1,1,0,1,0,0,11,9,2,5,3,0,8.9,3,27.3,9.1,2019,14
LEI,1,2,2,0,2,0,0,16,13,4,3,3,0,6.1,6,37.5,12.5,2019,14
LIV,1,2,2,0,0,0,2,15,12,2,4,3,0,6.3,7,46.7,13.3,2019,14
MCI,1,2,1,1,1,0,0,24,15,4,6,7,0,4.0,9,37.5,8.3,2019,14
MUN,1,2,1,1,0,0,2,16,10,3,3,3,1,5.9,6,37.5,12.5,2019,14
NEW,1,2,1,1,0,0,1,6,1,0,3,0,0,15.8,3,50.0,33.3,2019,14
NOR,1,2,1,1,0,0,0,15,10,0,2,2,0,6.3,8,53.3,13.3,2019,14
SHU,1,1,1,0,1,0,0,10,9,4,1,1,0,9.4,4,40.0,10.0,2019,14
SOU,1,2,1,1,1,0,1,11,7,2,3,3,0,8.8,5,45.5,18.2,2019,14
TOT,1,3,3,0,3,0,0,14,11,4,1,2,0,7.0,5,35.7,21.4,2019,14
WAT,1,1,1,0,1,0,0,6,4,1,2,0,0,16.2,3,50.0,16.7,2019,14
WHU,1,1,1,0,0,0,0,5,5,2,2,0,0,19.4,4,80.0,20.0,2019,14
WOL,1,1,1,0,1,0,0,13,8,2,6,6,0,7.2,3,23.1,7.7,2019,14
ARS,1,1,1,0,0,0,1,12,9,1,5,3,0,7.9,5,41.7,8.3,2019,15
AVL,1,1,1,0,1,0,0,9,8,1,3,5,0,10.6,3,33.3,11.1,2019,15
BOU,1,0,0,0,0,0,0,6,4,0,2,1,0,15.8,3,50.0,0.0,2019,15
BHA,1,2,2,0,0,0,1,20,15,0,10,6,0,4.8,9,45.0,10.0,2019,15
BUR,1,1,1,0,1,0,0,4,3,1,1,1,0,23.5,2,50.0,25.0,2019,15
CHE,1,2,2,0,1,0,0,25,16,1,5,10,0,3.8,9,36.0,8.0,2019,15
CRY,1,1,1,0,0,0,0,7,4,0,4,2,0,13.6,2,28.6,14.3,2019,15
EVE,1,2,2,0,2,0,1,12,8,3,7,1,0,7.8,4,33.3,16.7,2019,15
LEI,1,2,2,0,2,1,0,12,12,3,2,3,0,8.1,5,41.7,16.7,2019,15
LIV,1,5,4,1,3,0,0,11,8,5,1,3,0,8.5,5,45.5,45.5,2019,15
MCI,1,4,2,2,1,0,0,17,9,3,1,5,0,5.5,8,47.1,23.5,2019,15
MUN,1,2,2,0,1,1,0,12,7,1,1,2,0,7.9,7,58.3,16.7,2019,15
NEW,1,2,2,0,1,0,0,6,3,1,1,1,0,16.2,4,66.7,33.3,2019,15
NOR,1,1,1,0,1,0,0,10,6,2,0,2,0,9.5,3,30.0,10.0,2019,15
SHU,1,0,0,0,0,0,0,13,10,1,4,3,0,7.5,6,46.2,0.0,2019,15
SOU,1,2,2,0,2,0,2,14,9,2,6,4,0,6.8,5,35.7,14.3,2019,15
TOT,1,1,1,0,1,0,0,8,5,1,1,2,0,11.9,5,62.5,12.5,2019,15
WAT,1,0,0,0,0,0,0,4,2,0,0,2,0,24.3,1,25.0,0.0,2019,15
WHU,1,0,0,0,0,0,0,6,4,1,1,1,0,15.7,3,50.0,0.0,2019,15
WOL,1,2,2,0,1,0,1,13,12,2,5,0,0,7.2,7,53.8,15.4,2019,15
ARS,1,3,3,0,2,0,0,10,7,3,1,4,0,9.8,3,30.0,30.0,2019,16
AVL,1,1,1,0,0,0,1,15,11,1,6,4,1,6.3,2,13.3,6.7,2019,16
BOU,1,0,0,0,0,0,0,3,3,0,0,2,0,31.0,0,0.0,0.0,2019,16
BHA,1,2,2,0,1,0,0,13,7,2,3,3,0,7.2,5,38.5,15.4,2019,16
BUR,1,0,0,0,0,0,0,7,5,2,1,1,1,13.3,1,14.3,0.0,2019,16
CHE,1,1,0,1,0,0,0,15,11,2,3,4,0,6.5,4,26.7,6.7,2019,16
CRY,1,0,0,0,0,0,0,3,3,0,0,1,0,32.0,0,0.0,0.0,2019,16
EVE,1,3,3,0,3,0,0,13,10,3,2,3,0,7.5,7,53.8,23.1,2019,16
LEI,1,4,4,0,2,0,1,23,21,6,8,7,1,4.1,8,34.8,17.4,2019,16
LIV,1,3,3,0,3,0,0,21,17,4,3,5,0,4.4,9,42.9,14.3,2019,16
MCI,1,1,1,0,1,0,1,23,18,2,8,11,0,4.2,5,21.7,4.3,2019,16
MUN,1,2,2,0,1,1,0,11,9,1,0,2,1,8.7,7,63.6,18.2,2019,16
NEW,1,2,2,0,1,0,2,12,7,1,5,6,0,8.0,6,50.0,16.7,2019,16
NOR,1,1,1,0,0,0,1,14,8,0,5,5,0,6.9,4,28.6,7.1,2019,16
SHU,1,2,2,0,0,0,0,9,6,1,0,1,0,10.8,3,33.3,22.2,2019,16
SOU,1,1,1,0,0,0,0,19,12,2,12,5,0,5.1,4,21.1,5.3,2019,16
TOT,1,5,4,1,3,0,0,13,8,4,1,3,1,7.2,7,53.8,38.5,2019,16
WAT,1,0,0,0,0,0,0,13,8,2,4,6,0,7.4,3,23.1,0.0,2019,16
WHU,1,1,1,0,0,0,1,11,6,0,4,3,0,8.9,4,36.4,9.1,2019,16
WOL,1,2,2,0,1,0,0,13,11,3,1,5,0,7.2,6,46.2,15.4,2019,16
ARS,1,0,0,0,0,0,0,6,2,1,0,1,0,15.7,1,16.7,0.0,2019,17
AVL,1,0,0,0,0,0,0,8,5,1,1,1,1,12.0,0,0.0,0.0,2019,17
BOU,1,1,1,0,1,0,1,11,11,1,7,8,0,8.7,2,18.2,9.1,2019,17
BHA,1,1,1,0,1,0,0,15,7,3,5,2,0,6.3,10,66.7,6.7,2019,17
BUR,1,1,1,0,1,0,1,7,6,2,2,1,0,13.6,4,57.1,14.3,2019,17
CHE,1,0,0,0,0,0,0,18,15,3,9,8,0,5.3,5,27.8,0.0,2019,17
CRY,1,1,1,0,0,0,0,11,8,0,1,1,0,8.5,4,36.4,9.1,2019,17
EVE,1,1,0,1,0,0,1,8,2,0,4,0,0,11.9,3,37.5,12.5,2019,17
LEI,1,1,0,1,0,0,1,18,10,0,10,5,1,5.3,5,27.8,5.6,2019,17
LIV,1,2,2,0,1,0,0,16,14,1,0,2,0,6.0,6,37.5,12.5,2019,17
MCI,1,3,2,1,1,0,0,14,8,2,0,4,0,6.7,7,50.0,21.4,2019,17
MUN,1,1,0,1,0,0,0,24,9,1,6,8,0,4.0,8,33.3,4.2,2019,17
NEW,1,0,0,0,0,0,0,9,4,2,2,2,0,10.6,0,0.0,0.0,2019,17
NOR,1,1,1,0,0,0,0,10,6,1,4,4,0,9.5,3,30.0,10.0,2019,17
SHU,1,2,2,0,2,0,0,7,7,5,0,2,0,13.7,3,42.9,28.6,2019,17
SOU,1,0,0,0,0,0,0,11,7,1,3,0,1,8.8,2,18.2,0.0,2019,17
TOT,1,2,2,0,0,0,1,9,8,1,1,1,1,10.7,5,55.6,22.2,2019,17
WAT,1,0,0,0,0,0,0,8,5,2,1,0,0,12.0,2,25.0,0.0,2019,17
WHU,1,1,1,0,0,0,0,11,9,0,3,4,0,8.8,4,36.4,9.1,2019,17
WOL,1,1,0,1,0,0,0,19,10,0,4,10,0,5.1,5,26.3,5.3,2019,17
ARS,1,0,0,0,0,0,0,6,5,1,2,0,0,15.8,2,33.3,0.0,2019,18
AVL,1,1,0,1,0,0,1,19,9,1,7,6,0,5.0,6,31.6,5.3,2019,18
BOU,1,0,0,0,0,0,0,3,1,0,2,0,0,31.7,0,0.0,0.0,2019,18
BHA,1,0,0,0,0,0,0,9,5,0,3,3,0,10.7,2,22.2,0.0,2019,18
BUR,1,1,1,0,0,0,0,2,1,0,0,1,0,47.5,1,50.0,50.0,2019,18
CHE,1,2,2,0,1,1,1,13,8,1,3,4,0,7.6,3,23.1,15.4,2019,18
CRY,1,0,0,0,0,0,0,16,9,1,5,5,0,5.9,4,25.0,0.0,2019,18
EVE,1,0,0,0,0,0,0,9,5,0,4,4,0,10.6,0,0.0,0.0,2019,18
LEI,1,1,1,0,1,0,0,5,3,2,0,0,0,19.0,2,40.0,20.0,2019,18
MCI,1,3,2,1,2,1,0,23,17,4,3,4,1,4.1,12,52.2,13.0,2019,18
MUN,1,0,0,0,0,0,0,17,10,3,5,3,0,5.5,8,47.1,0.0,2019,18
NEW,1,1,1,0,1,0,1,8,4,1,2,3,0,11.9,3,37.5,12.5,2019,18
NOR,1,1,1,0,0,0,0,13,8,2,5,1,0,7.5,7,53.8,7.7,2019,18
SHU,1,1,1,0,1,0,0,7,6,3,1,0,1,13.7,2,28.6,14.3,2019,18
SOU,1,3,3,0,1,0,1,17,11,3,7,4,0,5.6,8,47.1,17.6,2019,18
TOT,1,0,0,0,0,0,0,5,3,0,1,2,0,19.8,1,20.0,0.0,2019,18
WAT,1,2,2,0,1,1,1,11,8,1,3,5,0,8.5,3,27.3,18.2,2019,18
WOL,1,2,2,0,2,0,1,14,12,3,1,8,0,6.9,4,28.6,14.3,2019,18
ARS,1,1,1,0,1,0,0,17,11,1,1,9,0,5.6,2,11.8,5.9,2019,19
AVL,1,1,1,0,0,0,0,11,8,0,3,4,0,8.7,2,18.2,9.1,2019,19
BOU,1,1,1,0,1,0,0,12,9,3,4,3,0,7.9,4,33.3,8.3,2019,19
BHA,1,1,1,0,1,0,1,11,3,2,5,1,0,8.6,5,45.5,9.1,2019,19
BUR,1,0,0,0,0,0,0,6,3,1,4,0,0,15.8,0,0.0,0.0,2019,19
CHE,1,0,0,0,0,0,0,10,6,2,5,2,0,9.5,3,30.0,0.0,2019,19
CRY,1,2,2,0,2,0,0,13,11,4,3,1,0,7.4,4,30.8,15.4,2019,19
EVE,1,1,1,0,0,0,0,21,10,1,9,8,0,4.5,5,23.8,4.8,2019,19
LEI,1,0,0,0,0,0,0,3,1,0,0,1,0,31.3,0,0.0,0.0,2019,19
LIV,1,4,4,0,3,1,1,15,12,6,3,2,0,6.3,6,40.0,26.7,2019,19
MCI,1,2,2,0,2,0,1,7,5,3,2,1,1,13.6,3,42.9,28.6,2019,19
MUN,1,4,3,1,2,0,0,22,8,3,6,5,1,4.3,10,45.5,18.2,2019,19
NEW,1,1,1,0,1,0,0,7,5,2,1,0,0,13.4,2,28.6,14.3,2019,19
NOR,1,0,0,0,0,0,0,16,13,2,6,5,1,6.0,5,31.3,0.0,2019,19
SHU,1,1,1,0,1,1,0,16,12,2,6,6,0,5.9,4,25.0,6.3,2019,19
SOU,1,2,2,0,1,0,0,5,4,2,2,2,0,19.0,3,60.0,40.0,2019,19
TOT,1,2,2,0,0,0,0,11,7,1,2,4,0,8.6,5,45.5,18.2,2019,19
WAT,1,1,1,0,1,0,0,5,3,1,2,1,0,19.0,2,40.0,20.0,2019,19
WHU,1,1,1,0,1,0,0,10,7,1,2,3,0,9.6,2,20.0,10.0,2019,19
WOL,1,3,2,1,1,0,0,21,11,4,5,7,0,4.5,8,38.1,14.3,2019,19
ARS,1,1,1,0,1,0,1,7,6,1,4,0,0,14.0,2,28.6,14.3,2019,20
AVL,1,0,0,0,0,0,0,11,5,1,2,6,0,8.8,2,18.2,0.0,2019,20
BOU,1,0,0,0,0,0,0,10,6,0,3,5,0,9.4,2,20.0,0.0,2019,20
BHA,1,2,2,0,0,0,0,16,7,0,2,4,0,5.9,6,37.5,12.5,2019,20
BUR,1,0,0,0,0,0,0,8,4,1,4,2,0,12.0,1,12.5,0.0,2019,20
CHE,1,2,2,0,1,0,1,13,10,2,5,3,0,7.5,4,30.8,15.4,2019,20
CRY,1,1,1,0,0,0,1,5,2,0,2,0,0,19.0,2,40.0,20.0,2019,20
EVE,1,2,2,0,2,0,1,22,16,3,11,6,0,4.3,9,40.9,9.1,2019,20
LEI,1,2,2,0,2,0,0,13,10,4,3,3,0,7.3,8,61.5,15.4,2019,20
LIV,1,1,1,0,1,0,0,10,7,2,3,3,0,9.5,3,30.0,10.0,2019,20
MCI,1,2,2,0,1,0,0,16,6,1,3,6,0,5.9,4,25.0,12.5,2019,20
MUN,1,2,2,0,2,0,0,14,6,3,5,7,1,6.9,4,28.6,14.3,2019,20
NEW,1,1,1,0,0,0,1,20,16,1,4,6,1,4.8,5,25.0,5.0,2019,20
NOR,1,2,0,2,0,0,0,5,2,0,1,0,0,19.6,2,40.0,40.0,2019,20
SHU,1,0,0,0,0,0,0,8,7,3,2,2,1,11.9,0,0.0,0.0,2019,20
SOU,1,1,1,0,1,0,0,14,10,2,4,5,0,6.8,5,35.7,7.1,2019,20
TOT,1,2,1,1,1,1,1,15,5,2,1,7,0,6.5,7,46.7,13.3,2019,20
WAT,1,3,3,0,3,1,0,20,12,5,6,9,0,4.9,6,30.0,15.0,2019,20
WHU,1,1,1,0,0,0,0,14,11,0,5,5,0,6.8,4,28.6,7.1,2019,20
WOL,1,0,0,0,0,0,0,10,4,0,2,3,0,9.5,2,20.0,0.0,2019,20
ARS,1,2,2,0,2,0,1,10,8,2,2,1,1,9.5,4,40.0,20.0,2019,21
AVL,1,2,2,0,1,0,0,11,9,3,2,2,0,9.1,6,54.5,18.2,2019,21
BOU,1,0,0,0,0,0,0,3,3,1,0,0,1,31.7,2,66.7,0.0,2019,21
BHA,1,1,1,0,0,0,1,16,11,2,7,7,0,5.9,5,31.3,6.3,2019,21
BUR,1,1,1,0,1,0,0,20,13,3,6,6,0,5.0,1,5.0,5.0,2019,21
CHE,1,1,1,0,1,0,1,16,12,1,3,8,0,5.9,4,25.0,6.3,2019,21
CRY,1,1,1,0,1,0,0,12,7,2,3,5,0,8.0,3,25.0,8.3,2019,21
EVE,1,1,1,0,1,0,0,7,7,1,3,2,0,13.6,2,28.6,14.3,2019,21
LEI,1,3,1,2,1,0,0,17,10,4,5,2,0,5.5,10,58.8,17.6,2019,21
LIV,1,2,2,0,2,0,0,19,14,4,3,7,0,4.9,7,36.8,10.5,2019,21
MCI,1,2,2,0,1,0,0,16,13,3,4,2,1,5.9,7,43.8,12.5,2019,21
MUN,1,0,0,0,0,0,0,10,5,1,2,3,0,9.5,4,40.0,0.0,2019,21
NEW,1,0,0,0,0,0,0,5,3,2,0,1,0,18.8,2,40.0,0.0,2019,21
NOR,1,1,1,0,1,0,0,15,11,2,4,3,1,6.4,4,26.7,6.7,2019,21
SHU,1,0,0,0,0,0,0,3,2,1,0,0,0,31.0,2,66.7,0.0,2019,21
SOU,1,1,1,0,1,0,0,12,8,2,2,5,0,8.0,3,25.0,8.3,2019,21
TOT,1,0,0,0,0,0,0,11,6,1,4,4,0,8.7,5,45.5,0.0,2019,21
WAT,1,2,2,0,1,0,0,9,6,2,2,2,0,10.8,3,33.3,22.2,2019,21
WHU,1,4,3,1,2,1,0,14,10,3,4,2,0,6.8,7,50.0,28.6,2019,21
WOL,1,1,0,1,0,0,0,16,8,2,5,5,0,6.1,4,25.0,6.3,2019,21
ARS,1,1,1,0,1,0,0,7,6,2,3,1,0,13.9,4,57.1,14.3,2019,22
AVL,1,1,1,0,1,1,0,7,7,1,1,2,0,13.1,1,14.3,14.3,2019,22
BOU,1,0,0,0,0,0,0,10,2,0,3,2,0,9.5,1,10.0,0.0,2019,22
BHA,1,0,0,0,0,0,0,9,7,3,2,1,1,10.7,2,22.2,0.0,2019,22
BUR,1,0,0,0,0,0,0,7,4,1,6,4,0,13.3,1,14.3,0.0,2019,22
CHE,1,3,3,0,2,1,0,18,13,3,3,6,0,5.2,8,44.4,16.7,2019,22
CRY,1,1,1,0,0,0,1,6,4,0,4,2,0,16.2,2,33.3,16.7,2019,22
EVE,1,1,1,0,0,0,0,14,11,3,2,4,1,6.9,6,42.9,7.1,2019,22
LEI,1,1,1,0,1,0,1,5,4,1,2,0,0,19.4,5,100.0,20.0,2019,22
LIV,1,1,1,0,1,0,0,13,12,2,1,2,1,7.3,6,46.2,7.7,2019,22
MCI,1,6,5,1,4,0,0,22,14,6,5,3,0,4.2,11,50.0,27.3,2019,22
MUN,1,4,3,1,3,1,1,13,9,4,1,3,0,7.2,6,46.2,30.8,2019,22
NEW,1,1,1,0,0,0,0,5,1,0,0,2,0,19.0,1,20.0,20.0,2019,22
NOR,1,0,0,0,0,0,0,8,1,0,3,3,0,11.8,3,37.5,0.0,2019,22
SHU,1,1,1,0,1,0,0,13,9,4,4,4,0,7.4,3,23.1,7.7,2019,22
SOU,1,2,1,1,1,0,0,16,10,4,4,2,2,6.1,9,56.3,12.5,2019,22
TOT,1,0,0,0,0,0,0,14,9,1,2,2,0,6.8,4,28.6,0.0,2019,22
WAT,1,3,3,0,2,0,0,18,13,3,2,7,0,5.3,5,27.8,16.7,2019,22
WHU,1,0,0,0,0,0,0,7,5,2,2,0,0,13.7,2,28.6,0.0,2019,22
WOL,1,1,1,0,1,0,1,9,5,4,3,3,0,10.6,3,33.3,11.1,2019,22
ARS,1,1,1,0,1,0,0,11,7,1,3,2,0,8.5,4,36.4,9.1,2019,23
AVL,1,1,1,0,0,0,0,8,7,2,4,0,0,12.0,3,37.5,12.5,2019,23
BOU,1,0,0,0,0,0,0,6,5,2,4,2,0,16.0,3,50.0,0.0,2019,23
BHA,1,1,1,0,0,0,0,10,8,2,3,5,0,9.6,2,20.0,10.0,2019,23
BUR,1,2,2,0,2,0,1,8,5,2,3,1,0,11.9,5,62.5,25.0,2019,23
CHE,1,0,0,0,0,0,0,19,8,3,2,9,0,5.1,3,15.8,0.0,2019,23
CRY,1,2,1,1,1,0,1,5,4,1,3,1,0,19.4,3,60.0,40.0,2019,23
EVE,1,1,1,0,1,0,1,11,8,4,5,3,0,8.6,3,27.3,9.1,2019,23
LEI,1,1,1,0,1,0,0,18,12,5,4,4,0,5.3,8,44.4,5.6,2019,23
LIV,1,2,2,0,1,0,1,16,12,3,3,5,0,5.9,5,31.3,12.5,2019,23
MCI,1,2,2,0,2,0,0,25,16,3,4,9,1,3.9,6,24.0,8.0,2019,23
MUN,1,0,0,0,0,0,0,9,4,2,2,1,0,10.4,4,44.4,0.0,2019,23
NEW,1,1,1,0,1,0,1,7,4,2,2,0,1,13.7,2,28.6,14.3,2019,23
NOR,1,1,1,0,1,1,0,16,7,2,2,7,0,6.0,4,25.0,6.3,2019,23
SHU,1,1,1,0,0,0,0,12,9,2,6,3,0,7.8,3,25.0,8.3,2019,23
SOU,1,2,2,0,0,0,1,11,9,0,3,1,2,8.8,5,45.5,18.2,2019,23
TOT,1,0,0,0,0,0,0,16,11,2,0,6,0,5.9,4,25.0,0.0,2019,23
WAT,1,0,0,0,0,0,0,15,11,4,2,5,0,6.3,2,13.3,0.0,2019,23
WHU,1,1,1,0,0,0,1,12,10,3,1,3,0,7.9,5,41.7,8.3,2019,23
WOL,1,3,3,0,3,1,0,8,6,4,1,1,0,12.1,4,50.0,37.5,2019,23
ARS,1,2,1,1,1,0,0,2,1,1,0,0,0,47.5,2,100.0,100.0,2019,24
AVL,1,2,2,0,1,0,1,16,13,1,7,3,0,6.0,5,31.3,12.5,2019,24
BOU,1,3,2,1,1,0,1,11,8,2,2,4,0,8.7,3,27.3,27.3,2019,24
BHA,1,1,1,0,0,0,0,21,9,3,3,7,0,4.6,8,38.1,4.8,2019,24
BUR,1,2,2,0,0,0,1,5,4,1,4,1,0,19.0,2,40.0,40.0,2019,24
CHE,1,2,2,0,2,1,1,19,15,5,7,6,0,5.0,8,42.1,10.5,2019,24
CRY,1,0,0,0,0,0,0,6,6,1,1,1,0,15.8,0,0.0,0.0,2019,24
EVE,1,2,2,0,2,0,0,17,7,4,5,2,1,5.6,8,47.1,11.8,2019,24
LEI,1,4,4,0,2,1,0,19,13,2,2,7,0,5.0,8,42.1,21.1,2019,24
LIV,2,4,4,0,2,1,1,26,17,6,6,9,1,7.2,11,42.3,15.4,2019,24
MCI,1,1,1,0,1,0,0,18,12,3,7,5,0,5.3,5,27.8,5.6,2019,24
MUN,1,0,0,0,0,0,0,24,11,0,3,7,0,4.0,7,29.2,0.0,2019,24
NEW,1,2,2,0,0,0,2,9,7,0,7,3,1,10.7,3,33.3,22.2,2019,24
NOR,1,1,1,0,1,1,0,13,8,1,4,4,0,7.5,2,15.4,7.7,2019,24
SHU,1,0,0,0,0,0,0,4,4,1,2,1,0,24.0,1,25.0,0.0,2019,24
SOU,1,2,0,2,0,0,0,15,6,2,3,3,0,6.3,6,40.0,13.3,2019,24
TOT,1,2,2,0,2,0,0,14,10,3,1,6,0,6.9,3,21.4,14.3,2019,24
WAT,1,1,1,0,1,0,0,8,8,3,0,3,0,12.0,2,25.0,12.5,2019,24
WHU,2,1,1,0,1,1,0,13,11,2,6,1,0,14.5,6,46.2,7.7,2019,24
WOL,1,1,1,0,1,0,0,10,8,4,2,2,0,9.4,3,30.0,10.0,2019,24
ARS,1,0,0,0,0,0,0,13,9,2,3,5,0,7.2,2,15.4,0.0,2019,25
AVL,1,1,1,0,1,0,0,17,14,1,3,4,1,5.6,4,23.5,5.9,2019,25
BOU,1,2,2,0,2,0,2,16,8,4,8,5,1,5.9,6,37.5,12.5,2019,25
BHA,1,3,2,1,0,0,1,19,12,4,5,3,0,5.1,6,31.6,15.8,2019,25
BUR,1,0,0,0,0,0,0,15,11,4,4,3,1,6.3,2,13.3,0.0,2019,25
CHE,1,2,2,0,1,0,2,7,6,2,3,3,0,13.7,3,42.9,28.6,2019,25
CRY,1,0,0,0,0,0,0,13,8,1,2,5,0,7.5,3,23.1,0.0,2019,25
EVE,1,3,3,0,2,0,2,12,9,4,5,3,0,8.0,5,41.7,25.0,2019,25
LEI,1,2,2,0,0,0,0,14,8,3,5,5,0,6.9,4,28.6,14.3,2019,25
LIV,1,4,3,1,2,0,0,16,11,6,4,4,0,5.9,9,56.3,25.0,2019,25
MCI,1,0,0,0,0,0,0,19,14,4,2,8,0,5.1,5,26.3,0.0,2019,25
MUN,1,0,0,0,0,0,0,16,6,2,4,3,0,5.9,5,31.3,0.0,2019,25
NEW,1,0,0,0,0,0,0,15,7,1,6,6,0,6.3,5,33.3,0.0,2019,25
NOR,1,0,0,0,0,0,0,19,13,3,7,6,0,5.0,4,21.1,0.0,2019,25
SHU,1,1,0,1,0,0,1,10,6,1,4,4,0,9.7,3,30.0,10.0,2019,25
SOU,1,0,0,0,0,0,0,17,11,0,5,6,0,5.6,4,23.5,0.0,2019,25
TOT,1,2,2,0,1,0,1,3,3,1,1,0,0,32.0,3,100.0,66.7,2019,25
WAT,1,2,2,0,1,0,0,11,8,1,5,3,0,8.7,2,18.2,18.2,2019,25
WHU,1,3,2,1,1,0,2,12,8,2,4,3,0,8.1,6,50.0,25.0,2019,25
WOL,1,0,0,0,0,0,0,15,13,2,6,6,0,6.3,4,26.7,0.0,2019,25
ARS,1,4,4,0,4,0,0,15,10,5,3,2,1,6.5,7,46.7,26.7,2019,26
AVL,1,2,1,1,1,0,1,18,12,2,8,6,0,5.3,4,22.2,11.1,2019,26
BOU,1,1,1,0,1,0,0,10,8,1,3,1,0,9.5,2,20.0,10.0,2019,26
BHA,1,1,0,1,0,0,0,10,7,1,2,3,0,9.5,2,20.0,10.0,2019,26
BUR,1,2,1,1,0,0,1,9,6,1,1,0,0,10.6,6,66.7,22.2,2019,26
CHE,1,0,0,0,0,0,0,17,11,1,7,10,1,5.6,1,5.9,0.0,2019,26
CRY,1,1,1,0,0,0,0,10,8,1,3,2,0,9.4,2,20.0,10.0,2019,26
EVE,1,3,3,0,2,0,1,14,11,4,4,2,1,6.7,8,57.1,21.4,2019,26
LEI,1,0,0,0,0,0,0,9,6,0,4,4,0,10.7,3,33.3,0.0,2019,26
LIV,1,1,1,0,0,0,0,17,11,2,3,4,0,5.5,6,35.3,5.9,2019,26
MCI,1,2,2,0,0,0,1,20,13,3,3,8,0,4.8,7,35.0,10.0,2019,26
MUN,1,2,2,0,0,0,1,9,7,1,4,2,1,10.7,3,33.3,22.2,2019,26
NEW,1,0,0,0,0,0,0,10,5,2,4,3,1,9.7,2,20.0,0.0,2019,26
NOR,1,0,0,0,0,0,0,5,3,0,1,1,1,18.6,1,20.0,0.0,2019,26
SHU,1,2,2,0,2,0,1,16,14,2,6,7,0,5.9,5,31.3,12.5,2019,26
SOU,1,1,0,1,0,0,0,10,6,1,2,3,1,9.5,2,20.0,10.0,2019,26
TOT,1,3,3,0,2,0,2,23,19,8,6,7,0,4.2,10,43.5,13.0,2019,26
WAT,1,1,1,0,0,0,0,5,3,0,1,1,0,19.0,2,40.0,20.0,2019,26
WHU,1,0,0,0,0,0,0,3,2,0,1,1,0,31.7,0,0.0,0.0,2019,26
WOL,1,0,0,0,0,0,0,15,11,2,7,4,0,6.4,3,20.0,0.0,2019,26
ARS,1,3,3,0,2,0,0,9,8,2,2,0,1,10.7,4,44.4,33.3,2019,27
AVL,1,0,0,0,0,0,0,4,3,1,0,3,0,24.0,1,25.0,0.0,2019,27
BOU,1,0,0,0,0,0,0,12,8,4,4,4,0,7.9,4,33.3,0.0,2019,27
BHA,1,1,1,0,1,0,1,9,6,1,5,3,0,10.6,2,22.2,11.1,2019,27
BUR,1,3,2,1,2,1,0,16,7,6,2,4,1,5.9,10,62.5,18.8,2019,27
CHE,1,2,1,1,0,0,0,17,8,3,4,2,2,5.6,7,41.2,11.8,2019,27
CRY,1,1,0,1,0,0,1,18,12,2,9,2,1,5.4,9,50.0,5.6,2019,27
EVE,1,2,2,0,1,0,2,17,12,3,6,4,0,5.6,5,29.4,11.8,2019,27
LEI,1,0,0,0,0,0,0,10,5,1,4,3,1,9.4,3,30.0,0.0,2019,27
LIV,1,3,3,0,1,0,0,25,18,2,11,8,2,3.8,7,28.0,12.0,2019,27
MCI,1,1,1,0,1,0,0,18,10,4,5,5,0,5.2,7,38.9,5.6,2019,27
MUN,1,3,3,0,1,1,0,21,15,3,2,4,0,4.5,8,38.1,14.3,2019,27
NEW,1,0,0,0,0,0,0,8,2,0,2,3,0,12.1,2,25.0,0.0,2019,27
NOR,1,0,0,0,0,0,0,6,3,0,0,1,0,16.0,4,66.7,0.0,2019,27
SHU,1,1,1,0,0,0,1,13,10,3,6,5,0,7.3,3,23.1,7.7,2019,27
SOU,1,2,1,1,2,0,0,28,13,5,8,8,0,3.4,9,32.1,7.1,2019,27
TOT,1,1,0,1,0,0,0,5,3,0,3,2,0,19.0,3,60.0,20.0,2019,27
WAT,1,0,0,0,0,0,0,7,4,0,3,3,1,13.4,2,28.6,0.0,2019,27
WHU,1,2,2,0,0,0,1,7,6,2,4,1,0,13.7,4,57.1,28.6,2019,27
WOL,1,3,3,0,3,0,1,19,13,5,7,4,1,5.1,6,31.6,15.8,2019,27
BOU,1,2,2,0,1,0,1,9,9,2,2,1,0,10.7,5,55.6,22.2,2019,28
BHA,1,0,0,0,0,0,0,23,13,2,7,6,0,4.1,8,34.8,0.0,2019,28
BUR,1,0,0,0,0,0,0,7,5,2,2,3,0,13.6,1,14.3,0.0,2019,28
CHE,1,2,2,0,1,0,0,23,14,2,7,5,1,4.2,6,26.1,8.7,2019,28
CRY,1,1,1,0,1,0,0,12,11,4,4,3,1,7.9,3,25.0,8.3,2019,28
EVE,1,1,1,0,0,0,0,16,12,4,9,5,1,5.9,5,31.3,6.3,2019,28
LEI,1,0,0,0,0,0,0,19,11,0,4,7,1,5.1,4,21.1,0.0,2019,28
LIV,1,0,0,0,0,0,0,7,3,0,2,2,1,13.4,1,14.3,0.0,2019,28
MUN,1,1,0,1,0,0,0,14,5,1,2,4,1,6.8,5,35.7,7.1,2019,28
NEW,1,0,0,0,0,0,0,21,12,0,8,11,0,4.5,4,19.0,0.0,2019,28
NOR,1,1,1,0,0,0,0,11,6,0,4,4,0,8.7,6,54.5,9.1,2019,28
SOU,1,1,1,0,1,0,0,10,7,1,5,5,0,9.4,2,20.0,10.0,2019,28
TOT,1,2,2,0,1,0,0,13,10,3,2,6,0,7.4,5,38.5,15.4,2019,28
WAT,1,3,3,0,3,0,1,14,10,6,1,2,0,6.7,5,35.7,21.4,2019,28
WHU,1,3,3,0,3,0,0,14,10,5,3,2,0,6.7,7,50.0,21.4,2019,28
WOL,1,3,3,0,3,0,0,14,11,4,4,3,0,6.9,4,28.6,21.4,2019,28
ARS,1,1,1,0,1,0,0,9,6,3,1,4,1,10.7,2,22.2,11.1,2019,29
AVL,1,0,0,0,0,0,0,4,2,1,1,0,0,23.5,1,25.0,0.0,2019,29
BOU,1,1,1,0,1,0,0,6,5,2,1,3,0,15.8,3,50.0,16.7,2019,29
BHA,1,0,0,0,0,0,0,7,2,0,0,2,0,13.4,1,14.3,0.0,2019,29
BUR,1,1,1,0,1,0,0,21,13,4,8,10,0,4.5,7,33.3,4.8,2019,29
CHE,1,4,3,1,2,0,1,17,9,3,4,1,0,5.5,11,64.7,23.5,2019,29
CRY,1,1,0,1,0,0,0,10,5,1,4,4,0,9.6,3,30.0,10.0,2019,29
EVE,1,0,0,0,0,0,0,3,2,1,1,1,0,31.3,1,33.3,0.0,2019,29
LEI,1,4,3,1,2,1,0,15,12,3,5,1,0,6.3,7,46.7,26.7,2019,29
LIV,1,2,2,0,1,0,0,14,8,3,2,4,1,6.8,6,42.9,14.3,2019,29
MCI,1,0,0,0,0,0,0,7,4,1,2,0,0,14.0,4,57.1,0.0,2019,29
MUN,1,2,1,1,1,0,1,12,8,2,3,4,0,8.2,6,50.0,16.7,2019,29
NEW,1,1,1,0,0,0,0,14,11,6,3,4,0,6.9,7,50.0,7.1,2019,29
NOR,1,0,0,0,0,0,0,12,8,3,7,4,1,7.9,4,33.3,0.0,2019,29
SHU,1,1,1,0,1,0,0,10,9,1,4,3,0,9.5,3,30.0,10.0,2019,29
SOU,1,0,0,0,0,0,0,6,4,0,2,2,0,16.0,3,50.0,0.0,2019,29
TOT,1,1,1,0,1,1,0,13,4,1,3,5,0,7.3,2,15.4,7.7,2019,29
WAT,1,0,0,0,0,0,0,10,7,0,2,5,0,9.6,3,30.0,0.0,2019,29
WHU,1,0,0,0,0,0,0,14,7,3,3,2,0,6.9,6,42.9,0.0,2019,29
WOL,1,0,0,0,0,0,0,11,5,1,0,3,0,8.5,1,9.1,0.0,2019,29
ARS,2,1,1,0,0,0,0,16,11,1,3,5,1,12.4,6,37.5,6.3,2019,30
AVL,2,1,1,0,1,0,1,22,18,4,18,4,0,8.7,10,45.5,4.5,2019,30
BOU,1,0,0,0,0,0,0,12,6,0,6,4,0,8.2,1,8.3,0.0,2019,30
BHA,1,2,2,0,1,0,1,9,7,1,3,2,0,10.8,5,55.6,22.2,2019,30
BUR,1,0,0,0,0,0,0,1,0,0,1,0,0,93.0,0,0.0,0.0,2019,30
CHE,1,2,2,0,1,0,0,19,8,1,5,7,0,5.1,5,26.3,10.5,2019,30
CRY,1,2,1,1,1,0,1,7,5,1,3,1,0,14.0,2,28.6,28.6,2019,30
EVE,1,0,0,0,0,0,0,8,7,1,2,2,0,11.8,3,37.5,0.0,2019,30
LEI,1,1,1,0,0,0,0,15,5,1,2,6,1,6.4,2,13.3,6.7,2019,30
LIV,1,0,0,0,0,0,0,10,5,0,6,3,0,9.4,3,30.0,0.0,2019,30
MCI,2,8,7,1,4,2,2,39,26,8,7,8,0,5.0,19,48.7,20.5,2019,30
MUN,1,1,1,0,1,1,0,12,7,3,0,2,0,8.1,6,50.0,8.3,2019,30
NEW,1,3,2,1,2,0,0,12,7,4,2,2,0,7.8,8,66.7,25.0,2019,30
NOR,1,0,0,0,0,0,0,9,5,1,3,5,0,10.6,1,11.1,0.0,2019,30
SHU,2,0,0,0,0,0,0,12,9,1,3,6,0,15.8,2,16.7,0.0,2019,30
SOU,1,3,2,1,0,0,0,22,14,2,6,8,1,4.3,8,36.4,13.6,2019,30
TOT,1,1,1,0,0,0,0,10,4,1,4,4,0,9.7,3,30.0,10.0,2019,30
WAT,1,1,1,0,1,0,1,8,7,3,4,1,0,12.0,4,50.0,12.5,2019,30
WHU,1,0,0,0,0,0,0,7,3,1,1,3,0,13.4,2,28.6,0.0,2019,30
WOL,1,2,2,0,1,0,0,10,6,1,1,3,0,9.4,6,60.0,20.0,2019,30
ARS,1,2,2,0,2,0,1,10,6,3,3,2,1,9.7,5,50.0,20.0,2019,31
AVL,1,1,1,0,0,0,1,14,7,2,4,5,0,6.9,2,14.3,7.1,2019,31
BOU,1,0,0,0,0,0,0,4,1,0,2,2,0,23.8,0,0.0,0.0,2019,31
BHA,1,0,0,0,0,0,0,10,5,1,5,5,0,9.4,2,20.0,0.0,2019,31
BUR,1,1,1,0,0,0,0,9,7,3,1,1,1,10.8,4,44.4,11.1,2019,31
CHE,1,2,1,1,2,1,0,15,14,7,4,5,0,6.5,7,46.7,13.3,2019,31
CRY,1,0,0,0,0,0,0,3,0,0,0,0,0,31.3,0,0.0,0.0,2019,31
EVE,1,1,1,0,0,0,1,12,7,0,5,4,0,8.1,5,41.7,8.3,2019,31
LEI,1,0,0,0,0,0,0,11,7,0,6,2,0,8.5,2,18.2,0.0,2019,31
LIV,1,4,2,2,2,0,1,21,14,3,5,4,1,4.5,7,33.3,19.0,2019,31
MCI,1,1,0,1,0,0,1,11,5,1,5,3,1,8.8,2,18.2,9.1,2019,31
MUN,1,3,3,0,3,0,0,15,11,4,2,4,0,6.3,6,40.0,20.0,2019,31
NEW,1,1,1,0,1,0,0,13,4,1,3,6,0,7.4,3,23.1,7.7,2019,31
NOR,1,0,0,0,0,0,0,9,3,0,2,6,0,10.8,1,11.1,0.0,2019,31
SHU,1,0,0,0,0,0,0,4,2,0,0,2,0,23.5,1,25.0,0.0,2019,31
SOU,1,0,0,0,0,0,0,12,8,0,3,2,0,8.1,3,25.0,0.0,2019,31
TOT,1,2,0,2,1,0,1,15,8,3,2,0,0,6.3,4,26.7,13.3,2019,31
WAT,1,0,0,0,0,0,0,10,7,0,8,1,0,9.7,3,30.0,0.0,2019,31
WHU,1,0,0,0,0,0,0,10,6,0,4,1,1,9.5,2,20.0,0.0,2019,31
WOL,1,1,1,0,0,0,0,10,5,1,3,1,0,9.5,2,20.0,10.0,2019,31
ARS,1,4,3,1,3,0,1,13,8,4,5,1,0,7.2,8,61.5,30.8,2019,32
AVL,1,0,0,0,0,0,0,11,9,0,4,2,0,8.7,1,9.1,0.0,2019,32
BOU,1,1,1,0,0,0,1,12,4,1,6,5,1,8.0,1,8.3,8.3,2019,32
BHA,1,0,0,0,0,0,0,8,5,0,2,1,0,11.8,2,25.0,0.0,2019,32
BUR,1,1,1,0,0,0,1,8,7,0,3,1,0,11.9,4,50.0,12.5,2019,32
CHE,1,2,1,1,1,1,1,17,11,1,5,2,0,5.6,6,35.3,11.8,2019,32
CRY,1,0,0,0,0,0,0,17,10,1,9,7,0,5.6,4,23.5,0.0,2019,32
EVE,1,2,2,0,1,1,0,7,5,1,1,3,0,13.9,2,28.6,28.6,2019,32
LEI,1,1,1,0,1,0,0,15,9,2,3,6,0,6.5,3,20.0,6.7,2019,32
LIV,1,0,0,0,0,0,0,11,9,3,1,6,1,8.7,3,27.3,0.0,2019,32
MCI,1,4,3,1,2,1,0,14,10,4,0,3,0,6.9,5,35.7,28.6,2019,32
MUN,1,3,2,1,1,0,0,12,7,1,2,2,1,7.8,6,50.0,25.0,2019,32
NEW,1,4,4,0,3,0,0,12,7,4,0,1,1,8.0,7,58.3,33.3,2019,32
NOR,1,0,0,0,0,0,0,8,0,0,1,3,1,11.8,2,25.0,0.0,2019,32
SHU,1,3,3,0,2,0,0,7,5,2,0,0,0,13.6,5,71.4,42.9,2019,32
SOU,1,3,1,2,0,0,1,11,6,2,4,1,1,8.7,7,63.6,27.3,2019,32
TOT,1,1,1,0,1,0,0,9,6,1,5,2,0,10.6,2,22.2,11.1,2019,32
WAT,1,1,0,1,0,0,0,8,3,0,4,6,0,12.0,0,0.0,12.5,2019,32
WHU,1,3,3,0,2,0,1,10,8,3,2,4,0,9.5,4,40.0,30.0,2019,32
WOL,1,1,1,0,0,0,0,9,7,1,3,1,0,10.7,2,22.2,11.1,2019,32
ARS,1,2,2,0,1,0,0,8,6,2,2,3,0,12.0,4,50.0,25.0,2019,33
AVL,1,0,0,0,0,0,0,9,6,1,2,2,0,10.7,3,33.3,0.0,2019,33
BOU,1,2,2,0,2,1,0,7,5,3,1,1,1,13.7,3,42.9,28.6,2019,33
BHA,1,1,1,0,1,0,0,8,6,1,2,3,0,12.1,2,25.0,12.5,2019,33
BUR,1,1,1,0,1,0,1,9,5,3,2,0,0,10.7,4,44.4,11.1,2019,33
CHE,1,3,3,0,1,1,0,21,12,3,7,8,0,4.5,9,42.9,14.3,2019,33
CRY,1,0,0,0,0,0,0,7,5,1,4,1,0,13.9,1,14.3,0.0,2019,33
EVE,1,0,0,0,0,0,0,11,3,0,5,4,0,8.7,3,27.3,0.0,2019,33
LEI,1,3,3,0,3,0,0,15,11,5,3,5,1,6.5,4,26.7,20.0,2019,33
LIV,1,2,2,0,1,0,0,6,3,1,0,1,0,16.0,4,66.7,33.3,2019,33
MCI,1,0,0,0,0,0,0,26,19,5,4,11,1,3.7,6,23.1,0.0,2019,33
MUN,1,5,3,2,1,1,1,19,9,4,7,5,0,5.1,10,52.6,26.3,2019,33
NEW,1,2,2,0,2,0,0,11,5,2,3,2,0,8.6,4,36.4,18.2,2019,33
NOR,1,0,0,0,0,0,0,12,7,0,0,7,1,8.1,1,8.3,0.0,2019,33
SHU,1,1,1,0,1,0,1,10,7,3,5,4,0,9.6,3,30.0,10.0,2019,33
SOU,1,1,0,1,0,0,0,8,3,1,1,1,0,12.1,4,50.0,12.5,2019,33
TOT,1,1,0,1,0,0,0,12,4,0,4,4,0,8.0,2,16.7,8.3,2019,33
WAT,1,0,0,0,0,0,0,7,3,1,4,0,0,13.6,3,42.9,0.0,2019,33
WHU,1,2,2,0,1,0,1,17,13,3,5,4,1,5.6,7,41.2,11.8,2019,33
WOL,1,0,0,0,0,0,0,10,6,2,2,4,0,9.6,1,10.0,0.0,2019,33
ARS,1,1,1,0,1,0,0,11,8,2,5,2,0,9.0,7,63.6,9.1,2019,34
AVL,1,0,0,0,0,0,0,9,4,1,2,3,1,10.4,1,11.1,0.0,2019,34
BOU,1,0,0,0,0,0,0,9,7,1,5,4,0,11.4,2,22.2,0.0,2019,34
BHA,1,1,1,0,1,0,0,12,10,5,4,3,0,8.1,2,16.7,8.3,2019,34
BUR,1,1,1,0,0,0,0,8,8,1,1,1,0,12.1,4,50.0,12.5,2019,34
CHE,1,3,3,0,2,0,0,14,11,5,4,2,0,6.9,6,42.9,21.4,2019,34
CRY,1,2,1,1,1,0,0,13,9,2,5,5,0,7.4,4,30.8,15.4,2019,34
EVE,1,1,1,0,1,0,0,11,5,3,6,3,0,8.5,4,36.4,9.1,2019,34
LEI,1,1,1,0,1,0,0,13,8,1,2,1,0,7.6,5,38.5,7.7,2019,34
LIV,1,3,2,1,1,0,1,20,17,4,3,7,0,4.9,8,40.0,15.0,2019,34
MCI,1,5,3,2,3,0,1,23,16,4,4,8,0,4.1,9,39.1,21.7,2019,34
MUN,1,3,1,2,1,1,1,14,10,4,2,2,1,6.7,6,42.9,21.4,2019,34
NEW,1,0,0,0,0,0,0,6,3,0,2,5,0,15.7,1,16.7,0.0,2019,34
NOR,1,1,1,0,0,0,0,12,8,2,4,3,0,7.9,3,25.0,8.3,2019,34
SHU,1,1,1,0,0,0,1,7,6,0,1,1,0,13.6,3,42.9,14.3,2019,34
SOU,1,1,1,0,1,0,0,16,11,2,5,6,1,5.8,4,25.0,6.3,2019,34
TOT,1,0,0,0,0,0,0,9,5,0,4,5,0,11.4,0,0.0,0.0,2019,34
WAT,1,2,2,0,1,0,1,9,7,1,4,0,0,10.6,4,44.4,22.2,2019,34
WHU,1,0,0,0,0,0,0,21,15,3,8,10,1,4.6,4,19.0,0.0,2019,34
WOL,1,0,0,0,0,0,0,6,2,0,3,0,1,15.8,1,16.7,0.0,2019,34
ARS,1,1,0,1,0,0,0,13,8,0,5,3,1,7.3,4,30.8,7.7,2019,35
AVL,1,2,2,0,2,0,1,12,6,4,3,2,0,8.0,9,75.0,16.7,2019,35
BOU,1,4,3,1,3,1,0,9,7,4,2,2,0,10.8,4,44.4,44.4,2019,35
BHA,1,0,0,0,0,0,0,3,3,0,1,0,0,31.0,0,0.0,0.0,2019,35
BUR,1,1,1,0,0,0,1,6,5,1,3,2,1,15.8,2,33.3,16.7,2019,35
CHE,1,0,0,0,0,0,0,15,10,2,4,4,0,6.3,4,26.7,0.0,2019,35
CRY,1,0,0,0,0,0,0,9,9,1,2,1,0,10.7,5,55.6,0.0,2019,35
EVE,1,0,0,0,0,0,0,6,5,0,1,3,0,15.8,2,33.3,0.0,2019,35
LEI,1,1,1,0,1,0,0,13,9,1,2,5,0,7.5,5,38.5,7.7,2019,35
LIV,1,1,1,0,0,0,1,23,16,2,5,9,1,4.1,9,39.1,4.3,2019,35
MCI,1,5,4,1,3,0,1,26,20,7,7,6,2,3.6,8,30.8,19.2,2019,35
MUN,1,2,2,0,1,0,0,8,4,3,0,1,0,12.5,4,50.0,25.0,2019,35
NEW,1,1,1,0,1,0,1,8,5,2,3,0,0,12.0,4,50.0,12.5,2019,35
NOR,1,0,0,0,0,0,0,11,5,0,1,3,0,8.5,2,18.2,0.0,2019,35
SHU,1,3,3,0,2,0,0,9,9,3,2,2,0,10.4,4,44.4,33.3,2019,35
SOU,1,2,2,0,2,0,1,9,7,2,2,2,0,11.1,5,55.6,22.2,2019,35
TOT,1,2,2,0,1,0,1,15,9,4,2,5,0,6.3,9,60.0,13.3,2019,35
WAT,1,2,2,0,2,2,0,17,15,3,7,7,0,5.6,5,29.4,11.8,2019,35
WHU,1,4,4,0,3,0,2,19,15,6,6,1,0,4.9,7,36.8,21.1,2019,35
WOL,1,3,3,0,3,1,1,14,10,5,3,3,1,6.8,7,50.0,21.4,2019,35
ARS,1,2,2,0,2,0,0,3,3,3,0,0,0,32.0,2,66.7,66.7,2019,36
AVL,1,1,1,0,1,0,1,15,7,2,2,7,0,6.3,1,6.7,6.7,2019,36
BOU,1,1,1,0,1,0,0,15,13,2,2,6,0,6.5,3,20.0,6.7,2019,36
BHA,1,1,1,0,0,0,1,10,10,0,4,4,0,9.7,2,20.0,10.0,2019,36
BUR,1,1,1,0,1,1,0,9,7,2,2,4,0,10.8,1,11.1,11.1,2019,36
CHE,1,1,1,0,1,0,0,22,18,4,5,4,0,4.3,6,27.3,4.5,2019,36
CRY,1,0,0,0,0,0,0,13,8,0,3,4,0,7.8,5,38.5,0.0,2019,36
EVE,1,1,1,0,0,0,0,9,5,1,1,2,0,10.6,1,11.1,11.1,2019,36
LEI,1,2,2,0,1,0,0,15,11,6,1,5,1,6.3,7,46.7,13.3,2019,36
LIV,1,1,1,0,1,0,0,24,17,3,5,9,0,4.0,8,33.3,4.2,2019,36
MCI,1,2,1,1,0,0,1,8,6,0,1,0,0,12.1,4,50.0,25.0,2019,36
MUN,1,2,2,0,2,0,0,17,12,3,4,3,1,6.0,5,29.4,11.8,2019,36
NEW,1,1,1,0,0,0,0,22,13,1,4,6,1,4.4,6,27.3,4.5,2019,36
NOR,1,0,0,0,0,0,0,2,1,0,0,2,0,47.0,0,0.0,0.0,2019,36
SHU,1,0,0,0,0,0,0,5,4,1,3,1,0,19.0,1,20.0,0.0,2019,36
SOU,1,1,1,0,1,0,0,21,14,4,4,9,1,4.6,5,23.8,4.8,2019,36
TOT,1,3,3,0,2,0,0,8,5,3,2,2,0,12.0,5,62.5,37.5,2019,36
WAT,1,1,1,0,1,0,0,14,12,2,1,5,1,6.9,3,21.4,7.1,2019,36
WHU,1,3,2,1,2,0,1,10,5,2,3,4,0,9.6,4,40.0,30.0,2019,36
WOL,1,1,1,0,0,0,0,14,10,1,2,3,0,6.9,5,35.7,7.1,2019,36
ARS,1,0,0,0,0,0,0,7,5,1,3,3,1,13.6,0,0.0,0.0,2019,37
AVL,1,1,1,0,0,0,1,8,6,1,3,1,0,11.9,3,37.5,12.5,2019,37
BOU,1,0,0,0,0,0,0,11,7,0,6,4,0,9.0,3,27.3,0.0,2019,37
BHA,1,0,0,0,0,0,0,11,8,1,5,3,0,8.7,3,27.3,0.0,2019,37
BUR,1,2,1,1,0,0,1,23,14,2,7,8,0,4.1,8,34.8,8.7,2019,37
CHE,1,3,3,0,2,0,0,10,9,5,0,0,0,9.6,5,50.0,30.0,2019,37
CRY,1,0,0,0,0,0,0,7,4,0,1,3,0,13.4,3,42.9,0.0,2019,37
EVE,1,1,1,0,0,0,1,5,4,1,2,0,1,19.2,2,40.0,20.0,2019,37
LEI,1,0,0,0,0,0,0,24,13,0,8,10,0,4.0,6,25.0,0.0,2019,37
LIV,1,5,3,2,2,0,2,10,8,4,5,1,0,9.6,7,70.0,50.0,2019,37
MCI,1,4,4,0,3,0,2,26,17,7,7,10,0,3.7,10,38.5,15.4,2019,37
MUN,1,1,1,0,0,0,0,11,6,2,0,2,0,8.6,4,36.4,9.1,2019,37
NEW,1,0,0,0,0,0,0,12,9,1,7,7,0,8.0,1,8.3,0.0,2019,37
NOR,1,0,0,0,0,0,0,6,5,1,5,2,0,15.8,2,33.3,0.0,2019,37
SHU,1,0,0,0,0,0,0,8,7,0,2,5,0,12.0,0,0.0,0.0,2019,37
SOU,1,2,1,1,1,0,0,16,11,4,4,5,0,6.2,8,50.0,12.5,2019,37
TOT,1,3,2,1,1,0,0,7,6,1,1,3,0,13.6,3,42.9,42.9,2019,37
WAT,1,0,0,0,0,0,0,2,2,1,1,0,0,47.5,1,50.0,0.0,2019,37
WHU,1,1,1,0,1,1,0,12,7,1,5,3,0,7.9,3,25.0,8.3,2019,37
WOL,1,2,2,0,1,0,0,11,9,2,2,3,0,8.5,5,45.5,18.2,2019,37
ARS,1,3,3,0,1,1,1,13,11,2,4,4,0,7.5,5,38.5,23.1,2019,38
AVL,1,1,1,0,0,0,0,13,9,1,3,3,0,7.3,4,30.8,7.7,2019,38
BOU,1,3,3,0,1,1,1,13,8,2,5,4,0,7.3,7,53.8,23.1,2019,38
BHA,1,2,1,1,0,0,1,15,9,2,1,5,1,6.4,4,26.7,13.3,2019,38
BUR,1,1,1,0,1,0,0,13,10,3,3,4,0,7.4,1,7.7,7.7,2019,38
CHE,1,2,1,1,1,0,1,11,8,1,5,3,0,8.6,3,27.3,18.2,2019,38
CRY,1,1,1,0,1,0,1,13,10,1,8,2,0,7.2,2,15.4,7.7,2019,38
EVE,1,1,1,0,1,0,0,13,11,2,1,3,0,7.3,5,38.5,7.7,2019,38
LEI,1,0,0,0,0,0,0,14,9,0,3,4,1,7.1,3,21.4,0.0,2019,38
LIV,1,3,2,1,0,0,1,14,7,0,3,3,1,6.7,6,42.9,21.4,2019,38
MCI,1,5,4,1,2,0,0,31,24,2,4,10,0,3.0,9,29.0,16.1,2019,38
MUN,1,2,2,0,2,1,0,7,7,2,1,1,0,14.1,3,42.9,28.6,2019,38
NEW,1,1,1,0,1,0,1,3,1,1,2,0,0,31.3,2,66.7,33.3,2019,38
NOR,1,0,0,0,0,0,0,5,2,2,0,0,0,18.8,4,80.0,0.0,2019,38
SHU,1,1,1,0,1,0,0,5,5,3,0,2,0,19.0,3,60.0,20.0,2019,38
SOU,1,3,3,0,2,1,0,13,7,2,1,6,0,7.3,4,30.8,23.1,2019,38
TOT,1,1,1,0,0,0,0,7,5,0,2,2,0,13.4,2,28.6,14.3,2019,38
WAT,1,2,2,0,2,1,0,19,16,7,8,6,0,5.1,6,31.6,10.5,2019,38
WHU,1,1,0,1,0,0,0,10,3,1,3,3,0,9.5,1,10.0,10.0,2019,38
WOL,1,0,0,0,0,0,0,5,1,0,3,3,0,19.0,1,20.0,0.0,2019,38
