Team,Games Played,Goals Conceded,Clean Sheets,Shots ConcededIn,Shots ConcededOut,Shots ConcededTotal,Shots ConcededOn Target,Shots ConcededHead,Shots ConcededSP,Shots ConcededBC,Crosses ConcededLeft Flank,Crosses ConcededRight Flank,Chances ConcededLeft Flank,Chances ConcededCentre,Chances ConcededRight Flank,Defensive SlipsLost,Defensive SlipsErr,Defensive SlipsErr Goal,Season,GW ID
ARS,1,3,0,6,4,10,5,1,1,4,4,3,2,3,2,11,1,0,2013,1
AVL,2,3,0,14,16,30,7,5,4,4,21,13,7,10,9,20,0,0,2013,1
CAR,1,2,0,10,8,18,4,4,2,1,14,5,4,4,6,12,0,0,2013,1
CHE,2,1,1,6,9,14,5,2,4,2,24,11,4,3,5,23,0,0,2013,1
CRY,1,1,0,9,9,18,3,3,3,3,12,12,6,2,7,17,0,0,2013,1
EVE,1,2,0,4,4,8,2,1,1,1,11,11,1,3,1,17,0,0,2013,1
FUL,1,0,1,6,15,21,3,2,5,1,15,13,6,2,5,7,0,0,2013,1
HUL,1,2,0,13,10,23,6,2,5,2,4,7,4,5,7,5,2,0,2013,1
LIV,1,0,1,7,5,12,5,3,5,3,7,10,4,1,3,6,1,0,2013,1
MCI,1,0,1,1,5,6,1,0,0,0,2,5,3,1,1,11,0,0,2013,1
MUN,1,1,0,11,6,17,6,3,3,2,20,17,2,7,4,5,1,1,2013,1
NEW,1,4,0,17,3,20,11,7,4,5,15,10,6,3,7,8,1,0,2013,1
NOR,1,2,0,13,7,20,6,3,7,3,10,15,3,5,7,13,0,0,2013,1
SOU,1,0,1,6,5,11,1,2,3,1,11,11,3,1,1,5,0,0,2013,1
STK,1,1,0,17,8,25,11,2,6,4,15,8,5,10,6,12,1,0,2013,1
SUN,1,1,0,1,4,5,1,1,3,1,3,5,3,1,0,8,0,0,2013,1
SWA,1,4,0,12,2,14,7,3,5,2,7,4,4,1,4,4,1,0,2013,1
TOT,1,0,1,3,2,5,3,1,2,0,5,9,0,2,2,7,0,0,2013,1
WBA,1,1,0,4,4,8,3,1,1,1,16,17,1,3,0,6,0,0,2013,1
WHU,1,0,1,4,8,12,1,1,3,1,9,7,1,6,2,4,0,0,2013,1
ARS,1,1,0,4,12,16,7,0,2,1,13,5,4,3,4,14,0,0,2013,2
AVL,1,1,0,3,2,5,1,1,0,0,8,1,2,0,3,9,0,0,2013,2
CAR,1,2,0,12,4,16,5,4,4,0,20,12,2,6,7,3,0,0,2013,2
CHE,1,0,1,7,5,12,3,1,1,0,16,9,2,5,2,7,0,0,2013,2
CRY,1,2,0,8,6,14,4,3,3,2,15,11,4,4,5,13,0,0,2013,2
EVE,1,0,1,2,5,7,2,0,1,0,4,2,1,6,1,2,0,0,2013,2
FUL,1,3,0,12,7,19,8,2,4,3,10,8,5,7,3,10,0,0,2013,2
HUL,1,0,1,3,10,13,4,3,1,0,12,9,5,3,2,8,1,0,2013,2
LIV,1,0,1,7,10,17,3,3,7,1,13,10,2,5,5,11,0,0,2013,2
MCI,1,3,0,6,3,9,6,1,3,4,8,2,3,1,1,7,2,1,2013,2
MUN,1,0,1,2,6,8,4,1,0,0,7,5,1,2,2,10,0,0,2013,2
NEW,1,0,1,5,1,6,1,1,1,1,9,14,2,1,1,3,0,0,2013,2
NOR,1,1,0,4,3,7,2,1,1,1,6,8,1,1,4,9,0,0,2013,2
SOU,1,1,0,4,4,8,3,1,2,2,4,10,3,1,2,2,0,0,2013,2
STK,1,1,0,7,7,14,5,1,4,0,5,3,2,4,4,6,3,1,2013,2
SUN,1,1,0,10,7,17,6,8,4,1,11,15,4,3,7,8,0,0,2013,2
SWA,1,1,0,11,10,21,6,1,6,4,13,11,7,4,5,22,0,0,2013,2
TOT,1,0,1,3,4,7,5,0,2,0,3,7,0,2,3,10,0,0,2013,2
WBA,1,0,1,13,9,22,8,4,9,1,10,18,6,5,4,15,0,0,2013,2
WHU,1,0,1,7,9,16,0,4,6,1,16,14,2,6,4,12,0,0,2013,2
ARS,1,0,1,4,10,14,4,0,5,0,13,12,5,6,0,14,0,0,2013,3
CAR,1,0,1,6,7,13,3,3,2,1,16,17,1,4,5,12,0,0,2013,3
CRY,1,1,0,7,3,10,2,2,2,0,14,12,2,3,2,10,0,0,2013,3
EVE,1,0,1,0,4,4,1,0,3,0,7,6,1,0,1,12,0,0,2013,3
FUL,1,1,0,13,11,24,9,6,6,2,25,16,8,3,7,10,0,0,2013,3
HUL,1,2,0,9,3,12,6,7,6,2,14,8,7,1,3,4,0,0,2013,3
LIV,1,0,1,4,6,10,4,1,3,0,16,16,1,3,3,7,2,0,2013,3
MCI,1,0,1,3,4,7,2,1,1,1,7,11,1,1,1,7,1,0,2013,3
MUN,1,1,0,4,7,11,5,2,5,1,2,2,4,2,2,11,1,0,2013,3
NEW,1,0,1,1,2,3,2,0,1,1,5,6,0,1,0,4,1,0,2013,3
NOR,1,0,1,4,7,11,2,0,5,0,12,6,2,4,1,6,0,0,2013,3
SOU,1,1,0,8,6,14,4,3,5,2,14,7,3,1,5,6,0,0,2013,3
STK,1,0,1,5,4,9,0,3,4,0,12,7,2,3,4,16,0,0,2013,3
SUN,1,3,0,6,12,18,7,0,2,1,10,10,6,5,2,14,0,0,2013,3
SWA,1,0,1,7,3,10,1,4,3,1,7,13,3,3,1,16,1,0,2013,3
TOT,1,1,0,5,7,12,5,2,3,0,5,7,4,3,1,9,1,1,2013,3
WBA,1,2,0,6,6,12,4,0,3,1,11,13,2,6,2,9,0,0,2013,3
WHU,1,1,0,5,10,15,5,2,2,1,8,11,2,4,3,7,1,0,2013,3
ARS,1,1,0,9,9,18,3,4,6,1,12,11,4,5,4,2,0,0,2013,4
AVL,1,2,0,8,9,17,8,1,1,3,8,4,4,4,5,14,0,0,2013,4
CAR,1,1,0,9,9,18,5,2,6,2,16,11,6,5,2,5,0,0,2013,4
CHE,1,1,0,8,3,11,5,5,3,1,13,4,3,1,4,18,0,0,2013,4
CRY,1,2,0,12,8,20,8,0,5,2,21,19,4,6,5,9,1,1,2013,4
EVE,1,0,1,16,6,22,5,4,4,2,25,10,8,4,4,9,2,0,2013,4
FUL,1,1,0,8,4,12,4,5,2,2,13,13,4,4,3,4,0,0,2013,4
HUL,1,1,0,3,7,10,2,2,2,2,10,4,4,1,1,6,0,0,2013,4
LIV,1,2,0,8,10,18,8,1,2,0,11,14,1,6,5,8,0,0,2013,4
MCI,1,0,1,5,6,11,3,2,1,3,9,9,2,4,1,9,0,0,2013,4
MUN,1,0,1,3,1,4,0,0,2,1,1,0,2,1,1,3,0,0,2013,4
NEW,1,1,0,6,4,10,1,1,2,1,11,5,3,2,2,11,1,0,2013,4
NOR,1,2,0,9,14,23,7,1,4,3,18,15,7,8,5,16,2,1,2013,4
SOU,1,0,1,4,2,6,1,0,0,0,10,11,1,0,2,9,0,0,2013,4
STK,1,0,1,2,8,10,3,1,2,0,15,6,3,3,0,7,1,0,2013,4
SUN,1,3,0,12,2,14,6,2,4,3,15,8,4,3,3,6,0,0,2013,4
SWA,1,2,0,7,5,12,5,2,4,2,11,7,2,2,3,7,2,2,2013,4
TOT,1,0,1,3,2,5,1,0,3,2,5,2,1,0,1,5,0,0,2013,4
WBA,1,1,0,5,7,12,2,1,1,2,15,10,3,3,3,7,0,0,2013,4
WHU,1,0,1,11,4,15,5,3,6,1,15,8,4,3,3,5,1,0,2013,4
ARS,1,1,0,6,4,10,3,4,6,2,10,15,5,1,1,6,0,0,2013,5
AVL,1,0,1,9,4,13,2,2,4,3,29,16,5,3,4,5,0,0,2013,5
CAR,1,1,0,14,15,29,12,3,7,1,17,16,9,7,5,10,0,0,2013,5
CHE,1,0,1,3,1,4,1,2,1,1,6,6,1,3,0,3,0,0,2013,5
CRY,1,2,0,8,7,15,7,1,3,3,14,8,5,3,5,8,0,0,2013,5
EVE,1,2,0,4,6,10,2,2,2,1,4,11,2,1,3,8,0,0,2013,5
FUL,1,2,0,13,11,24,9,4,6,2,29,9,5,6,8,6,1,1,2013,5
HUL,1,2,0,6,9,15,2,2,1,2,9,11,2,5,7,10,0,0,2013,5
LIV,1,1,0,8,4,12,7,1,2,1,13,6,2,3,3,8,1,0,2013,5
MCI,1,1,0,8,6,14,3,4,3,0,14,11,5,2,2,10,0,0,2013,5
MUN,1,4,0,7,11,18,5,2,4,2,11,11,2,9,3,3,1,0,2013,5
NEW,1,3,0,9,3,12,5,2,2,1,6,7,2,3,4,5,1,0,2013,5
NOR,1,1,0,9,7,16,4,1,3,2,4,9,1,8,5,6,0,0,2013,5
SOU,1,0,1,4,6,10,5,1,5,0,10,8,5,1,1,24,0,0,2013,5
STK,1,3,0,12,5,17,8,3,6,1,9,3,5,6,2,9,0,0,2013,5
SUN,1,3,0,10,3,13,4,4,4,4,15,8,4,2,3,8,0,0,2013,5
SWA,1,0,1,1,9,9,1,0,2,0,15,9,3,3,1,9,0,0,2013,5
TOT,1,0,1,3,3,6,0,0,1,0,9,2,3,1,1,5,0,0,2013,5
WBA,1,0,1,3,4,7,0,0,2,1,12,15,1,1,3,3,0,0,2013,5
WHU,1,3,0,5,5,10,4,2,3,0,7,16,3,1,2,9,0,0,2013,5
ARS,1,1,0,3,7,10,3,0,2,2,12,8,1,3,2,7,1,0,2013,6
AVL,1,2,0,12,9,21,7,5,9,0,18,21,5,4,4,14,1,1,2013,6
CAR,1,1,0,4,5,9,5,2,1,1,15,20,4,3,1,5,0,0,2013,6
CHE,1,1,0,3,9,12,3,0,0,2,7,6,4,5,2,23,0,0,2013,6
CRY,1,2,0,5,7,12,3,1,5,1,12,9,2,3,2,6,0,0,2013,6
EVE,1,2,0,4,11,15,6,0,3,2,7,10,5,2,5,9,0,0,2013,6
FUL,1,2,0,13,9,22,4,6,9,1,15,15,8,3,5,7,1,0,2013,6
HUL,1,0,1,11,7,18,5,6,4,0,18,18,2,5,7,7,0,0,2013,6
LIV,1,1,0,8,15,23,5,1,6,2,21,17,5,4,5,5,2,1,2013,6
MCI,1,3,0,2,6,8,4,0,3,1,1,5,1,4,0,7,1,1,2013,6
MUN,1,2,0,6,6,12,4,2,3,3,10,7,2,4,3,12,0,0,2013,6
NEW,1,3,0,9,10,19,8,0,3,3,5,5,5,3,5,22,2,0,2013,6
NOR,1,0,1,4,4,8,1,2,2,0,16,9,4,2,0,7,1,0,2013,6
SOU,1,0,1,3,5,8,0,0,5,1,9,10,1,2,2,7,0,0,2013,6
STK,1,1,0,3,5,8,3,0,2,0,9,6,2,1,3,9,1,0,2013,6
SUN,1,3,0,7,8,15,6,0,3,2,18,12,4,1,4,8,0,0,2013,6
SWA,1,2,0,7,3,10,4,2,1,1,5,8,3,5,1,8,0,0,2013,6
TOT,1,1,0,5,6,11,5,3,4,2,10,11,3,3,2,3,0,0,2013,6
WBA,1,1,0,8,6,14,6,3,2,0,19,11,5,4,1,16,0,0,2013,6
WHU,1,1,0,6,5,11,3,3,6,1,16,7,4,1,1,2,0,0,2013,6
ARS,1,1,0,5,7,12,4,2,3,1,16,12,4,5,2,15,0,0,2013,7
AVL,1,0,1,4,2,6,1,1,2,0,28,7,2,1,1,2,0,0,2013,7
CAR,1,2,0,10,10,20,10,1,4,4,7,6,2,8,0,8,2,0,2013,7
CHE,1,1,0,7,7,14,3,2,2,1,7,11,3,5,3,7,0,0,2013,7
CRY,1,3,0,10,3,13,7,1,1,2,16,12,5,1,3,17,0,0,2013,7
EVE,1,3,0,8,4,12,6,1,3,4,11,13,1,6,3,9,0,0,2013,7
FUL,1,0,1,7,9,16,1,5,7,1,14,13,4,1,9,8,0,0,2013,7
HUL,1,0,1,8,10,18,4,3,4,0,8,9,4,5,4,13,0,0,2013,7
LIV,1,1,0,5,6,11,2,2,2,2,8,8,2,2,3,6,1,0,2013,7
MCI,1,1,0,4,3,6,4,2,2,1,7,4,2,2,0,16,1,1,2013,7
MUN,1,1,0,5,1,6,2,1,1,2,7,11,0,2,1,11,1,1,2013,7
NEW,1,1,0,5,3,8,2,1,1,2,15,8,1,3,3,11,0,0,2013,7
NOR,1,3,0,13,9,22,7,0,3,1,10,7,2,4,5,10,3,2,2013,7
SOU,1,0,1,10,7,17,7,6,1,1,20,9,9,4,2,9,0,0,2013,7
STK,1,1,0,3,6,9,2,1,2,1,9,9,1,3,0,13,1,1,2013,7
SUN,1,2,0,8,5,13,6,0,0,1,13,17,3,4,4,16,0,0,2013,7
SWA,1,2,0,5,7,12,4,1,4,0,15,6,3,4,2,4,2,1,2013,7
TOT,1,3,0,11,5,16,5,5,9,2,8,10,7,3,2,8,0,0,2013,7
WBA,1,1,0,4,10,14,5,0,2,1,12,10,2,8,1,8,0,0,2013,7
WHU,1,0,1,6,8,14,4,1,3,1,14,10,2,5,3,14,0,0,2013,7
ARS,1,1,0,4,8,12,6,0,2,0,5,7,3,5,1,7,0,0,2013,8
AVL,1,2,0,7,6,13,6,3,3,3,13,9,4,3,2,11,1,1,2013,8
CAR,1,4,0,8,12,20,7,4,4,2,11,11,2,6,8,9,3,3,2013,8
CHE,1,1,0,7,6,13,3,3,5,1,11,12,3,5,1,7,1,1,2013,8
CRY,1,4,0,5,4,9,6,2,5,1,3,9,3,3,1,3,1,0,2013,8
EVE,1,1,0,7,2,9,1,5,6,2,11,9,3,3,2,7,0,0,2013,8
FUL,1,1,0,6,8,14,4,4,6,0,15,14,3,2,3,7,0,0,2013,8
HUL,1,2,0,10,4,14,6,4,5,1,9,9,10,1,3,13,0,0,2013,8
LIV,1,2,0,2,12,14,4,1,1,1,7,7,2,2,5,0,1,0,2013,8
MCI,1,1,0,6,5,11,2,3,2,0,16,12,4,2,4,8,1,0,2013,8
MUN,1,1,0,11,7,18,7,5,5,1,16,11,8,6,2,5,1,0,2013,8
NEW,1,2,0,13,10,23,7,6,7,3,17,14,10,4,5,13,0,0,2013,8
NOR,1,4,0,11,9,20,11,4,3,3,18,11,7,5,5,8,1,1,2013,8
SOU,1,1,0,10,2,12,5,2,2,2,8,9,4,3,3,6,0,0,2013,8
STK,1,0,1,8,4,12,5,3,3,3,13,9,4,2,4,11,1,0,2013,8
SUN,1,4,0,9,5,14,6,4,5,2,15,10,4,4,2,4,0,0,2013,8
SWA,1,0,1,5,3,6,1,1,4,2,6,5,1,0,4,7,0,0,2013,8
TOT,1,0,1,6,9,15,2,3,4,1,9,10,3,3,4,9,1,0,2013,8
WBA,1,0,1,5,4,9,3,2,2,1,12,7,3,2,4,6,0,0,2013,8
WHU,1,3,0,15,1,16,9,4,3,1,2,10,7,4,3,7,0,0,2013,8
ARS,1,0,1,5,8,13,4,3,6,0,9,7,4,2,3,6,0,0,2013,9
AVL,1,2,0,8,7,15,4,3,4,0,11,2,4,2,3,6,0,0,2013,9
CAR,1,0,1,18,13,31,9,8,10,2,24,15,6,7,8,13,0,0,2013,9
CHE,1,1,0,10,5,15,6,2,3,0,10,8,4,2,6,9,0,0,2013,9
CRY,1,2,0,9,1,10,4,3,0,4,9,6,5,0,4,11,1,0,2013,9
EVE,1,0,1,5,9,14,3,1,1,2,11,11,2,3,3,9,0,0,2013,9
FUL,1,2,0,13,7,20,5,6,4,3,21,10,7,4,4,15,2,0,2013,9
HUL,1,1,0,5,10,15,6,1,4,2,12,9,3,3,4,13,0,0,2013,9
LIV,1,1,0,11,4,15,2,3,5,2,5,15,2,4,4,10,1,0,2013,9
MCI,1,2,0,8,4,12,4,3,5,4,15,3,6,2,1,16,2,2,2013,9
MUN,1,2,0,8,2,10,5,0,2,4,6,6,2,2,1,7,2,1,2013,9
NEW,1,2,0,3,5,8,4,2,3,1,10,9,2,2,1,5,0,0,2013,9
NOR,1,0,1,3,3,6,4,1,2,1,11,2,2,0,1,6,0,0,2013,9
SOU,1,0,1,1,1,1,0,0,1,0,5,6,0,0,0,11,0,0,2013,9
STK,1,3,0,6,13,19,5,3,4,3,22,18,4,6,4,12,0,0,2013,9
SUN,1,1,0,2,14,16,4,1,4,1,2,11,1,2,11,8,0,0,2013,9
SWA,1,0,1,12,3,15,3,5,8,2,8,10,3,7,2,3,0,0,2013,9
TOT,1,0,1,6,4,10,4,2,7,1,11,5,4,2,0,4,1,0,2013,9
WBA,1,4,0,8,10,18,7,2,4,1,9,10,5,3,4,15,0,0,2013,9
WHU,1,0,1,6,4,10,4,3,4,2,15,9,2,3,3,8,0,0,2013,9
ARS,1,0,1,8,4,12,4,1,0,2,9,11,2,4,4,11,1,0,2013,10
AVL,1,0,1,10,7,17,4,1,4,0,21,19,7,3,4,10,0,0,2013,10
CAR,1,0,1,5,5,10,3,0,1,0,11,8,2,3,1,5,0,0,2013,10
CHE,1,2,0,8,7,15,8,2,3,1,8,6,2,7,4,7,0,0,2013,10
CRY,1,2,0,5,4,9,3,2,3,1,21,9,2,2,4,8,0,0,2013,10
EVE,1,0,1,7,9,16,6,1,2,1,13,7,3,5,3,10,1,0,2013,10
FUL,1,3,0,6,4,10,4,2,2,3,10,6,2,1,4,15,1,1,2013,10
HUL,1,0,1,3,7,9,1,1,4,1,4,1,1,2,3,0,0,0,2013,10
LIV,1,2,0,9,3,12,7,1,0,3,9,5,3,2,4,15,2,0,2013,10
MCI,1,0,1,1,8,7,1,1,1,1,2,5,2,2,1,9,0,0,2013,10
MUN,1,1,0,9,6,15,6,3,2,2,10,13,4,8,3,8,0,0,2013,10
NEW,1,0,1,9,4,13,1,4,4,0,26,4,6,1,1,9,0,0,2013,10
NOR,1,7,0,24,3,27,8,1,7,4,11,12,6,5,7,16,2,1,2013,10
SOU,1,1,0,5,4,9,3,2,3,1,12,4,2,4,1,10,2,1,2013,10
STK,1,1,0,5,5,10,2,2,5,2,13,12,4,2,1,11,0,0,2013,10
SUN,1,1,0,7,18,25,2,3,3,0,28,19,4,10,5,5,0,0,2013,10
SWA,1,1,0,4,5,9,3,2,4,0,13,5,2,2,1,6,1,1,2013,10
TOT,1,0,1,4,4,8,1,0,1,0,10,13,3,1,0,9,0,0,2013,10
WBA,1,0,1,8,4,12,4,2,2,1,9,9,2,5,3,9,0,0,2013,10
WHU,1,0,1,4,4,8,2,2,1,2,6,2,6,2,0,4,0,0,2013,10
ARS,1,1,0,3,2,5,2,2,2,1,17,10,1,0,3,11,0,0,2013,11
AVL,1,0,1,5,3,8,2,2,3,1,13,6,2,2,2,3,1,0,2013,11
CAR,1,2,0,6,11,17,6,5,2,0,8,17,3,2,6,8,1,0,2013,11
CHE,1,2,0,7,4,11,3,5,5,1,6,8,2,3,3,7,1,1,2013,11
CRY,1,0,1,7,8,15,2,3,4,1,18,12,3,2,6,11,0,0,2013,11
EVE,1,0,1,2,7,9,2,2,3,3,9,5,3,4,1,4,0,0,2013,11
FUL,1,4,0,16,16,32,10,2,6,5,20,6,12,10,4,14,1,1,2013,11
HUL,1,4,0,14,1,15,6,6,5,2,10,7,3,6,3,13,0,0,2013,11
LIV,1,0,1,2,3,4,1,1,1,0,7,6,2,0,2,7,0,0,2013,11
MCI,1,1,0,2,3,5,2,1,0,0,5,5,1,1,2,3,1,1,2013,11
MUN,1,0,1,6,4,10,2,2,4,0,17,8,2,0,2,5,0,0,2013,11
NEW,1,0,1,14,17,31,14,6,11,4,20,16,8,6,5,10,0,0,2013,11
NOR,1,1,0,7,5,12,4,1,5,3,8,14,1,2,3,6,1,0,2013,11
SOU,1,1,0,3,7,10,2,3,4,0,6,9,3,2,1,3,2,1,2013,11
STK,1,3,0,12,5,17,6,5,5,2,25,16,7,4,1,12,1,0,2013,11
SUN,1,0,1,10,14,24,4,7,5,3,33,17,7,5,5,6,0,0,2013,11
SWA,1,3,0,5,1,6,3,2,2,3,3,5,2,1,1,2,0,0,2013,11
TOT,1,1,0,6,2,8,4,1,4,1,4,4,0,1,3,10,1,1,2013,11
WBA,1,2,0,9,8,17,7,2,3,3,27,15,4,3,4,5,1,1,2013,11
WHU,1,3,0,10,5,15,6,3,2,1,10,7,5,6,2,4,2,1,2013,11
ARS,1,0,1,3,7,10,4,1,3,0,9,5,4,0,2,10,1,0,2013,12
AVL,1,2,0,9,2,11,4,2,1,2,13,8,4,3,2,11,1,1,2013,12
CAR,1,2,0,15,1,16,5,9,12,1,9,10,6,1,6,3,0,0,2013,12
CHE,1,0,1,6,2,8,1,3,0,1,12,13,1,0,4,12,0,0,2013,12
CRY,1,0,1,5,10,15,2,1,4,1,28,20,1,5,1,8,0,0,2013,12
EVE,1,3,0,9,2,11,5,4,6,4,9,11,3,2,2,11,0,0,2013,12
FUL,1,2,0,11,10,21,5,4,2,0,19,15,6,7,5,7,1,0,2013,12
HUL,1,1,0,3,6,9,2,0,1,1,11,4,1,4,3,6,0,0,2013,12
LIV,1,3,0,10,8,18,12,1,4,3,13,9,3,2,9,17,2,0,2013,12
MCI,1,0,1,6,8,13,5,0,3,1,6,10,4,5,1,12,1,0,2013,12
MUN,1,2,0,9,5,14,4,4,5,1,17,9,3,3,4,8,1,0,2013,12
NEW,1,1,0,8,2,10,2,4,6,1,7,8,3,0,3,5,0,0,2013,12
NOR,1,2,0,10,11,21,5,3,3,3,8,10,2,6,9,12,1,1,2013,12
SOU,1,2,0,6,3,9,4,1,0,2,9,10,3,2,0,6,1,1,2013,12
STK,1,0,1,3,8,11,3,1,2,1,12,9,4,5,0,8,0,0,2013,12
SUN,1,2,0,9,8,17,5,3,0,1,23,6,6,6,3,6,1,0,2013,12
SWA,1,1,0,6,4,9,3,3,4,2,19,4,4,2,1,9,1,0,2013,12
TOT,1,6,0,10,5,15,9,1,1,5,6,5,4,4,4,14,2,2,2013,12
WBA,1,2,0,3,12,15,7,0,3,1,10,5,2,7,1,1,0,0,2013,12
WHU,1,3,0,11,9,20,7,2,2,2,10,5,7,5,4,5,2,1,2013,12
ARS,1,0,1,4,6,10,4,2,3,1,12,5,2,2,2,10,0,0,2013,13
AVL,1,0,1,3,4,7,1,1,4,1,10,10,1,1,2,7,0,0,2013,13
CAR,1,3,0,9,6,15,5,1,1,3,4,10,3,7,4,12,0,0,2013,13
CHE,1,1,0,2,7,9,1,0,4,1,10,4,1,1,1,11,1,1,2013,13
CRY,1,1,0,5,5,10,3,1,3,1,20,8,4,2,3,10,0,0,2013,13
EVE,1,0,1,3,1,4,3,0,0,0,5,13,1,3,0,8,0,0,2013,13
FUL,1,3,0,14,9,23,11,5,4,4,19,19,12,7,2,14,1,1,2013,13
HUL,1,1,0,4,6,9,4,1,3,1,9,4,3,3,1,8,0,0,2013,13
LIV,1,3,0,5,7,12,4,2,3,1,12,5,1,5,1,5,1,0,2013,13
MCI,1,0,1,5,4,9,4,1,0,1,6,9,2,2,4,6,0,0,2013,13
MUN,1,2,0,4,6,10,4,0,6,0,10,11,1,2,4,2,0,0,2013,13
NEW,1,1,0,8,6,14,1,4,7,0,9,3,3,1,4,6,1,0,2013,13
NOR,1,0,1,8,5,13,2,1,5,0,13,9,3,1,4,4,1,0,2013,13
SOU,1,3,0,12,4,16,7,8,8,3,10,14,4,4,5,13,0,0,2013,13
STK,1,4,0,13,9,22,12,1,4,4,10,16,1,11,5,12,0,0,2013,13
SUN,1,0,1,5,8,13,4,3,2,0,19,12,4,5,2,7,0,0,2013,13
SWA,1,3,0,15,7,22,7,3,6,3,14,6,3,9,6,19,0,0,2013,13
TOT,1,2,0,6,2,8,3,0,2,2,23,4,1,1,1,8,1,1,2013,13
WBA,1,2,0,4,10,14,6,3,2,0,10,11,4,4,2,5,2,1,2013,13
WHU,1,0,1,1,9,10,0,0,2,0,6,8,3,2,2,12,0,0,2013,13
ARS,1,0,1,4,3,7,2,3,3,0,7,8,1,1,3,5,1,0,2013,14
AVL,1,2,0,12,9,21,9,5,6,1,24,20,3,6,6,6,0,0,2013,14
CAR,1,0,1,10,7,17,2,3,4,2,7,20,3,2,5,10,0,0,2013,14
CHE,1,3,0,6,7,12,3,0,7,1,12,9,1,3,2,7,0,0,2013,14
CRY,1,0,1,6,5,11,2,3,5,0,14,12,3,1,5,11,0,0,2013,14
EVE,1,0,1,12,6,18,6,5,5,1,25,11,5,3,3,8,0,0,2013,14
FUL,1,2,0,11,7,18,5,2,2,2,13,5,8,3,3,8,1,0,2013,14
HUL,1,2,0,15,5,20,7,6,9,3,15,10,7,5,5,8,0,0,2013,14
LIV,1,1,0,5,9,14,5,2,2,1,6,11,2,2,7,12,0,0,2013,14
MCI,1,2,0,4,8,12,1,2,1,0,12,6,4,5,3,9,1,1,2013,14
MUN,1,1,0,7,8,15,4,0,1,1,7,10,5,3,5,9,0,0,2013,14
NEW,1,3,0,7,6,13,5,4,4,1,10,7,5,3,2,11,1,1,2013,14
NOR,1,5,0,15,13,28,11,1,4,2,6,6,8,7,8,19,1,0,2013,14
SOU,1,3,0,3,3,6,3,2,1,2,5,3,3,1,1,3,0,0,2013,14
STK,1,0,1,7,7,14,3,2,7,0,13,8,4,1,5,5,0,0,2013,14
SUN,1,4,0,9,10,19,5,1,3,2,13,10,2,6,6,21,0,0,2013,14
SWA,1,0,1,7,8,14,3,2,2,0,11,4,6,2,0,15,0,0,2013,14
TOT,1,1,0,11,5,16,6,4,8,1,17,16,2,2,7,13,1,0,2013,14
WBA,1,3,0,10,6,15,5,2,1,1,9,8,5,3,4,9,0,0,2013,14
WHU,1,1,0,5,5,10,5,2,3,3,12,5,2,3,2,3,0,0,2013,14
ARS,1,1,0,7,5,12,4,1,1,0,10,9,0,4,5,9,2,0,2013,15
AVL,1,2,0,17,5,22,8,4,4,1,11,10,8,5,5,12,1,1,2013,15
CAR,1,2,0,10,9,19,5,5,5,1,10,14,3,5,6,10,0,0,2013,15
CHE,1,3,0,5,4,9,3,1,1,1,14,10,2,3,3,8,1,1,2013,15
CRY,1,0,1,6,4,10,2,3,1,3,14,5,3,1,2,10,0,0,2013,15
EVE,1,1,0,9,2,11,5,2,0,3,12,9,3,4,2,10,1,0,2013,15
FUL,1,0,1,4,6,10,2,2,2,0,15,9,1,2,5,11,0,0,2013,15
HUL,1,1,0,4,7,11,2,1,3,0,23,9,4,2,3,9,0,0,2013,15
LIV,1,1,0,5,4,8,1,1,3,1,11,7,1,2,2,12,0,0,2013,15
MCI,1,1,0,7,8,15,4,3,3,1,12,12,3,1,6,18,2,0,2013,15
MUN,1,1,0,5,4,9,3,2,0,0,8,7,2,4,3,15,1,0,2013,15
NEW,1,0,1,6,2,8,3,1,2,0,16,9,2,4,2,8,0,0,2013,15
NOR,1,0,1,18,8,26,10,5,5,2,39,9,9,5,3,12,1,0,2013,15
SOU,1,1,0,9,4,13,3,2,3,0,10,10,5,3,3,11,0,0,2013,15
STK,1,2,0,5,10,15,6,1,4,0,11,7,2,6,3,17,0,0,2013,15
SUN,1,2,0,11,11,22,5,4,3,0,14,8,5,9,7,11,0,0,2013,15
SWA,1,1,0,6,3,9,2,1,1,1,8,1,5,1,1,15,1,1,2013,15
TOT,1,1,0,7,5,11,4,3,2,0,13,12,3,3,3,3,1,1,2013,15
WBA,1,2,0,2,6,8,3,0,1,0,14,3,2,2,1,4,0,0,2013,15
WHU,1,4,0,18,15,32,9,2,6,4,20,7,11,10,10,15,0,0,2013,15
ARS,1,6,0,14,8,22,7,3,5,6,10,12,8,6,6,16,3,2,2013,16
AVL,1,3,0,12,2,14,5,3,2,3,14,6,8,2,0,9,1,1,2013,16
CAR,1,0,1,6,6,12,1,1,3,1,18,7,2,4,4,6,0,0,2013,16
CHE,1,1,0,8,2,10,4,4,3,0,5,8,1,1,5,11,0,0,2013,16
CRY,1,2,0,8,8,16,7,0,1,2,10,8,2,2,6,17,1,0,2013,16
EVE,1,1,0,8,8,16,3,1,2,3,6,4,3,2,3,6,1,0,2013,16
FUL,1,4,0,13,9,22,7,5,7,1,20,11,5,5,6,6,1,1,2013,16
HUL,1,0,1,7,4,11,2,3,4,1,14,4,5,0,1,2,0,0,2013,16
LIV,1,0,1,7,2,9,0,2,1,1,5,18,1,1,3,14,2,0,2013,16
MCI,1,3,0,8,4,12,6,3,2,4,17,8,8,2,1,10,1,1,2013,16
MUN,1,0,1,9,8,17,6,2,1,0,15,9,4,5,4,6,1,0,2013,16
NEW,1,1,0,3,5,8,3,1,1,1,7,6,3,4,1,5,0,0,2013,16
NOR,1,1,0,5,5,10,2,0,1,0,11,3,4,2,3,6,1,1,2013,16
SOU,1,1,0,6,10,16,4,3,7,3,21,5,5,2,3,11,2,1,2013,16
STK,1,0,1,6,7,13,4,2,3,2,14,6,3,4,3,6,0,0,2013,16
SUN,1,0,1,6,5,11,2,2,2,0,9,12,3,4,2,16,0,0,2013,16
SWA,1,1,0,10,6,16,2,4,5,2,14,13,5,4,1,10,3,0,2013,16
TOT,1,5,0,14,7,21,10,1,1,8,12,4,4,5,4,7,2,0,2013,16
WBA,1,1,0,4,7,11,3,2,7,0,16,15,1,3,2,11,0,0,2013,16
WHU,1,0,1,8,11,19,6,1,6,1,12,16,2,7,7,6,0,0,2013,16
ARS,1,0,1,8,5,13,4,2,3,0,8,5,3,4,4,10,1,0,2013,17
AVL,1,2,0,8,4,12,2,3,6,4,17,7,3,2,3,6,1,1,2013,17
CAR,1,3,0,15,12,27,7,2,7,4,13,6,7,6,10,16,0,0,2013,17
CHE,1,0,1,5,2,7,1,1,1,2,10,15,1,2,2,6,0,0,2013,17
CRY,1,3,0,8,5,13,6,2,4,3,15,5,3,3,3,10,1,0,2013,17
EVE,1,1,0,7,6,13,3,0,3,0,15,5,3,4,4,4,0,0,2013,17
FUL,1,4,0,14,4,17,10,2,5,4,12,6,5,0,7,5,2,1,2013,17
HUL,1,1,0,9,5,14,3,3,7,1,21,9,2,5,3,13,0,0,2013,17
LIV,1,1,0,6,4,10,3,6,5,1,9,9,3,1,4,10,2,0,2013,17
MCI,1,2,0,5,7,12,5,2,2,2,14,7,4,2,3,11,1,1,2013,17
MUN,1,1,0,2,2,4,1,1,1,1,12,5,0,2,1,7,1,1,2013,17
NEW,1,0,1,6,4,9,4,3,4,1,9,5,2,5,0,5,0,0,2013,17
NOR,1,0,1,4,14,18,4,2,6,2,17,5,1,5,8,10,2,0,2013,17
SOU,1,3,0,10,3,13,3,0,3,3,10,10,5,1,2,15,1,1,2013,17
STK,1,1,0,6,8,14,4,1,3,2,14,7,3,4,3,6,1,1,2013,17
SUN,1,0,1,9,5,14,5,3,2,1,13,15,2,9,1,6,0,0,2013,17
SWA,1,2,0,6,9,14,6,3,4,0,13,6,5,3,1,9,2,0,2013,17
TOT,1,2,0,6,7,12,5,0,3,1,14,8,3,2,2,12,2,1,2013,17
WBA,1,1,0,5,1,6,3,1,2,0,9,1,2,0,2,6,0,0,2013,17
WHU,1,3,0,14,7,21,7,1,4,2,19,6,8,3,5,5,1,0,2013,17
ARS,1,1,0,6,6,12,5,1,3,4,11,11,4,1,2,4,1,1,2013,18
AVL,1,1,0,8,4,12,7,3,2,0,15,8,4,2,5,10,0,0,2013,18
CAR,1,3,0,6,5,11,6,1,3,4,9,8,2,2,5,8,0,0,2013,18
CHE,1,0,1,4,4,8,1,3,3,0,8,14,0,2,4,9,0,0,2013,18
CRY,1,0,1,6,4,10,3,3,3,1,13,16,4,3,1,5,0,0,2013,18
EVE,1,1,0,7,6,13,6,1,4,3,6,4,2,4,4,6,2,1,2013,18
FUL,1,1,0,6,7,13,3,2,4,2,10,15,5,4,2,9,1,0,2013,18
HUL,1,3,0,5,8,13,4,3,5,0,11,6,4,2,4,6,0,0,2013,18
LIV,1,2,0,13,7,20,6,5,6,1,14,11,4,7,6,6,1,1,2013,18
MCI,1,1,0,8,4,12,5,2,4,3,12,7,2,3,4,14,1,0,2013,18
MUN,1,2,0,11,7,17,5,7,6,3,13,7,5,6,1,3,1,1,2013,18
NEW,1,1,0,5,6,11,2,0,2,0,5,1,5,2,2,5,0,0,2013,18
NOR,1,2,0,7,8,15,6,1,6,3,13,4,3,1,3,9,0,0,2013,18
SOU,1,0,1,4,5,9,0,3,3,1,20,6,4,2,1,3,0,0,2013,18
STK,1,5,0,14,13,27,8,3,4,4,14,19,4,9,6,17,1,1,2013,18
SUN,1,0,1,8,17,25,8,5,8,2,22,15,5,5,6,12,0,0,2013,18
SWA,1,1,0,12,7,19,7,2,5,2,19,9,8,3,6,10,0,0,2013,18
TOT,1,1,0,6,1,7,4,2,4,2,7,4,0,2,1,6,1,1,2013,18
WBA,1,1,0,9,11,20,3,3,7,0,17,24,3,5,6,12,0,0,2013,18
WHU,1,3,0,18,11,29,8,5,10,3,17,12,7,11,2,6,1,1,2013,18
ARS,1,0,1,4,7,11,2,1,5,0,18,6,1,2,3,9,2,0,2013,19
AVL,1,1,0,7,10,17,3,3,4,2,14,11,4,4,5,11,0,0,2013,19
CAR,1,2,0,13,8,21,9,1,4,3,12,19,3,4,8,4,0,0,2013,19
CHE,1,1,0,5,3,8,4,2,3,1,7,8,0,2,3,12,1,0,2013,19
CRY,1,1,0,15,8,23,4,5,8,2,12,19,9,8,4,8,0,0,2013,19
EVE,1,1,0,4,8,12,2,0,2,1,10,9,0,5,1,6,2,1,2013,19
FUL,1,6,0,10,11,21,13,1,6,4,22,12,3,5,2,8,0,0,2013,19
HUL,1,0,1,1,4,5,2,0,1,0,1,3,1,1,1,7,0,0,2013,19
LIV,1,2,0,7,4,11,5,1,2,0,12,3,3,0,5,9,1,0,2013,19
MCI,1,0,1,3,6,9,4,2,3,1,6,8,5,1,0,6,0,0,2013,19
MUN,1,0,1,6,9,15,4,2,3,0,15,12,4,4,3,8,0,0,2013,19
NEW,1,1,0,4,7,11,4,1,2,3,5,6,3,4,0,8,1,0,2013,19
NOR,1,1,0,3,4,7,3,0,0,1,11,10,3,2,2,14,0,0,2013,19
SOU,1,2,0,5,4,9,4,0,1,2,5,5,3,3,2,12,0,0,2013,19
STK,1,3,0,12,8,20,7,1,4,5,19,6,7,6,2,15,1,0,2013,19
SUN,1,2,0,7,9,16,7,6,3,2,19,6,8,1,3,6,2,1,2013,19
SWA,1,1,0,2,5,7,3,0,0,1,4,11,2,3,0,5,0,0,2013,19
TOT,1,0,1,1,1,2,1,1,1,0,6,4,1,0,0,4,0,0,2013,19
WBA,1,3,0,6,10,16,6,3,6,1,7,17,3,4,3,6,2,1,2013,19
WHU,1,3,0,12,10,22,6,1,5,2,16,4,6,6,3,9,0,0,2013,19
ARS,1,0,1,3,5,8,2,0,1,0,7,2,1,2,1,4,1,0,2013,20
AVL,1,0,1,6,11,17,1,0,2,1,15,17,3,5,8,10,0,0,2013,20
CAR,1,2,0,18,10,28,6,7,9,5,20,14,11,4,7,15,1,0,2013,20
CHE,1,0,1,9,3,12,2,2,4,0,9,11,2,6,1,9,1,0,2013,20
CRY,1,1,0,3,5,8,5,2,3,0,4,7,2,1,3,4,0,0,2013,20
EVE,1,1,0,4,6,10,4,2,1,0,15,8,3,3,3,11,0,0,2013,20
FUL,1,1,0,6,5,11,3,4,6,2,9,11,2,2,4,2,1,0,2013,20
HUL,1,2,0,6,11,17,6,1,4,3,10,3,4,4,3,15,0,0,2013,20
LIV,1,0,1,3,7,10,0,0,2,0,10,9,1,5,2,9,0,0,2013,20
MCI,1,2,0,3,13,16,4,1,5,1,23,10,2,4,5,8,1,0,2013,20
MUN,1,2,0,5,4,9,4,2,0,3,7,3,3,3,0,6,2,2,2013,20
NEW,1,1,0,9,4,13,4,2,2,3,12,6,3,3,3,3,1,0,2013,20
NOR,1,1,0,10,3,13,3,3,6,2,22,14,4,2,3,10,2,0,2013,20
SOU,1,3,0,7,4,11,5,1,2,2,8,6,0,3,6,23,1,0,2013,20
STK,1,1,0,10,6,16,4,3,3,2,6,16,2,2,6,11,0,0,2013,20
SUN,1,1,0,9,4,13,4,0,0,3,8,1,3,5,2,7,2,1,2013,20
SWA,1,3,0,7,7,14,4,1,1,0,13,6,4,4,1,14,1,1,2013,20
TOT,1,1,0,12,5,17,6,3,6,1,33,16,10,2,2,8,0,0,2013,20
WBA,1,0,1,3,6,9,3,0,3,1,10,14,1,3,1,10,0,0,2013,20
WHU,1,2,0,17,13,30,10,4,12,5,23,9,8,4,12,8,0,0,2013,20
ARS,1,1,0,4,7,11,5,2,2,2,16,5,5,1,2,2,2,1,2013,21
AVL,1,2,0,5,3,8,4,1,1,0,7,8,3,2,3,9,1,1,2013,21
CAR,1,2,0,6,4,10,3,1,1,1,11,12,6,1,1,8,0,0,2013,21
CHE,1,0,1,2,8,10,2,1,3,0,11,7,3,2,2,2,1,0,2013,21
CRY,1,2,0,6,4,10,4,0,2,4,12,12,0,5,1,9,0,0,2013,21
EVE,1,0,1,7,4,11,2,1,0,0,11,5,1,5,3,3,0,0,2013,21
FUL,1,4,0,6,4,10,6,2,5,3,8,7,4,1,1,6,1,0,2013,21
HUL,1,2,0,8,6,14,5,2,5,1,10,10,4,2,3,9,0,0,2013,21
LIV,1,3,0,8,6,13,4,5,2,0,31,19,4,2,4,10,2,2,2013,21
MCI,1,0,1,6,7,13,5,1,3,1,13,13,2,5,2,8,2,0,2013,21
MUN,1,0,1,4,9,13,2,1,2,1,14,8,1,4,3,7,0,0,2013,21
NEW,1,2,0,13,1,14,6,3,6,5,7,9,2,2,7,4,1,0,2013,21
NOR,1,2,0,11,12,23,5,4,4,1,9,22,4,5,10,16,1,0,2013,21
SOU,1,0,1,2,2,4,2,1,1,1,8,10,1,0,2,5,0,0,2013,21
STK,1,5,0,11,2,13,9,0,2,5,7,3,3,3,1,11,2,2,2013,21
SUN,1,1,0,9,8,17,5,3,5,4,22,9,6,7,3,8,1,0,2013,21
SWA,1,2,0,11,5,16,5,2,6,4,7,14,2,3,6,12,0,0,2013,21
TOT,1,0,1,10,4,14,2,5,6,3,14,15,4,2,6,8,0,0,2013,21
WBA,1,1,0,4,14,18,5,1,3,1,12,12,5,4,2,5,0,0,2013,21
WHU,1,0,1,9,10,19,7,6,5,1,21,16,9,3,4,11,0,0,2013,21
ARS,1,0,1,3,5,8,2,1,3,1,11,6,2,1,0,4,4,0,2013,22
AVL,1,2,0,6,8,14,6,0,3,2,8,4,4,5,1,9,0,0,2013,22
CAR,1,4,0,19,5,24,9,2,5,3,12,15,5,9,3,12,0,0,2013,22
CHE,1,1,0,8,2,10,4,2,1,2,13,13,3,2,3,7,1,0,2013,22
CRY,1,0,1,9,8,17,2,5,3,0,10,14,2,7,5,9,0,0,2013,22
EVE,1,1,0,8,6,14,6,4,3,1,14,18,4,5,4,5,0,0,2013,22
FUL,1,2,0,12,10,22,6,1,6,3,7,11,2,10,3,13,0,0,2013,22
HUL,1,1,0,16,9,25,4,5,13,1,27,13,6,7,2,3,0,0,2013,22
LIV,1,2,0,9,3,12,3,3,4,3,13,7,4,3,2,4,3,1,2013,22
MCI,1,2,0,2,5,7,6,0,2,2,16,4,1,2,2,13,0,0,2013,22
MUN,1,3,0,7,6,13,6,1,4,2,7,3,4,3,2,10,0,0,2013,22
NEW,1,1,0,9,3,12,3,2,4,3,16,16,2,2,4,2,0,0,2013,22
NOR,1,0,1,8,2,10,0,4,4,1,15,12,3,2,3,3,0,0,2013,22
SOU,1,2,0,6,4,10,5,1,5,2,12,8,3,2,3,4,1,1,2013,22
STK,1,1,0,7,5,12,6,2,1,2,16,8,3,1,3,8,1,1,2013,22
SUN,1,2,0,7,10,17,8,1,3,0,20,10,6,6,1,6,2,0,2013,22
SWA,1,3,0,7,4,11,5,1,0,4,8,9,4,5,1,13,0,0,2013,22
TOT,1,1,0,6,8,13,3,3,4,0,9,10,3,3,4,10,0,0,2013,22
WBA,1,1,0,9,4,13,4,0,4,1,9,10,3,1,4,10,0,0,2013,22
WHU,1,3,0,7,12,19,8,0,1,2,8,8,9,4,2,10,2,1,2013,22
ARS,1,2,0,11,2,13,5,3,5,3,16,19,6,3,3,14,2,0,2013,23
AVL,1,3,0,5,7,12,4,3,6,2,8,12,1,2,5,6,0,0,2013,23
CAR,1,2,0,10,7,17,5,5,4,3,9,13,3,6,6,9,0,0,2013,23
CHE,1,0,1,1,0,1,1,1,1,0,3,11,0,0,1,5,0,0,2013,23
CRY,1,0,1,8,5,13,4,2,2,1,20,11,3,3,3,9,1,0,2013,23
EVE,1,4,0,12,8,20,9,1,3,5,3,2,2,5,7,5,3,2,2013,23
FUL,1,2,0,6,8,14,6,4,3,0,19,10,5,5,3,5,0,0,2013,23
HUL,1,1,0,7,6,13,3,4,6,1,11,10,4,2,4,8,0,0,2013,23
LIV,1,0,1,9,10,19,4,3,4,0,13,10,6,3,5,20,1,0,2013,23
MCI,1,1,0,2,2,4,2,0,2,1,2,9,0,0,2,10,0,0,2013,23
MUN,1,0,1,3,4,7,1,3,1,0,14,7,3,0,2,8,0,0,2013,23
NEW,1,0,1,5,4,9,2,2,1,1,6,13,2,1,6,4,0,0,2013,23
NOR,1,0,1,7,14,21,3,2,7,1,12,15,4,6,4,15,0,0,2013,23
SOU,1,2,0,5,2,7,4,1,3,0,11,8,2,3,0,12,0,0,2013,23
STK,1,1,0,9,7,16,6,1,3,2,4,4,3,7,3,17,2,1,2013,23
SUN,1,0,1,12,2,14,5,5,5,3,8,10,3,2,4,5,1,0,2013,23
SWA,1,0,1,10,6,15,4,8,9,2,12,5,6,3,4,9,1,0,2013,23
TOT,1,5,0,23,1,24,9,4,7,5,14,4,9,6,5,8,0,0,2013,23
WBA,1,4,0,8,3,10,6,0,1,3,6,9,2,4,2,6,0,0,2013,23
WHU,1,0,1,16,23,39,9,4,3,1,21,12,13,9,14,11,0,0,2013,23
ARS,1,0,1,5,5,10,2,3,3,1,10,9,0,2,2,7,0,0,2013,24
AVL,1,2,0,8,5,13,6,1,5,2,11,16,2,1,3,9,0,0,2013,24
CAR,1,1,0,16,11,27,5,7,7,3,22,22,6,2,11,12,1,0,2013,24
CHE,1,0,1,14,10,24,3,4,8,3,23,16,9,3,5,11,0,0,2013,24
CRY,1,2,0,7,4,11,6,2,6,1,2,10,1,3,3,6,0,0,2013,24
EVE,1,1,0,1,3,4,1,0,1,0,1,4,0,1,2,2,0,0,2013,24
FUL,1,3,0,11,6,17,5,4,3,1,13,15,7,4,4,6,1,0,2013,24
HUL,1,1,0,8,11,19,3,1,7,0,15,12,3,9,3,8,0,0,2013,24
LIV,1,1,0,3,9,12,4,1,4,1,12,12,2,3,2,4,2,1,2013,24
MCI,1,1,0,8,10,18,6,3,6,2,12,1,5,2,3,17,1,0,2013,24
MUN,1,2,0,5,8,13,4,1,4,0,9,12,2,3,3,12,1,0,2013,24
NEW,1,3,0,10,6,16,5,2,5,4,6,8,3,1,8,9,0,0,2013,24
NOR,1,2,0,9,4,13,4,2,4,4,20,6,4,3,3,9,1,1,2013,24
SOU,1,0,1,4,4,8,4,2,2,0,6,4,2,2,1,6,1,0,2013,24
STK,1,1,0,12,8,19,4,4,8,3,12,22,3,5,4,10,1,1,2013,24
SUN,1,0,1,12,16,28,9,4,9,2,12,17,7,9,7,5,0,0,2013,24
SWA,1,2,0,7,4,11,4,5,4,1,13,12,3,4,3,3,1,0,2013,24
TOT,1,1,0,5,4,9,3,0,2,1,12,6,4,1,2,4,1,1,2013,24
WBA,1,1,0,8,4,12,3,1,5,2,6,9,3,1,1,22,1,0,2013,24
WHU,1,0,1,6,14,20,0,1,4,0,31,16,4,7,2,7,0,0,2013,24
ARS,1,5,0,15,7,22,12,2,8,8,7,8,8,4,7,13,2,2,2013,25
AVL,1,2,0,8,2,10,2,1,3,1,8,16,2,1,4,4,1,1,2013,25
CAR,1,3,0,8,9,17,6,4,2,3,12,13,3,7,5,6,0,0,2013,25
CHE,1,0,1,5,7,12,6,1,2,2,5,8,1,5,4,14,0,0,2013,25
CRY,1,1,0,8,9,17,7,0,5,1,16,8,2,4,4,10,0,0,2013,25
EVE,1,1,0,4,4,8,2,2,4,0,11,11,2,3,2,11,1,0,2013,25
FUL,1,2,0,20,11,31,9,7,4,4,33,48,7,4,11,7,1,0,2013,25
HUL,1,0,1,2,5,7,3,0,2,0,10,4,1,1,1,8,0,0,2013,25
LIV,1,1,0,4,7,11,6,2,4,1,12,8,2,2,3,18,0,0,2013,25
MCI,1,0,1,4,3,7,2,1,1,1,8,9,2,1,1,6,0,0,2013,25
MUN,1,2,0,4,2,6,3,1,0,3,2,2,1,3,1,4,0,0,2013,25
NEW,1,3,0,10,8,18,8,0,3,3,12,7,2,6,4,9,0,0,2013,25
NOR,1,0,1,8,7,15,2,4,4,2,27,12,6,3,2,10,0,0,2013,25
SOU,1,2,0,3,2,5,4,2,1,2,9,14,1,2,2,7,0,0,2013,25
STK,1,2,0,8,10,18,5,3,8,2,15,10,6,4,2,10,1,1,2013,25
SUN,1,2,0,15,10,25,9,5,6,2,21,8,9,4,5,9,0,0,2013,25
SWA,1,0,1,3,4,7,1,1,2,0,5,3,3,0,1,9,0,0,2013,25
TOT,1,0,1,6,4,10,3,2,2,0,9,13,6,1,3,17,0,0,2013,25
WBA,1,3,0,8,2,10,6,3,5,3,8,2,3,1,1,7,2,1,2013,25
WHU,1,0,1,9,7,16,1,6,5,0,30,13,6,6,2,1,0,0,2013,25
ARS,1,0,1,4,2,6,2,2,2,2,14,3,3,0,1,10,1,0,2013,26
AVL,1,0,1,7,5,12,3,5,3,1,16,10,4,2,6,9,0,0,2013,26
CAR,1,0,1,9,9,18,6,5,4,2,27,17,9,4,2,9,0,0,2013,26
CHE,1,1,0,11,2,13,1,5,5,1,8,12,2,5,6,7,0,0,2013,26
FUL,1,3,0,13,9,21,7,1,1,2,12,10,10,4,3,11,1,0,2013,26
HUL,1,1,0,13,3,16,6,2,4,5,11,5,5,3,2,10,0,0,2013,26
LIV,1,2,0,4,6,10,3,1,2,1,8,9,1,1,4,5,3,2,2013,26
MUN,1,0,1,8,9,17,4,6,5,1,13,9,4,5,6,12,0,0,2013,26
NEW,1,4,0,10,5,15,8,1,2,4,5,7,4,5,2,11,1,1,2013,26
NOR,1,2,0,7,5,12,7,3,4,2,11,16,4,4,2,4,1,1,2013,26
SOU,1,0,1,7,5,12,4,4,4,0,12,8,6,1,1,10,0,0,2013,26
STK,1,1,0,9,5,14,2,3,3,2,12,9,4,5,4,23,2,0,2013,26
SWA,1,1,0,3,4,7,4,0,1,1,5,7,0,4,0,8,0,0,2013,26
TOT,1,0,1,8,5,13,5,3,5,3,10,14,1,4,4,5,1,0,2013,26
WBA,1,1,0,5,10,15,4,0,3,1,12,10,4,2,3,14,1,0,2013,26
WHU,1,0,1,7,6,13,6,2,3,2,15,7,4,2,5,2,0,0,2013,26
ARS,1,1,0,3,4,7,3,0,3,0,8,6,2,1,1,5,0,0,2013,27
AVL,1,1,0,7,16,23,5,1,8,2,21,14,5,5,4,10,2,0,2013,27
CAR,1,4,0,6,5,11,6,2,2,3,6,2,3,2,3,8,1,1,2013,27
CHE,1,0,1,5,3,8,2,2,2,0,8,13,3,1,4,8,0,0,2013,27
CRY,1,2,0,9,5,14,5,1,2,3,6,13,1,3,5,12,0,0,2013,27
EVE,1,1,0,11,14,25,8,3,7,1,14,10,6,5,3,13,1,1,2013,27
FUL,1,1,0,9,7,16,5,1,4,0,20,16,9,2,2,6,1,1,2013,27
HUL,1,0,1,15,8,23,5,7,8,0,31,14,3,8,6,11,0,0,2013,27
LIV,1,3,0,7,7,14,4,2,3,1,7,6,4,4,2,6,2,0,2013,27
MCI,1,0,1,3,4,7,2,2,3,0,8,2,2,1,3,1,0,0,2013,27
MUN,1,0,1,11,4,15,6,5,4,0,6,16,6,3,5,7,0,0,2013,27
NEW,1,0,1,3,7,10,2,0,3,0,11,7,2,3,1,3,0,0,2013,27
NOR,1,0,1,6,3,9,2,2,0,3,11,9,1,5,3,9,1,0,2013,27
SOU,1,3,0,6,4,10,5,2,3,2,10,18,0,4,3,4,2,1,2013,27
STK,1,1,0,6,13,19,7,1,3,1,11,12,2,9,4,7,1,0,2013,27
SUN,1,4,0,6,6,12,9,2,4,5,6,11,2,6,2,8,1,1,2013,27
SWA,1,4,0,13,9,21,10,2,3,4,5,6,9,5,5,15,2,0,2013,27
TOT,1,1,0,4,9,13,3,1,5,0,7,8,5,3,2,5,1,1,2013,27
WBA,1,1,0,4,3,7,3,1,1,2,10,5,3,2,2,6,0,0,2013,27
WHU,1,1,0,15,11,26,5,7,7,2,27,9,8,6,6,8,2,0,2013,27
ARS,1,1,0,6,2,8,4,2,1,1,15,4,1,2,2,4,0,0,2013,28
AVL,1,1,0,4,4,7,4,1,0,2,10,3,3,3,0,2,1,0,2013,28
CAR,1,1,0,6,9,15,6,2,5,2,9,13,3,2,6,13,0,0,2013,28
CHE,1,1,0,4,3,7,3,2,3,2,18,8,3,2,1,7,0,0,2013,28
CRY,1,1,0,5,2,7,5,0,0,1,9,9,1,3,2,6,0,0,2013,28
EVE,1,0,1,2,5,7,1,1,1,0,13,15,2,1,1,3,1,0,2013,28
FUL,1,3,0,14,3,17,7,1,1,3,5,9,1,7,5,11,1,0,2013,28
HUL,1,4,0,10,7,17,6,0,4,3,8,4,1,5,3,9,1,1,2013,28
LIV,1,0,1,9,4,13,2,1,2,1,15,10,3,4,5,13,0,0,2013,28
NEW,1,1,0,10,3,13,3,9,8,4,14,13,2,0,8,3,1,1,2013,28
NOR,1,4,0,7,3,10,4,3,2,0,11,11,3,1,5,4,0,0,2013,28
SOU,1,3,0,9,3,12,5,0,3,3,7,4,3,3,0,11,0,0,2013,28
STK,1,0,1,6,4,10,2,2,2,1,13,8,3,4,2,5,0,0,2013,28
SWA,1,1,0,6,0,6,3,1,1,1,15,7,1,1,2,6,1,1,2013,28
TOT,1,0,1,5,3,8,2,1,4,1,10,6,3,0,2,4,0,0,2013,28
WHU,1,1,0,13,9,22,3,3,4,1,12,20,5,4,11,5,0,0,2013,28
CAR,1,1,0,10,5,14,6,3,6,1,6,12,2,4,4,12,0,0,2013,29
CHE,1,0,1,2,4,6,2,1,1,0,6,8,1,1,2,8,0,0,2013,29
CRY,1,1,0,6,5,11,3,1,3,1,9,7,3,3,2,7,2,1,2013,29
FUL,1,3,0,11,8,19,9,4,6,4,13,11,9,5,2,9,2,1,2013,29
MUN,1,0,1,10,4,14,3,2,2,1,19,12,4,5,2,12,0,0,2013,29
NOR,1,1,0,3,3,6,3,0,1,1,5,6,1,2,1,4,0,0,2013,29
SOU,1,0,1,4,2,6,1,1,3,0,12,18,1,1,1,9,0,0,2013,29
STK,1,1,0,5,8,13,5,3,2,1,11,10,5,4,3,8,0,0,2013,29
TOT,1,4,0,10,2,12,4,2,2,5,7,3,3,1,2,8,3,3,2013,29
WBA,1,3,0,10,4,14,5,4,4,2,16,14,3,4,5,4,0,0,2013,29
ARS,1,0,1,5,12,17,1,3,2,2,26,8,3,3,5,9,1,0,2013,30
AVL,1,0,1,7,8,15,2,1,5,0,9,8,2,4,6,14,0,0,2013,30
CAR,1,2,0,12,7,19,6,0,0,0,15,20,7,6,1,13,1,0,2013,30
CHE,1,1,0,7,6,13,4,3,1,1,12,9,2,6,4,14,0,0,2013,30
CRY,1,0,1,11,8,19,2,3,10,0,18,14,7,2,2,7,1,0,2013,30
EVE,1,1,0,7,3,10,3,2,4,0,11,11,2,2,3,6,1,0,2013,30
FUL,1,0,1,9,3,12,3,2,1,3,22,11,5,3,2,11,2,0,2013,30
HUL,1,2,0,6,2,8,3,0,2,3,7,3,3,2,1,3,0,0,2013,30
LIV,1,0,1,11,2,13,1,3,3,1,7,11,4,1,2,10,0,0,2013,30
MCI,1,0,1,9,6,15,5,6,4,0,22,11,5,3,4,5,0,0,2013,30
MUN,1,3,0,10,8,18,7,0,2,5,6,4,5,5,1,15,0,0,2013,30
NEW,1,1,0,4,8,12,3,1,0,0,15,9,0,7,1,7,1,0,2013,30
NOR,1,4,0,13,4,17,6,3,3,6,10,5,6,4,3,16,2,1,2013,30
SOU,1,2,0,3,3,6,3,0,2,2,8,4,1,2,0,3,2,1,2013,30
STK,1,1,0,5,3,8,2,3,1,2,13,8,1,2,2,11,0,0,2013,30
SUN,1,0,1,4,8,12,5,1,5,1,4,2,2,6,2,5,1,0,2013,30
SWA,1,2,0,3,10,13,4,0,4,0,10,6,1,4,4,3,0,0,2013,30
TOT,1,1,0,3,4,7,3,0,1,1,2,3,2,2,2,7,0,0,2013,30
WBA,1,1,0,10,4,14,4,2,3,1,19,10,3,2,5,12,2,0,2013,30
WHU,1,3,0,11,5,16,9,2,4,3,10,6,5,5,3,8,0,0,2013,30
ARS,2,8,0,17,12,29,13,3,2,5,19,11,9,4,6,10,5,4,2013,31
AVL,1,4,0,4,6,10,5,1,2,3,2,6,1,4,3,9,1,1,2013,31
CAR,1,6,0,13,6,19,9,2,8,5,12,3,6,5,3,12,0,0,2013,31
CHE,1,0,1,5,6,11,5,1,1,0,6,7,1,5,2,11,0,0,2013,31
CRY,1,1,0,13,8,21,8,3,3,4,19,7,3,7,5,9,0,0,2013,31
EVE,2,2,1,28,9,37,9,7,9,5,28,35,6,9,12,15,3,0,2013,31
FUL,1,5,0,16,6,22,10,2,8,5,20,10,3,8,6,10,1,0,2013,31
HUL,2,2,1,15,11,26,6,8,9,1,33,20,5,5,10,10,0,0,2013,31
LIV,2,4,0,12,9,21,7,6,5,3,27,22,11,6,3,16,1,1,2013,31
MCI,2,0,2,10,6,16,4,3,5,1,22,18,6,5,1,13,0,0,2013,31
MUN,2,3,1,16,7,23,5,5,8,3,39,28,5,5,7,14,1,0,2013,31
NEW,2,3,1,12,4,16,7,1,0,4,23,13,5,7,3,21,0,0,2013,31
NOR,1,0,1,6,3,9,2,2,4,0,6,12,1,3,4,8,0,0,2013,31
SOU,1,3,0,8,7,15,6,1,5,3,22,11,5,4,2,8,2,2,2013,31
STK,1,1,0,7,5,12,3,3,4,0,18,10,2,5,3,6,0,0,2013,31
SUN,2,4,0,14,22,36,15,3,8,3,23,17,5,10,11,20,1,1,2013,31
SWA,2,5,0,16,7,22,10,4,8,7,24,25,6,4,5,18,0,0,2013,31
TOT,1,2,0,7,5,12,4,2,1,2,10,6,5,3,3,7,2,2,2013,31
WBA,1,2,0,8,4,12,5,3,6,4,13,6,2,3,2,1,0,0,2013,31
WHU,2,3,0,15,11,25,9,5,9,3,28,18,7,3,9,13,2,2,2013,31
ARS,1,1,0,8,7,15,4,1,3,1,13,5,2,4,3,3,1,0,2013,32
AVL,1,4,0,7,2,9,6,3,2,5,8,9,2,0,5,6,0,0,2013,32
CAR,1,3,0,9,7,16,6,1,5,1,7,17,1,7,2,7,1,1,2013,32
CHE,1,1,0,7,7,14,4,1,2,2,10,6,4,6,1,7,1,0,2013,32
CRY,1,0,1,12,10,21,2,5,5,2,31,8,12,4,1,11,1,0,2013,32
EVE,1,1,0,14,10,23,8,6,7,3,12,17,3,8,7,6,0,0,2013,32
FUL,1,3,0,10,4,14,7,0,1,2,14,9,1,5,5,23,2,1,2013,32
HUL,1,1,0,4,11,15,3,1,4,0,5,11,2,4,5,7,1,1,2013,32
LIV,1,0,1,7,9,15,4,3,3,0,9,7,6,3,3,7,0,0,2013,32
MCI,1,1,0,5,4,9,3,2,2,1,13,10,3,3,2,8,0,0,2013,32
MUN,1,1,0,5,5,10,1,2,2,2,13,6,2,5,1,4,0,0,2013,32
NEW,1,4,0,17,6,23,11,6,2,8,16,8,8,9,4,8,1,0,2013,32
NOR,1,3,0,8,8,16,7,0,2,1,14,8,5,9,2,10,0,0,2013,32
SOU,1,0,1,2,3,5,2,0,3,1,11,7,1,1,2,13,0,0,2013,32
STK,1,0,1,3,2,5,3,2,0,2,10,6,3,0,1,8,0,0,2013,32
SUN,1,2,0,6,5,11,6,2,2,1,8,9,4,2,4,11,0,0,2013,32
SWA,1,0,1,6,2,8,3,2,2,0,13,8,1,3,3,3,0,0,2013,32
TOT,1,4,0,5,6,11,5,1,4,2,9,3,2,1,2,10,4,2,2013,32
WBA,1,3,0,4,7,11,5,1,2,0,8,4,2,3,5,10,0,0,2013,32
WHU,1,1,0,11,15,26,7,1,3,3,20,14,4,10,5,6,1,0,2013,32
ARS,1,3,0,8,6,14,7,0,3,1,5,9,3,1,5,16,1,0,2013,33
AVL,1,2,0,5,11,16,7,2,0,1,12,6,9,1,3,12,1,0,2013,33
CAR,1,3,0,8,5,13,8,1,4,2,3,7,2,5,3,9,0,0,2013,33
CHE,1,0,1,0,4,4,2,0,0,0,7,3,3,0,0,2,0,0,2013,33
CRY,1,0,1,7,6,13,3,5,5,1,22,13,3,1,4,6,0,0,2013,33
EVE,1,0,1,9,7,15,5,0,1,0,7,18,2,4,5,11,2,0,2013,33
FUL,1,1,0,8,4,12,6,3,1,0,11,12,4,1,5,8,0,0,2013,33
HUL,1,0,1,5,7,12,2,1,1,0,16,8,2,4,2,14,0,0,2013,33
LIV,1,1,0,4,7,11,1,2,3,2,15,15,3,2,2,9,0,0,2013,33
MCI,1,1,0,3,2,5,1,1,2,2,11,11,2,0,1,9,0,0,2013,33
MUN,1,0,1,7,7,14,4,2,2,1,14,9,7,2,1,5,0,0,2013,33
NEW,1,4,0,6,2,8,4,0,1,4,11,6,3,2,2,7,0,0,2013,33
NOR,1,1,0,5,3,8,5,0,1,1,3,3,0,3,3,6,0,0,2013,33
SOU,1,4,0,11,4,15,8,3,2,7,7,5,6,1,6,7,2,2,2013,33
STK,1,3,0,10,8,18,8,2,6,3,12,3,2,7,3,10,1,0,2013,33
SUN,1,5,0,13,16,29,11,0,6,7,11,13,7,8,9,9,1,1,2013,33
SWA,1,1,0,5,3,8,4,3,4,2,19,8,3,1,1,6,0,0,2013,33
TOT,1,1,0,1,7,8,4,1,2,0,3,4,1,1,2,4,1,1,2013,33
WBA,1,0,1,7,5,12,4,2,3,1,14,19,2,4,1,8,0,0,2013,33
WHU,1,2,0,11,6,17,8,1,3,2,6,4,2,6,5,6,0,0,2013,33
ARS,1,1,0,10,2,12,2,5,2,2,12,12,4,1,4,8,1,0,2013,34
AVL,1,1,0,9,5,14,4,2,3,1,9,16,6,3,2,6,0,0,2013,34
CAR,1,0,1,9,10,19,7,4,1,1,12,15,4,7,5,12,0,0,2013,34
CHE,1,0,1,4,3,7,4,3,2,0,9,6,2,1,3,3,0,0,2013,34
CRY,2,2,1,14,10,24,8,3,7,2,36,30,7,5,6,20,0,0,2013,34
EVE,2,3,1,14,18,31,9,3,11,1,9,23,7,10,8,23,1,0,2013,34
FUL,1,0,1,7,7,14,4,2,4,3,11,13,3,6,2,6,0,0,2013,34
LIV,1,2,0,9,4,13,4,3,3,2,17,10,5,3,3,6,3,0,2013,34
MCI,2,5,0,14,8,21,7,6,8,6,22,14,10,2,7,27,3,2,2013,34
NEW,1,1,0,6,4,10,3,3,2,3,11,10,2,3,3,5,0,0,2013,34
NOR,1,1,0,9,5,14,2,5,5,3,8,13,6,4,4,10,0,0,2013,34
SOU,1,1,0,2,4,6,4,1,2,1,6,2,0,2,2,8,0,0,2013,34
STK,1,0,1,7,6,13,1,2,3,2,13,7,2,3,4,14,0,0,2013,34
SUN,2,3,0,23,13,36,7,4,6,5,26,18,9,8,11,26,3,2,2013,34
SWA,1,1,0,15,11,26,2,3,3,2,12,16,7,8,6,14,1,0,2013,34
TOT,1,3,0,5,2,6,5,0,0,3,6,6,0,1,2,15,1,1,2013,34
WBA,1,3,0,11,9,20,8,2,4,5,12,11,4,3,5,8,0,0,2013,34
WHU,1,3,0,10,4,14,8,1,4,3,8,9,3,6,2,8,0,0,2013,34
ARS,1,0,1,10,3,13,4,6,3,1,21,10,8,2,1,4,0,0,2013,35
AVL,1,0,1,3,0,3,2,1,0,1,6,9,0,1,2,4,0,0,2013,35
CAR,1,1,0,7,8,15,5,2,4,2,11,16,5,4,3,11,0,0,2013,35
CHE,1,2,0,2,5,7,3,0,2,2,5,7,2,1,2,3,0,0,2013,35
CRY,1,0,1,10,3,13,4,3,1,0,12,25,2,6,3,5,0,0,2013,35
EVE,1,0,1,3,6,9,2,1,3,1,7,12,2,2,2,5,0,0,2013,35
FUL,1,3,0,8,6,14,5,4,5,4,14,8,3,4,4,6,0,0,2013,35
HUL,1,3,0,9,3,12,6,1,3,3,3,4,2,4,2,6,1,0,2013,35
LIV,1,2,0,9,4,13,5,5,4,2,14,24,3,2,4,2,1,1,2013,35
MCI,1,1,0,3,7,10,3,0,2,1,4,13,1,4,1,6,0,0,2013,35
MUN,1,2,0,13,4,17,5,1,2,1,12,4,8,5,1,7,1,0,2013,35
NEW,1,2,0,4,6,10,2,2,2,2,20,5,2,1,1,7,1,0,2013,35
NOR,1,3,0,11,3,14,6,1,1,3,1,3,3,5,4,14,1,1,2013,35
SOU,1,0,1,2,4,6,1,0,0,0,15,8,1,1,3,4,0,0,2013,35
STK,1,1,0,8,5,13,4,2,3,3,8,12,0,2,5,14,0,0,2013,35
SUN,1,1,0,16,15,31,15,5,4,2,17,16,7,10,7,18,0,0,2013,35
SWA,1,1,0,8,6,14,4,2,3,0,8,10,4,5,3,5,0,0,2013,35
TOT,1,1,0,7,4,11,4,2,1,2,7,6,2,1,5,8,1,1,2013,35
WBA,1,3,0,11,8,19,6,1,1,3,11,9,5,6,4,13,0,0,2013,35
WHU,1,1,0,10,1,11,2,2,3,1,7,13,3,1,5,9,0,0,2013,35
ARS,1,0,1,3,5,8,3,0,0,1,10,6,4,2,2,13,0,0,2013,36
AVL,1,4,0,5,6,11,8,0,3,2,20,8,3,3,1,7,0,0,2013,36
CAR,1,4,0,13,8,21,7,4,5,3,9,11,6,2,7,6,2,1,2013,36
CHE,1,0,1,5,21,26,8,2,7,1,20,19,5,7,7,15,1,0,2013,36
CRY,1,2,0,10,6,16,6,5,7,1,13,11,6,4,4,11,0,0,2013,36
EVE,1,2,0,7,7,14,4,1,2,1,8,13,0,5,8,16,1,1,2013,36
FUL,1,2,0,6,2,8,4,3,1,2,10,6,1,4,1,6,0,0,2013,36
HUL,1,2,0,7,3,10,3,3,4,1,11,13,1,2,4,4,0,0,2013,36
LIV,1,2,0,5,6,11,4,1,1,3,3,3,3,4,2,13,2,2,2013,36
MCI,1,0,1,0,3,3,2,0,0,0,10,10,1,1,1,7,0,0,2013,36
MUN,1,0,1,3,6,9,2,0,2,0,6,15,1,3,1,12,1,0,2013,36
NEW,1,3,0,17,3,20,8,5,9,5,19,15,6,2,6,6,0,0,2013,36
NOR,1,4,0,16,9,25,11,2,1,5,13,8,8,7,4,8,1,0,2013,36
SOU,1,0,1,5,6,9,2,4,2,0,12,13,5,0,3,12,0,0,2013,36
STK,1,1,0,8,8,16,4,2,2,3,8,10,5,4,3,10,0,0,2013,36
SUN,1,0,1,5,1,6,1,3,4,0,14,10,0,0,3,6,0,0,2013,36
SWA,1,1,0,1,10,11,3,0,4,1,17,13,1,5,2,9,0,0,2013,36
TOT,1,0,1,8,9,17,3,3,1,2,7,10,5,7,3,7,1,0,2013,36
WBA,1,0,1,8,1,9,3,5,5,1,14,18,4,3,2,7,0,0,2013,36
WHU,1,1,0,8,11,19,6,2,5,3,15,11,4,10,2,8,2,0,2013,36
ARS,1,0,1,7,4,11,1,5,4,1,15,8,4,2,4,9,1,0,2013,37
AVL,2,5,0,17,9,26,11,4,7,5,39,20,12,3,5,6,0,0,2013,37
CAR,1,3,0,13,9,22,6,4,10,3,14,10,7,6,4,12,0,0,2013,37
CHE,1,0,1,3,3,6,3,1,3,0,5,1,0,3,0,4,0,0,2013,37
CRY,1,3,0,16,10,26,8,4,5,4,5,9,6,7,10,10,0,0,2013,37
EVE,1,3,0,12,6,18,6,5,4,1,7,8,8,4,4,9,0,0,2013,37
FUL,1,4,0,11,12,23,8,0,3,4,11,12,5,9,6,21,2,0,2013,37
HUL,2,6,0,21,13,33,15,5,8,4,21,16,6,9,8,16,1,1,2013,37
LIV,1,3,0,4,7,10,6,2,1,1,12,16,2,4,4,19,1,1,2013,37
MCI,2,2,1,6,8,14,4,2,1,3,13,12,3,5,5,26,0,0,2013,37
MUN,2,2,0,6,4,10,3,0,1,0,14,4,3,3,2,5,0,0,2013,37
NEW,1,0,1,12,4,16,2,3,6,3,12,9,4,2,3,12,1,0,2013,37
NOR,1,0,1,10,13,23,4,3,3,0,18,15,6,2,10,14,1,0,2013,37
SOU,1,0,1,6,6,12,3,3,3,0,7,4,1,4,4,1,1,0,2013,37
STK,1,1,0,5,5,10,2,1,3,2,8,11,0,5,3,11,1,0,2013,37
SUN,2,0,2,12,18,30,5,4,8,2,34,23,6,9,7,17,0,0,2013,37
SWA,1,1,0,7,10,17,4,4,4,2,13,10,5,3,3,11,1,1,2013,37
TOT,1,2,0,12,8,20,8,4,13,1,17,14,4,4,4,8,2,1,2013,37
WBA,2,3,0,17,8,25,8,1,3,5,12,24,7,6,9,10,1,0,2013,37
WHU,1,0,1,6,7,12,3,2,1,0,16,5,1,4,3,6,0,0,2013,37
ARS,1,0,1,4,7,11,5,0,0,0,5,8,6,1,2,6,0,0,2013,38
AVL,1,3,0,8,4,12,6,2,2,5,9,9,3,3,4,7,0,0,2013,38
CAR,1,2,0,20,9,28,6,2,2,5,13,12,4,11,7,18,1,0,2013,38
CHE,1,1,0,6,4,10,3,1,2,0,7,11,2,2,4,15,0,0,2013,38
CRY,1,2,0,9,6,15,5,3,4,2,12,20,4,1,3,8,0,0,2013,38
EVE,1,0,1,3,9,12,3,2,6,0,11,12,0,0,7,1,1,0,2013,38
FUL,1,2,0,12,3,15,6,1,4,2,3,9,3,4,6,9,0,0,2013,38
HUL,1,2,0,4,7,11,4,0,3,2,8,3,2,3,3,5,0,0,2013,38
LIV,1,1,0,5,3,8,2,2,2,1,9,3,4,1,0,9,1,0,2013,38
MCI,1,0,1,1,2,3,0,1,1,0,9,8,2,0,0,4,0,0,2013,38
MUN,1,1,0,6,9,15,6,2,4,1,14,10,6,2,3,3,1,0,2013,38
NEW,1,2,0,6,8,13,5,3,6,3,15,7,7,2,2,10,0,0,2013,38
NOR,1,2,0,11,3,14,8,2,4,2,7,10,1,4,7,8,0,0,2013,38
SOU,1,1,0,6,3,9,2,3,4,0,9,7,5,0,1,9,0,0,2013,38
STK,1,1,0,10,8,17,4,5,6,0,10,15,4,5,4,6,0,0,2013,38
SUN,1,3,0,4,3,7,4,1,0,2,6,7,2,2,0,5,0,0,2013,38
SWA,1,1,0,8,12,20,4,4,7,0,9,14,9,1,5,9,1,0,2013,38
TOT,1,0,1,1,4,4,1,0,0,0,6,10,1,0,2,4,1,0,2013,38
WBA,1,2,0,4,10,14,4,1,0,1,8,4,4,7,1,16,0,0,2013,38
WHU,1,2,0,16,12,28,7,4,9,3,17,11,14,5,6,10,1,0,2013,38
