Team,Games Played,GoalsTotal,GoalsIn,GoalsOut,GoalsBCS,GoalsPen,GoalsSP,AttemptsTotal,AttemptsIn,AttemptsBCT,AttemptsSP,AttemptsBlkd,AttemptsHit WW,AttemptsMins Per Chance,AttemptsOn Target,Conversion %Shots,Conversion %Goals,Season,GW ID
ARS,1,1,1,0,1,0,0,15,9,3,2,6,0,6.4,4,26.7,6.7,2013,1
AVL,2,4,4,0,3,1,1,17,10,6,3,1,1,11.4,8,47.1,23.5,2013,1
CAR,1,0,0,0,0,0,0,12,4,1,3,4,0,8.0,1,8.3,0.0,2013,1
CHE,2,4,2,2,2,0,2,38,18,3,7,10,0,5.0,9,23.7,10.5,2013,1
CRY,1,0,0,0,0,0,0,5,3,0,2,0,0,18.8,3,60.0,0.0,2013,1
EVE,1,2,1,1,1,0,0,20,13,3,7,6,0,4.8,6,30.0,10.0,2013,1
FUL,1,1,1,0,1,0,1,5,1,1,3,4,0,19.2,1,20.0,20.0,2013,1
HUL,1,0,0,0,0,0,0,7,2,0,2,4,0,13.3,2,28.6,0.0,2013,1
LIV,1,1,0,1,0,0,0,25,17,4,6,5,1,3.8,11,44.0,4.0,2013,1
MCI,1,4,2,2,2,0,1,20,17,7,4,3,0,4.7,11,55.0,20.0,2013,1
MUN,1,4,3,1,2,0,0,14,12,3,5,4,0,6.8,7,50.0,28.6,2013,1
NEW,1,0,0,0,0,0,0,6,1,0,0,3,0,15.5,1,16.7,0.0,2013,1
NOR,1,2,2,0,1,0,0,8,4,1,1,4,1,11.9,2,25.0,25.0,2013,1
SOU,1,1,1,0,1,1,0,8,4,1,1,3,0,11.9,3,37.5,12.5,2013,1
STK,1,0,0,0,0,0,0,12,7,3,5,1,1,7.9,5,41.7,0.0,2013,1
SUN,1,0,0,0,0,0,0,21,6,0,5,7,0,4.6,3,14.3,0.0,2013,1
SWA,1,1,1,0,1,0,0,17,11,2,3,1,0,5.6,6,35.3,5.9,2013,1
TOT,1,1,1,0,1,1,0,18,9,3,3,3,1,5.2,3,16.7,5.6,2013,1
WBA,1,0,0,0,0,0,0,11,6,1,3,5,0,8.6,1,9.1,0.0,2013,1
WHU,1,2,2,0,0,0,0,18,10,1,2,5,0,5.3,4,22.2,11.1,2013,1
ARS,1,3,3,0,1,0,0,19,12,3,4,8,0,5.0,8,42.1,15.8,2013,2
AVL,1,0,0,0,0,0,0,17,7,1,7,5,0,5.5,3,17.6,0.0,2013,2
CAR,1,3,3,0,2,0,2,9,6,4,3,1,0,10.8,6,66.7,33.3,2013,2
CHE,1,0,0,0,0,0,0,8,2,0,0,1,0,11.8,4,50.0,0.0,2013,2
CRY,1,1,1,0,0,0,0,14,7,0,4,2,0,6.8,5,35.7,7.1,2013,2
EVE,1,0,0,0,0,0,0,22,13,1,9,8,1,4.3,8,36.4,0.0,2013,2
FUL,1,1,1,0,1,0,0,16,4,1,2,3,0,5.9,7,43.8,6.3,2013,2
HUL,1,1,1,0,1,1,0,7,4,1,1,0,0,13.9,2,28.6,14.3,2013,2
LIV,1,1,1,0,0,0,0,5,3,0,0,2,0,18.8,1,20.0,20.0,2013,2
MCI,1,2,1,1,0,0,0,16,12,0,4,4,0,6.1,5,31.3,12.5,2013,2
MUN,1,0,0,0,0,0,0,12,7,0,1,2,0,7.8,3,25.0,0.0,2013,2
NEW,1,0,0,0,0,0,0,16,7,1,6,2,0,5.9,0,0.0,0.0,2013,2
NOR,1,0,0,0,0,0,0,13,3,0,1,2,0,7.5,4,30.8,0.0,2013,2
SOU,1,1,1,0,0,0,1,17,10,1,4,3,0,5.6,6,35.3,5.9,2013,2
STK,1,2,2,0,1,0,1,14,8,2,3,4,2,6.8,4,28.6,14.3,2013,2
SUN,1,1,1,0,0,0,1,8,4,2,2,1,0,11.9,3,37.5,12.5,2013,2
SWA,1,0,0,0,0,0,0,7,3,0,2,0,0,13.6,5,71.4,0.0,2013,2
TOT,1,1,1,0,1,1,0,21,11,4,6,5,0,4.5,6,28.6,4.8,2013,2
WBA,1,0,0,0,0,0,0,7,2,0,1,0,0,13.6,2,28.6,0.0,2013,2
WHU,1,0,0,0,0,0,0,6,5,2,1,2,0,15.7,1,16.7,0.0,2013,2
ARS,1,1,1,0,0,0,0,12,5,0,3,2,0,8.0,5,41.7,8.3,2013,3
CAR,1,0,0,0,0,0,0,4,0,0,3,0,0,23.5,1,25.0,0.0,2013,3
CRY,1,3,2,1,1,1,1,18,6,1,2,3,0,5.3,7,38.9,16.7,2013,3
EVE,1,0,0,0,0,0,0,13,6,1,2,5,0,7.2,3,23.1,0.0,2013,3
FUL,1,0,0,0,0,0,0,3,1,0,1,0,0,31.7,2,66.7,0.0,2013,3
HUL,1,0,0,0,0,0,0,7,3,1,1,1,0,13.4,2,28.6,0.0,2013,3
LIV,1,1,1,0,1,0,1,11,4,1,5,3,0,8.7,5,45.5,9.1,2013,3
MCI,1,2,1,1,1,0,1,12,9,2,6,1,0,7.8,6,50.0,16.7,2013,3
MUN,1,0,0,0,0,0,0,10,4,0,3,4,0,9.6,4,40.0,0.0,2013,3
NEW,1,1,1,1,0,0,0,24,13,2,6,6,1,4.0,9,37.5,4.2,2013,3
NOR,1,1,0,1,0,0,0,14,8,2,5,4,0,6.7,4,28.6,7.1,2013,3
SOU,1,0,0,0,0,0,0,11,4,0,5,4,1,8.5,2,18.2,0.0,2013,3
STK,1,1,0,1,0,0,1,15,5,2,2,3,0,6.3,5,33.3,6.7,2013,3
SUN,1,1,1,0,0,0,0,10,7,0,2,6,0,9.5,2,20.0,10.0,2013,3
SWA,1,2,2,0,1,0,0,12,6,1,3,4,1,7.8,4,33.3,16.7,2013,3
TOT,1,0,0,0,0,0,0,14,4,0,5,5,0,6.9,4,28.6,0.0,2013,3
WBA,1,0,0,0,0,0,0,10,7,1,3,3,0,9.4,1,10.0,0.0,2013,3
WHU,1,0,0,0,0,0,0,9,5,0,4,2,0,10.6,0,0.0,0.0,2013,3
ARS,1,3,3,0,1,0,0,14,12,3,4,4,0,6.8,6,42.9,21.4,2013,4
AVL,1,1,1,0,0,0,1,10,6,1,2,4,0,9.5,1,10.0,10.0,2013,4
CAR,1,1,1,0,1,0,0,10,3,2,2,5,0,9.6,2,20.0,10.0,2013,4
CHE,1,0,0,0,0,0,0,22,16,2,4,2,0,4.3,5,22.7,0.0,2013,4
CRY,1,0,0,0,0,0,0,4,3,1,2,0,0,23.8,0,0.0,0.0,2013,4
EVE,1,1,1,0,1,0,0,11,8,1,3,1,1,8.5,5,45.5,9.1,2013,4
FUL,1,1,1,0,0,0,1,12,5,2,1,2,1,8.1,2,16.7,8.3,2013,4
HUL,1,1,1,0,1,0,1,18,9,2,6,8,0,5.3,5,27.8,5.6,2013,4
LIV,1,2,1,1,1,0,0,12,7,2,4,2,0,8.0,5,41.7,16.7,2013,4
MCI,1,0,0,0,0,0,0,10,2,1,2,0,0,9.7,3,30.0,0.0,2013,4
MUN,1,2,1,1,1,1,1,20,12,2,5,3,1,4.8,8,40.0,10.0,2013,4
NEW,1,2,2,0,2,0,0,17,8,3,1,1,0,5.6,8,47.1,11.8,2013,4
NOR,1,0,0,0,0,0,0,5,3,2,3,4,0,19.0,1,20.0,0.0,2013,4
SOU,1,0,0,0,0,0,0,15,11,1,6,5,1,6.3,5,33.3,0.0,2013,4
STK,1,0,0,0,0,0,0,11,5,3,1,1,0,8.8,3,27.3,0.0,2013,4
SUN,1,1,1,0,1,1,0,18,9,1,6,6,1,5.3,3,16.7,5.6,2013,4
SWA,1,2,2,0,0,0,0,18,8,0,2,3,0,5.3,8,44.4,11.1,2013,4
TOT,1,2,2,0,2,0,0,23,9,3,4,6,1,4.1,7,30.4,8.7,2013,4
WBA,1,1,1,0,1,0,1,12,8,3,2,2,0,8.1,4,33.3,8.3,2013,4
WHU,1,0,0,0,0,0,0,6,4,0,0,0,0,15.8,1,16.7,0.0,2013,4
ARS,1,3,3,0,1,0,3,17,12,1,6,5,0,5.6,8,47.1,17.6,2013,5
AVL,1,1,1,0,1,0,0,16,9,2,3,4,1,6.0,4,25.0,6.3,2013,5
CAR,1,0,0,0,0,0,0,6,3,1,1,2,0,16.0,0,0.0,0.0,2013,5
CHE,1,2,2,0,2,0,1,24,13,2,6,8,0,3.9,9,37.5,8.3,2013,5
CRY,1,0,0,0,0,0,0,9,1,0,2,5,0,10.7,1,11.1,0.0,2013,5
EVE,1,3,1,2,0,0,2,10,5,0,3,2,0,9.8,4,40.0,30.0,2013,5
FUL,1,0,0,0,0,0,0,4,3,1,1,0,0,23.3,1,25.0,0.0,2013,5
HUL,1,3,3,0,0,0,1,12,9,2,2,6,0,8.1,5,41.7,25.0,2013,5
LIV,1,0,0,0,0,0,0,10,4,1,5,1,0,9.4,5,50.0,0.0,2013,5
MCI,1,4,4,0,2,0,1,18,7,2,4,7,0,5.2,5,27.8,22.2,2013,5
MUN,1,1,0,1,0,0,1,14,8,0,3,2,1,6.7,3,21.4,7.1,2013,5
NEW,1,2,2,0,1,0,0,15,6,2,1,6,0,6.5,2,13.3,13.3,2013,5
NOR,1,0,0,0,0,0,0,13,9,3,4,4,0,7.4,2,15.4,0.0,2013,5
SOU,1,1,1,0,0,0,1,12,8,1,2,2,0,7.8,7,58.3,8.3,2013,5
STK,1,1,1,1,1,0,0,10,6,2,6,3,1,9.5,3,30.0,10.0,2013,5
SUN,1,0,0,0,0,0,0,7,3,1,2,5,0,13.7,0,0.0,0.0,2013,5
SWA,1,2,2,0,2,0,0,15,8,4,3,4,1,6.4,7,46.7,13.3,2013,5
TOT,1,1,1,0,0,0,0,29,14,1,7,8,1,3.3,12,41.4,3.4,2013,5
WBA,1,3,3,0,2,0,0,13,10,4,4,3,0,7.4,4,30.8,23.1,2013,5
WHU,1,2,1,1,1,1,0,10,4,1,2,3,0,9.8,2,20.0,20.0,2013,5
ARS,1,2,2,0,0,0,0,10,7,1,1,2,0,9.5,4,40.0,20.0,2013,6
AVL,1,3,1,2,1,0,1,8,2,1,3,1,0,12.0,4,50.0,37.5,2013,6
CAR,1,2,1,1,0,0,1,22,13,1,9,6,1,4.3,4,18.2,9.1,2013,6
CHE,1,1,1,0,1,0,1,11,5,2,4,3,0,8.6,5,45.5,9.1,2013,6
CRY,1,0,0,0,0,0,0,8,3,1,5,6,0,12.0,0,0.0,0.0,2013,6
EVE,1,3,3,0,2,0,0,19,9,3,3,3,0,5.1,8,42.1,15.8,2013,6
FUL,1,1,0,1,0,0,0,9,4,1,1,1,0,10.4,5,55.6,11.1,2013,6
HUL,1,1,1,0,1,1,0,11,6,1,6,4,1,8.7,3,27.3,9.1,2013,6
LIV,1,3,3,0,2,0,1,15,7,2,3,4,0,6.3,6,40.0,20.0,2013,6
MCI,1,2,2,0,0,0,2,21,12,0,9,6,0,4.6,7,33.3,9.5,2013,6
MUN,1,1,0,1,0,0,1,14,8,0,2,5,0,6.8,6,42.9,7.1,2013,6
NEW,1,2,1,1,1,0,0,15,4,2,3,4,1,6.4,6,40.0,13.3,2013,6
NOR,1,1,0,1,0,0,0,8,3,0,2,2,1,11.9,3,37.5,12.5,2013,6
SOU,1,2,1,1,0,0,1,12,5,1,5,4,0,8.0,3,25.0,16.7,2013,6
STK,1,0,0,0,0,0,0,8,4,0,2,2,0,11.9,1,12.5,0.0,2013,6
SUN,1,1,1,0,1,0,0,23,8,2,6,7,1,4.1,5,21.7,4.3,2013,6
SWA,1,1,1,0,1,0,0,10,3,2,2,2,0,9.5,3,30.0,10.0,2013,6
TOT,1,1,1,0,1,0,0,12,3,2,0,3,1,7.9,3,25.0,8.3,2013,6
WBA,1,2,1,1,1,0,0,12,6,3,3,0,1,7.9,4,33.3,16.7,2013,6
WHU,1,0,0,0,0,0,0,18,11,1,4,6,0,5.3,5,27.8,0.0,2013,6
ARS,1,1,0,1,0,0,0,14,4,1,2,3,0,6.8,5,35.7,7.1,2013,7
AVL,1,0,0,0,0,0,0,18,8,0,4,8,0,5.3,4,22.2,0.0,2013,7
CAR,1,1,1,0,1,0,0,8,5,3,1,0,0,11.9,2,25.0,12.5,2013,7
CHE,1,3,3,0,1,0,0,22,13,1,3,7,0,4.3,7,31.8,13.6,2013,7
CRY,1,1,1,0,0,0,1,11,5,2,2,4,0,8.6,2,18.2,9.1,2013,7
EVE,1,1,1,0,1,0,0,6,4,2,1,1,0,15.8,4,66.7,16.7,2013,7
FUL,1,1,1,0,1,0,0,9,3,1,2,4,0,10.6,2,22.2,11.1,2013,7
HUL,1,0,0,0,0,0,0,6,4,0,2,1,0,15.8,1,16.7,0.0,2013,7
LIV,1,3,3,0,1,1,0,13,10,3,1,2,2,7.3,7,53.8,23.1,2013,7
MCI,1,3,2,1,1,0,1,12,8,5,3,1,0,7.9,6,50.0,25.0,2013,7
MUN,1,2,2,0,0,0,0,13,8,1,0,2,0,7.4,6,46.2,15.4,2013,7
NEW,1,2,1,2,0,0,0,20,10,5,4,5,1,4.8,10,50.0,10.0,2013,7
NOR,1,1,1,0,1,0,0,14,7,1,2,4,0,6.8,3,21.4,7.1,2013,7
SOU,1,2,2,0,0,0,0,12,5,0,4,3,0,7.8,4,33.3,16.7,2013,7
STK,1,0,0,0,0,0,0,16,7,1,7,6,0,5.9,1,6.3,0.0,2013,7
SUN,1,1,1,0,1,0,0,6,5,2,1,3,0,16.0,2,33.3,16.7,2013,7
SWA,1,0,0,0,0,0,0,17,10,1,1,3,1,5.5,7,41.2,0.0,2013,7
TOT,1,0,0,0,0,0,0,14,6,1,3,4,0,6.8,4,28.6,0.0,2013,7
WBA,1,1,1,0,0,0,1,12,5,2,3,2,0,7.9,4,33.3,8.3,2013,7
WHU,1,3,3,0,1,0,1,16,11,2,9,3,0,5.9,5,31.3,18.8,2013,7
ARS,1,4,4,0,3,0,0,20,11,3,3,3,1,4.8,11,55.0,20.0,2013,8
AVL,1,0,0,0,0,0,0,15,6,1,4,2,0,6.3,2,13.3,0.0,2013,8
CAR,1,1,1,0,1,0,0,13,7,1,5,6,0,7.3,3,23.1,7.7,2013,8
CHE,1,4,3,1,1,0,0,20,8,2,4,4,0,4.8,7,35.0,20.0,2013,8
CRY,1,1,1,0,0,0,1,14,6,0,6,3,0,6.7,4,28.6,7.1,2013,8
EVE,1,2,2,1,0,0,1,14,10,1,5,3,1,6.8,6,42.9,14.3,2013,8
FUL,1,4,3,1,1,0,3,9,5,1,5,2,0,10.4,6,66.7,44.4,2013,8
HUL,1,1,1,0,0,0,0,9,7,2,6,3,0,10.6,1,11.1,11.1,2013,8
LIV,1,2,2,0,2,1,0,23,13,3,7,2,1,4.2,7,30.4,8.7,2013,8
MCI,1,3,3,0,1,0,1,16,15,2,3,4,1,5.9,9,56.3,18.8,2013,8
MUN,1,1,1,0,1,0,0,12,10,2,2,2,2,8.0,5,41.7,8.3,2013,8
NEW,1,2,1,1,1,0,1,14,2,1,1,3,0,6.9,4,28.6,14.3,2013,8
NOR,1,1,1,0,0,0,0,12,4,0,2,2,0,7.9,6,50.0,8.3,2013,8
SOU,1,1,1,0,0,0,1,18,11,1,5,2,0,5.3,7,38.9,5.6,2013,8
STK,1,0,0,0,0,0,0,9,5,1,2,0,0,10.4,3,33.3,0.0,2013,8
SUN,1,0,0,0,0,0,0,6,5,2,2,0,0,15.7,1,16.7,0.0,2013,8
SWA,1,4,1,3,1,1,2,14,9,2,5,3,0,6.7,6,42.9,28.6,2013,8
TOT,1,2,1,1,1,0,0,13,7,3,3,1,0,7.3,6,46.2,15.4,2013,8
WBA,1,0,0,0,0,0,0,12,8,3,3,2,0,7.8,5,41.7,0.0,2013,8
WHU,1,1,1,0,0,0,0,11,6,0,2,3,0,8.6,2,18.2,9.1,2013,8
ARS,1,2,2,0,2,1,0,10,9,4,0,1,0,9.5,4,40.0,20.0,2013,9
AVL,1,0,0,0,0,0,0,14,5,2,1,5,0,6.7,3,21.4,0.0,2013,9
CAR,1,0,0,0,0,0,0,6,3,1,2,1,0,16.0,4,66.7,0.0,2013,9
CHE,1,2,2,0,2,0,0,12,8,4,5,1,1,8.0,4,33.3,16.7,2013,9
CRY,1,0,0,0,0,0,0,13,5,0,6,2,0,7.3,4,30.8,0.0,2013,9
EVE,1,2,1,1,0,0,1,15,8,0,4,6,1,6.3,4,26.7,13.3,2013,9
FUL,1,0,0,0,0,0,0,1,1,0,1,0,0,93.0,0,0.0,0.0,2013,9
HUL,1,0,0,0,0,0,0,10,6,1,7,2,0,9.6,4,40.0,0.0,2013,9
LIV,1,4,3,1,0,0,1,18,8,2,4,1,1,5.2,7,38.9,22.2,2013,9
MCI,1,1,1,0,0,0,0,15,10,0,3,3,0,6.4,6,40.0,6.7,2013,9
MUN,1,3,3,0,2,0,1,19,6,3,4,6,0,5.1,5,26.3,15.8,2013,9
NEW,1,1,1,0,1,0,0,16,2,1,4,3,0,5.9,4,25.0,6.3,2013,9
NOR,1,0,0,0,0,0,0,31,18,2,10,8,0,3.1,9,29.0,0.0,2013,9
SOU,1,2,2,0,2,0,1,20,13,3,4,6,0,4.7,5,25.0,10.0,2013,9
STK,1,2,1,1,1,0,1,10,8,4,2,3,0,9.6,5,50.0,20.0,2013,9
SUN,1,2,1,1,1,0,1,8,3,1,3,1,0,11.8,4,50.0,25.0,2013,9
SWA,1,0,0,0,0,0,0,10,6,2,4,4,0,9.5,4,40.0,0.0,2013,9
TOT,1,1,1,0,1,1,0,15,5,2,4,3,0,6.4,6,40.0,6.7,2013,9
WBA,1,1,1,0,1,1,0,15,11,2,5,6,0,6.3,2,13.3,6.7,2013,9
WHU,1,0,0,0,0,0,0,15,12,2,8,5,0,6.3,3,20.0,0.0,2013,9
ARS,1,2,1,1,1,0,0,12,9,3,0,1,1,7.8,7,58.3,16.7,2013,10
AVL,1,0,0,0,0,0,0,8,4,2,1,2,1,11.9,2,25.0,0.0,2013,10
CAR,1,1,1,0,0,0,1,9,4,0,4,3,0,10.7,3,33.3,11.1,2013,10
CHE,1,0,0,0,0,0,0,13,9,0,4,6,1,7.3,1,7.7,0.0,2013,10
CRY,1,0,0,0,0,0,0,12,8,1,2,3,0,7.9,4,33.3,0.0,2013,10
EVE,1,0,0,0,0,0,0,8,4,0,1,3,0,12.5,1,12.5,0.0,2013,10
FUL,1,1,0,1,0,0,0,15,9,2,2,3,1,6.3,6,40.0,6.7,2013,10
HUL,1,1,0,1,0,0,0,25,7,0,3,11,1,3.7,2,8.0,4.0,2013,10
LIV,1,0,0,0,0,0,0,12,8,2,0,2,0,7.8,4,33.3,0.0,2013,10
MCI,1,7,4,3,2,0,2,27,24,4,7,12,1,3.5,8,29.6,25.9,2013,10
MUN,1,3,3,0,3,0,0,10,6,3,2,1,0,9.4,4,40.0,30.0,2013,10
NEW,1,2,2,0,1,0,1,15,8,1,3,4,0,6.3,8,53.3,13.3,2013,10
NOR,1,0,0,0,0,0,0,7,1,1,0,4,0,13.4,1,14.3,0.0,2013,10
SOU,1,1,1,0,1,0,0,10,5,2,5,1,0,9.4,2,20.0,10.0,2013,10
STK,1,1,0,1,0,0,0,9,5,1,3,1,0,10.4,3,33.3,11.1,2013,10
SUN,1,0,0,0,0,0,0,9,3,1,4,2,0,10.3,1,11.1,0.0,2013,10
SWA,1,0,0,0,0,0,0,10,5,0,1,3,0,9.6,3,30.0,0.0,2013,10
TOT,1,0,0,0,0,0,0,16,7,1,2,6,0,6.3,6,37.5,0.0,2013,10
WBA,1,2,2,0,1,0,1,9,5,1,3,3,0,10.6,3,33.3,22.2,2013,10
WHU,1,0,0,0,0,0,0,17,10,0,4,6,0,5.6,4,23.5,0.0,2013,10
ARS,1,0,0,0,0,0,0,10,6,0,4,4,0,9.4,2,20.0,0.0,2013,11
AVL,1,2,1,1,0,0,1,17,6,0,2,4,0,5.6,6,35.3,11.8,2013,11
CAR,1,0,0,0,0,0,0,8,5,0,3,1,0,11.9,2,25.0,0.0,2013,11
CHE,1,2,2,0,2,1,0,17,9,5,3,6,0,5.8,7,41.2,11.8,2013,11
CRY,1,0,0,0,0,0,0,9,2,5,3,2,0,10.8,2,22.2,0.0,2013,11
EVE,1,0,0,0,0,0,0,15,7,1,4,4,1,6.5,2,13.3,0.0,2013,11
FUL,1,0,0,0,0,0,0,4,2,0,0,1,0,23.3,1,25.0,0.0,2013,11
HUL,1,1,0,1,0,0,0,10,3,0,4,4,0,9.5,2,20.0,10.0,2013,11
LIV,1,4,3,1,3,0,2,32,16,5,6,9,0,2.9,10,31.3,12.5,2013,11
MCI,1,0,0,0,0,0,0,24,10,3,5,8,0,3.9,4,16.7,0.0,2013,11
MUN,1,1,1,0,0,0,1,5,3,1,2,0,0,18.8,2,40.0,20.0,2013,11
NEW,1,1,1,0,1,0,0,8,6,1,4,1,0,12.0,4,50.0,12.5,2013,11
NOR,1,3,2,1,1,1,1,15,10,1,2,0,1,6.3,6,40.0,20.0,2013,11
SOU,1,4,4,0,2,1,0,15,14,2,5,4,0,6.3,6,40.0,26.7,2013,11
STK,1,3,3,0,3,1,0,6,5,3,2,1,0,16.2,3,50.0,50.0,2013,11
SUN,1,1,1,0,0,0,0,5,2,0,0,1,0,18.8,2,40.0,20.0,2013,11
SWA,1,3,3,0,2,0,2,17,12,2,5,7,0,5.7,6,35.3,17.6,2013,11
TOT,1,0,0,0,0,0,0,31,14,4,11,7,1,3.1,14,45.2,0.0,2013,11
WBA,1,2,2,0,1,0,1,11,7,1,5,1,1,8.9,3,27.3,18.2,2013,11
WHU,1,1,1,0,1,0,0,12,7,3,5,5,1,7.8,4,33.3,8.3,2013,11
ARS,1,2,2,0,2,1,0,9,6,2,0,1,2,10.6,4,44.4,22.2,2013,12
AVL,1,2,1,1,1,0,0,15,3,1,3,2,1,6.3,7,46.7,13.3,2013,12
CAR,1,2,2,0,1,0,1,14,9,1,5,1,1,6.8,4,28.6,14.3,2013,12
CHE,1,3,2,1,1,1,0,20,11,3,2,8,0,4.7,7,35.0,15.0,2013,12
CRY,1,1,1,0,1,0,0,9,3,1,1,3,0,10.6,2,22.2,11.1,2013,12
EVE,1,3,3,0,1,0,2,18,10,3,4,1,0,5.3,12,66.7,16.7,2013,12
FUL,1,1,1,0,0,0,1,9,6,3,3,2,1,10.6,3,33.3,11.1,2013,12
HUL,1,0,0,0,0,0,0,15,5,2,4,8,1,6.3,2,13.3,0.0,2013,12
LIV,1,3,2,1,1,0,3,11,9,4,6,3,0,8.6,5,45.5,27.3,2013,12
MCI,1,6,4,2,3,0,0,15,10,6,1,3,0,6.3,9,60.0,40.0,2013,12
MUN,1,2,2,0,0,0,1,16,15,2,12,3,0,5.9,5,31.3,12.5,2013,12
NEW,1,2,2,0,2,0,1,21,10,3,3,6,0,4.7,5,23.8,9.5,2013,12
NOR,1,1,1,0,0,0,1,10,8,1,6,2,0,9.8,2,20.0,10.0,2013,12
SOU,1,0,0,0,0,0,0,10,3,0,3,5,0,9.5,4,40.0,0.0,2013,12
STK,1,2,2,0,1,0,0,17,9,1,0,5,0,5.6,5,29.4,11.8,2013,12
SUN,1,0,0,0,0,0,0,11,3,1,2,5,0,8.6,3,27.3,0.0,2013,12
SWA,1,2,0,2,0,0,1,21,11,1,2,9,0,4.5,5,23.8,9.5,2013,12
TOT,1,0,0,0,0,0,0,13,6,1,3,2,0,7.2,5,38.5,0.0,2013,12
WBA,1,2,2,0,0,0,0,11,9,2,1,2,0,8.5,4,36.4,18.2,2013,12
WHU,1,0,0,0,0,0,0,8,6,1,0,3,0,11.8,1,12.5,0.0,2013,12
ARS,1,3,3,0,1,0,0,15,9,4,1,5,1,6.4,5,33.3,20.0,2013,13
AVL,1,0,0,0,0,0,0,13,5,0,2,2,0,7.3,4,30.8,0.0,2013,13
CAR,1,0,0,0,0,0,0,10,4,1,3,2,0,9.6,4,40.0,0.0,2013,13
CHE,1,3,3,0,1,0,2,16,12,3,8,2,1,6.1,7,43.8,18.8,2013,13
CRY,1,0,0,0,0,0,0,13,8,0,5,8,0,7.3,2,15.4,0.0,2013,13
EVE,1,4,3,1,2,0,1,22,13,4,4,6,0,4.3,12,54.5,18.2,2013,13
FUL,1,0,0,0,0,0,0,10,1,1,2,5,0,9.4,0,0.0,0.0,2013,13
HUL,1,3,1,2,0,0,0,12,5,1,3,2,0,7.9,4,33.3,25.0,2013,13
LIV,1,1,0,1,0,0,1,9,4,1,3,3,0,10.6,4,44.4,11.1,2013,13
MCI,1,3,2,1,2,0,1,22,15,3,6,4,1,4.2,7,31.8,13.6,2013,13
MUN,1,2,2,0,2,1,0,8,6,2,2,3,0,11.8,3,37.5,25.0,2013,13
NEW,1,2,1,1,0,0,1,14,4,0,2,3,0,6.8,6,42.9,14.3,2013,13
NOR,1,1,1,0,1,0,0,10,5,1,3,3,1,9.5,3,30.0,10.0,2013,13
SOU,1,1,1,0,1,0,0,9,2,1,4,4,0,10.8,1,11.1,11.1,2013,13
STK,1,0,0,0,0,0,0,4,3,0,0,1,0,23.8,3,75.0,0.0,2013,13
SUN,1,0,0,0,0,0,0,7,3,1,4,1,0,13.6,1,14.3,0.0,2013,13
SWA,1,0,0,0,0,0,0,9,5,1,0,0,0,10.2,4,44.4,0.0,2013,13
TOT,1,2,0,2,0,0,1,10,4,0,6,3,0,9.4,4,40.0,20.0,2013,13
WBA,1,1,1,0,0,0,0,14,8,1,7,5,0,6.8,1,7.1,7.1,2013,13
WHU,1,3,2,1,1,0,0,23,14,4,4,3,1,4.1,11,47.8,13.0,2013,13
ARS,1,2,2,0,2,0,0,20,15,4,9,5,0,4.7,7,35.0,10.0,2013,14
AVL,1,3,2,1,2,0,0,6,3,2,1,1,0,16.3,3,50.0,50.0,2013,14
CAR,1,0,0,0,0,0,0,14,7,0,7,7,0,6.8,3,21.4,0.0,2013,14
CHE,1,4,2,2,1,0,1,19,9,2,3,3,0,5.1,5,26.3,21.1,2013,14
CRY,1,1,1,0,1,0,1,10,5,3,3,1,0,9.5,5,50.0,10.0,2013,14
EVE,1,1,1,0,1,0,0,15,7,1,1,4,1,6.3,4,26.7,6.7,2013,14
FUL,1,1,1,0,1,0,0,16,11,1,8,3,1,5.9,6,37.5,6.3,2013,14
HUL,1,0,0,0,0,0,0,7,4,0,3,3,0,13.3,2,28.6,0.0,2013,14
LIV,1,5,3,2,1,0,2,28,15,2,4,9,1,3.3,11,39.3,17.9,2013,14
MCI,1,3,3,0,1,1,0,15,10,1,1,2,0,6.4,5,33.3,20.0,2013,14
MUN,1,0,0,0,0,0,0,18,12,2,5,4,2,5.3,6,33.3,0.0,2013,14
NEW,1,0,0,0,0,0,0,14,7,0,2,6,0,6.7,3,21.4,0.0,2013,14
NOR,1,1,1,0,0,0,0,14,5,1,2,2,0,6.6,5,35.7,7.1,2013,14
SOU,1,2,2,0,1,0,0,21,12,1,6,6,0,4.7,9,42.9,9.5,2013,14
STK,1,0,0,0,0,0,0,17,10,2,4,4,0,5.6,2,11.8,0.0,2013,14
SUN,1,3,3,0,1,0,3,12,6,1,7,5,0,8.1,3,25.0,25.0,2013,14
SWA,1,3,1,2,1,0,1,13,7,1,4,2,0,7.2,5,38.5,23.1,2013,14
TOT,1,2,0,2,0,0,1,18,11,2,2,6,0,5.2,5,27.8,11.1,2013,14
WBA,1,2,1,1,0,0,0,12,4,0,1,3,0,8.0,1,8.3,16.7,2013,14
WHU,1,0,0,0,0,0,0,11,6,1,5,4,0,8.7,2,18.2,0.0,2013,14
ARS,1,1,1,0,1,0,0,11,9,3,0,2,1,8.5,5,45.5,9.1,2013,15
AVL,1,0,0,0,0,0,0,10,4,0,2,4,0,9.4,2,20.0,0.0,2013,15
CAR,1,0,0,0,0,0,0,10,6,3,1,1,0,9.5,2,20.0,0.0,2013,15
CHE,1,2,1,2,0,0,1,15,5,0,4,3,1,6.4,6,40.0,13.3,2013,15
CRY,1,2,2,0,1,0,0,19,10,1,5,3,0,5.0,5,26.3,10.5,2013,15
EVE,1,1,1,0,0,0,0,12,7,0,1,2,0,7.8,4,33.3,8.3,2013,15
FUL,1,2,2,0,1,1,0,22,17,1,4,6,1,4.3,8,36.4,9.1,2013,15
HUL,1,1,1,0,1,0,0,9,6,1,1,4,0,10.6,2,22.2,11.1,2013,15
LIV,1,4,2,2,1,0,1,32,18,5,6,13,0,2.9,9,28.1,12.5,2013,15
MCI,1,1,1,0,0,0,0,13,9,1,3,1,0,7.2,3,23.1,7.7,2013,15
MUN,1,0,0,0,0,0,0,8,6,0,2,4,0,11.8,3,37.5,0.0,2013,15
NEW,1,1,1,0,0,0,0,9,5,0,0,1,0,10.4,3,33.3,11.1,2013,15
NOR,1,2,1,1,0,0,0,8,2,0,1,2,0,11.9,3,37.5,25.0,2013,15
SOU,1,1,1,0,0,0,0,15,7,2,3,3,0,6.3,4,26.7,6.7,2013,15
STK,1,3,1,2,0,0,1,9,5,1,1,2,0,10.7,3,33.3,33.3,2013,15
SUN,1,1,1,0,0,0,0,11,7,0,2,2,0,8.7,4,36.4,9.1,2013,15
SWA,1,1,1,0,0,0,1,11,4,0,3,2,0,8.6,2,18.2,9.1,2013,15
TOT,1,2,1,1,0,0,1,22,11,0,3,8,2,4.4,5,22.7,9.1,2013,15
WBA,1,0,0,0,0,0,0,26,18,2,5,8,0,3.7,10,38.5,0.0,2013,15
WHU,1,1,0,1,0,0,0,8,5,1,3,5,0,11.8,1,12.5,12.5,2013,15
ARS,1,3,2,1,1,0,1,12,8,4,2,2,0,8.1,6,50.0,25.0,2013,16
AVL,1,0,0,0,0,0,0,17,9,0,1,5,0,5.5,6,35.3,0.0,2013,16
CAR,1,1,1,0,0,0,0,11,4,0,7,4,0,8.6,3,27.3,9.1,2013,16
CHE,1,2,1,1,1,0,0,16,8,3,1,3,0,5.9,7,43.8,12.5,2013,16
CRY,1,1,1,0,0,0,0,10,8,0,3,2,0,9.5,4,40.0,10.0,2013,16
EVE,1,4,3,1,1,0,1,22,13,1,7,7,0,4.3,7,31.8,18.2,2013,16
FUL,1,1,1,0,1,1,0,16,8,3,2,3,0,5.9,3,18.8,6.3,2013,16
HUL,1,0,0,0,0,0,0,13,6,2,3,5,0,7.2,4,30.8,0.0,2013,16
LIV,1,5,4,1,4,0,0,21,14,9,1,4,2,4.4,10,47.6,23.8,2013,16
MCI,1,6,5,1,4,1,1,22,14,6,5,4,0,4.4,7,31.8,27.3,2013,16
MUN,1,3,3,0,3,0,0,14,12,3,2,3,1,6.7,5,35.7,21.4,2013,16
NEW,1,1,1,0,1,0,1,16,6,3,7,4,0,6.1,4,25.0,6.3,2013,16
NOR,1,1,0,1,0,0,0,16,10,2,5,4,1,5.8,2,12.5,6.3,2013,16
SOU,1,1,1,0,1,0,0,8,3,1,1,3,1,12.3,3,37.5,12.5,2013,16
STK,1,0,0,0,0,0,0,11,7,1,4,1,1,8.5,2,18.2,0.0,2013,16
SUN,1,0,0,0,0,0,0,19,8,1,6,7,1,5.0,6,31.6,0.0,2013,16
SWA,1,1,1,0,0,0,0,10,5,0,1,3,0,9.3,2,20.0,10.0,2013,16
TOT,1,0,0,0,0,0,0,9,7,1,1,3,0,10.3,0,0.0,0.0,2013,16
WBA,1,0,0,0,0,0,0,12,6,1,3,5,0,7.9,1,8.3,0.0,2013,16
WHU,1,0,0,0,0,0,0,11,6,0,2,1,0,8.6,2,18.2,0.0,2013,16
ARS,1,0,0,0,0,0,0,7,5,2,1,4,0,13.4,1,14.3,0.0,2013,17
AVL,1,1,1,0,1,0,0,14,6,2,3,6,0,6.8,4,28.6,7.1,2013,17
CAR,1,1,1,0,1,0,1,10,6,1,5,1,0,9.5,3,30.0,10.0,2013,17
CHE,1,0,0,0,0,0,0,13,8,0,3,4,1,7.2,4,30.8,0.0,2013,17
CRY,1,0,0,0,0,0,0,9,6,1,4,2,0,10.4,4,44.4,0.0,2013,17
EVE,1,2,0,2,0,0,1,14,6,1,4,4,0,6.7,6,42.9,14.3,2013,17
FUL,1,2,1,1,1,0,0,12,5,2,2,4,0,7.8,5,41.7,16.7,2013,17
HUL,1,1,1,0,0,0,0,6,5,0,2,1,0,15.7,3,50.0,16.7,2013,17
LIV,1,3,2,1,1,0,0,27,15,7,7,6,2,3.5,7,25.9,11.1,2013,17
MCI,1,4,3,1,1,0,2,17,14,4,5,4,1,5.5,10,58.8,23.5,2013,17
MUN,1,3,3,0,2,0,0,21,14,2,4,8,0,4.5,7,33.3,14.3,2013,17
NEW,1,3,2,1,1,1,0,13,8,3,4,2,1,7.2,6,46.2,23.1,2013,17
NOR,1,0,0,0,0,0,0,14,9,1,2,4,0,6.9,5,35.7,0.0,2013,17
SOU,1,2,1,1,1,0,0,12,6,1,3,2,0,7.9,5,41.7,16.7,2013,17
STK,1,2,2,0,2,0,1,12,8,4,6,4,1,7.9,2,16.7,16.7,2013,17
SUN,1,0,0,0,0,0,0,18,4,2,6,4,1,5.3,4,22.2,0.0,2013,17
SWA,1,1,0,1,0,0,0,13,7,1,3,1,0,7.2,3,23.1,7.7,2013,17
TOT,1,3,2,1,1,0,1,13,10,3,3,5,0,7.4,3,23.1,23.1,2013,17
WBA,1,1,1,0,1,0,0,14,9,1,7,6,0,6.7,3,21.4,7.1,2013,17
WHU,1,1,1,0,1,0,0,4,2,2,1,2,0,23.5,1,25.0,25.0,2013,17
ARS,1,3,3,0,0,0,0,29,18,4,10,12,0,3.2,8,27.6,10.3,2013,18
AVL,1,0,0,0,0,0,0,10,6,1,3,3,0,9.4,3,30.0,0.0,2013,18
CAR,1,0,0,0,0,0,0,9,4,1,3,1,0,10.4,0,0.0,0.0,2013,18
CHE,1,1,1,0,0,0,0,19,12,2,5,5,0,5.0,7,36.8,5.3,2013,18
CRY,1,1,0,1,0,0,0,12,8,0,2,3,0,7.8,7,58.3,8.3,2013,18
EVE,1,0,0,0,0,0,0,25,8,2,8,6,1,3.8,8,32.0,0.0,2013,18
FUL,1,2,0,2,0,0,1,15,7,3,6,2,0,6.3,6,40.0,13.3,2013,18
HUL,1,2,2,0,1,0,1,17,11,3,6,6,1,5.5,5,29.4,11.8,2013,18
LIV,1,1,1,0,1,0,0,12,8,3,4,1,0,7.9,5,41.7,8.3,2013,18
MCI,1,2,1,1,1,0,1,20,13,1,6,7,1,4.8,6,30.0,10.0,2013,18
MUN,1,3,1,2,0,0,1,13,5,0,5,4,0,7.2,4,30.8,23.1,2013,18
NEW,1,5,4,1,2,1,0,27,14,5,4,6,2,3.5,8,29.6,18.5,2013,18
NOR,1,1,0,1,0,0,0,13,6,2,4,5,0,7.3,3,23.1,7.7,2013,18
SOU,1,3,3,0,3,0,1,11,6,4,3,0,0,8.5,6,54.5,27.3,2013,18
STK,1,1,1,0,0,0,0,11,5,0,2,2,0,8.5,2,18.2,9.1,2013,18
SUN,1,1,1,0,1,1,0,13,7,3,4,1,0,7.2,6,46.2,7.7,2013,18
SWA,1,0,0,0,0,0,0,8,4,0,3,2,0,11.9,1,12.5,0.0,2013,18
TOT,1,1,0,1,0,0,1,20,9,0,7,10,0,4.8,3,15.0,5.0,2013,18
WBA,1,1,1,0,1,0,1,7,6,2,4,0,0,13.6,4,57.1,14.3,2013,18
WHU,1,1,1,0,1,0,0,12,6,4,3,0,0,7.8,5,41.7,8.3,2013,18
ARS,1,1,1,0,1,0,1,11,4,3,2,2,0,8.6,4,36.4,9.1,2013,19
AVL,1,1,1,0,1,0,0,7,2,1,0,1,0,13.6,3,42.9,14.3,2013,19
CAR,1,2,1,1,1,0,0,16,7,2,3,2,0,6.1,7,43.8,12.5,2013,19
CHE,1,2,1,1,0,0,0,11,7,0,2,1,0,8.7,5,45.5,18.2,2013,19
CRY,1,0,0,0,0,0,0,9,3,1,3,0,0,10.4,4,44.4,0.0,2013,19
EVE,1,2,2,0,1,0,0,9,5,2,1,1,0,10.4,4,44.4,22.2,2013,19
FUL,1,0,0,0,0,0,0,5,1,0,1,1,0,18.8,2,40.0,0.0,2013,19
HUL,1,6,4,2,3,0,2,21,10,4,6,3,1,4.5,13,61.9,28.6,2013,19
LIV,1,1,1,0,1,0,1,8,5,1,3,3,1,12.0,4,50.0,12.5,2013,19
MCI,1,1,1,0,1,0,0,23,15,2,8,11,0,4.1,4,17.4,4.3,2013,19
MUN,1,1,1,0,1,0,0,7,3,1,0,1,0,13.6,3,42.9,14.3,2013,19
NEW,1,0,0,0,0,0,0,11,4,1,5,3,0,8.6,2,18.2,0.0,2013,19
NOR,1,0,0,0,0,0,0,15,6,1,3,5,0,6.3,4,26.7,0.0,2013,19
SOU,1,1,0,1,0,0,0,12,4,1,2,6,0,7.8,2,16.7,8.3,2013,19
STK,1,0,0,0,0,0,0,2,1,0,1,0,0,47.0,1,50.0,0.0,2013,19
SUN,1,2,2,0,1,0,0,21,13,3,4,6,0,4.6,9,42.9,9.5,2013,19
SWA,1,1,1,0,1,0,0,17,7,2,4,9,0,5.6,3,17.6,5.9,2013,19
TOT,1,3,2,1,1,1,0,20,12,5,4,4,0,4.7,7,35.0,15.0,2013,19
WBA,1,3,3,0,2,0,1,22,12,2,5,11,1,4.3,6,27.3,13.6,2013,19
WHU,1,3,2,1,1,0,0,16,6,1,6,1,1,5.9,6,37.5,18.8,2013,19
ARS,1,2,2,0,2,0,0,28,18,5,9,8,2,3.4,6,21.4,7.1,2013,20
AVL,1,1,1,0,1,0,0,13,9,4,0,4,0,7.5,4,30.8,7.7,2013,20
CAR,1,0,0,0,0,0,0,8,3,0,1,3,0,12.0,2,25.0,0.0,2013,20
CHE,1,3,2,1,2,0,0,11,7,3,2,3,0,8.6,5,45.5,27.3,2013,20
CRY,1,1,1,0,1,1,0,13,10,2,6,3,0,7.3,3,23.1,7.7,2013,20
EVE,1,1,1,0,1,1,0,16,10,2,3,7,2,5.9,4,25.0,6.3,2013,20
FUL,1,2,2,0,2,0,1,30,17,5,12,11,0,3.2,10,33.3,6.7,2013,20
HUL,1,0,0,0,0,0,0,10,3,0,2,6,0,9.3,0,0.0,0.0,2013,20
LIV,1,2,1,1,0,0,2,17,6,3,4,2,0,5.5,6,35.3,11.8,2013,20
MCI,1,3,2,1,0,0,1,14,7,2,1,4,0,6.7,4,28.6,21.4,2013,20
MUN,1,1,1,0,1,0,0,17,12,1,6,4,0,5.6,6,35.3,5.9,2013,20
NEW,1,0,0,0,0,0,0,9,3,1,3,3,0,10.6,3,33.3,0.0,2013,20
NOR,1,1,0,1,0,0,0,8,3,0,3,1,0,11.9,5,62.5,12.5,2013,20
SOU,1,0,0,0,0,0,0,12,9,0,4,5,0,7.9,2,16.7,0.0,2013,20
STK,1,1,0,1,0,0,0,10,4,0,1,4,0,9.5,4,40.0,10.0,2013,20
SUN,1,0,0,0,0,0,0,17,6,1,2,8,0,5.7,1,5.9,0.0,2013,20
SWA,1,2,1,1,0,0,0,16,3,1,5,4,1,5.9,4,25.0,12.5,2013,20
TOT,1,2,2,0,1,0,0,9,5,3,0,2,0,10.7,4,44.4,22.2,2013,20
WBA,1,1,1,0,1,1,0,13,9,3,2,1,0,7.3,4,30.8,7.7,2013,20
WHU,1,1,1,0,0,0,1,11,6,2,6,3,0,8.6,3,27.3,9.1,2013,20
ARS,1,2,2,0,0,0,0,8,5,0,1,2,0,12.1,4,50.0,25.0,2013,21
AVL,1,1,1,0,1,0,0,11,4,2,2,2,0,8.8,5,45.5,9.1,2013,21
CAR,1,0,0,0,0,0,0,19,9,1,5,4,0,5.0,7,36.8,0.0,2013,21
CHE,1,2,1,1,0,0,0,14,8,1,5,5,0,6.6,5,35.7,14.3,2013,21
CRY,1,0,0,0,0,0,0,14,10,3,6,4,0,6.8,2,14.3,0.0,2013,21
EVE,1,2,0,2,0,0,1,23,11,1,4,8,0,4.1,5,21.7,8.7,2013,21
FUL,1,1,1,0,1,0,1,17,9,4,5,2,0,5.6,5,29.4,5.9,2013,21
HUL,1,0,0,0,0,0,0,10,2,0,3,3,0,9.3,2,20.0,0.0,2013,21
LIV,1,5,4,1,3,1,0,13,11,5,2,0,0,7.3,9,69.2,38.5,2013,21
MCI,1,2,2,0,2,0,0,14,13,5,6,2,1,7.0,6,42.9,14.3,2013,21
MUN,1,2,2,0,1,0,0,16,11,4,6,1,1,5.9,5,31.3,12.5,2013,21
NEW,1,0,0,0,0,0,0,13,6,1,3,2,0,7.5,5,38.5,0.0,2013,21
NOR,1,0,0,0,0,0,0,11,7,1,0,3,1,8.5,2,18.2,0.0,2013,21
SOU,1,1,1,0,1,0,0,18,4,1,3,4,0,5.2,5,27.8,5.6,2013,21
STK,1,3,2,1,0,0,0,13,8,0,2,4,1,7.3,4,30.8,23.1,2013,21
SUN,1,4,3,1,2,1,2,10,6,3,5,1,0,9.5,6,60.0,40.0,2013,21
SWA,1,0,0,0,0,0,0,13,4,1,2,4,0,7.2,2,15.4,0.0,2013,21
TOT,1,2,2,0,2,0,0,10,6,5,2,3,1,9.5,4,40.0,20.0,2013,21
WBA,1,0,0,0,0,0,0,4,2,1,1,0,0,23.5,2,50.0,0.0,2013,21
WHU,1,2,2,0,1,0,0,10,6,1,1,0,0,9.5,3,30.0,20.0,2013,21
ARS,1,2,1,1,0,0,0,22,12,3,6,9,0,4.4,6,27.3,9.1,2013,22
AVL,1,2,2,0,2,0,0,12,9,3,4,3,1,7.9,3,25.0,16.7,2013,22
CAR,1,2,2,0,2,0,1,7,2,2,2,1,0,13.6,6,85.7,28.6,2013,22
CHE,1,3,2,1,2,0,2,13,7,2,4,4,0,7.4,6,46.2,23.1,2013,22
CRY,1,1,1,0,0,0,0,12,7,2,1,2,0,7.9,6,50.0,8.3,2013,22
EVE,1,1,1,0,1,0,0,13,9,1,4,3,0,7.3,4,30.8,7.7,2013,22
FUL,1,0,0,0,0,0,0,8,3,1,3,4,0,12.0,2,25.0,0.0,2013,22
HUL,1,0,0,0,0,0,0,10,8,1,4,3,1,9.5,0,0.0,0.0,2013,22
LIV,1,2,2,0,2,1,0,14,6,2,3,1,0,6.8,6,42.9,14.3,2013,22
MCI,1,4,4,0,2,0,0,24,19,3,5,4,0,4.0,9,37.5,16.7,2013,22
MUN,1,1,1,0,1,0,0,10,8,2,1,3,0,9.6,4,40.0,10.0,2013,22
NEW,1,3,2,1,1,0,1,19,7,2,1,2,0,5.1,8,42.1,15.8,2013,22
NOR,1,1,1,0,0,0,1,25,16,1,13,11,0,3.8,4,16.0,4.0,2013,22
SOU,1,2,1,1,0,0,1,17,7,0,3,3,0,5.8,8,47.1,11.8,2013,22
STK,1,0,0,0,0,0,0,17,9,0,3,4,0,5.6,2,11.8,0.0,2013,22
SUN,1,2,2,0,1,0,0,10,6,2,5,4,0,9.8,5,50.0,20.0,2013,22
SWA,1,1,1,0,0,0,0,13,6,0,4,1,1,7.3,3,23.1,7.7,2013,22
TOT,1,3,2,1,2,0,0,11,7,4,0,3,0,8.6,5,45.5,27.3,2013,22
WBA,1,1,1,0,0,0,0,14,8,1,3,3,0,6.8,6,42.9,7.1,2013,22
WHU,1,1,1,1,0,0,1,12,9,3,4,3,0,8.0,3,25.0,8.3,2013,22
ARS,1,2,1,1,0,0,0,7,5,0,3,1,0,13.9,4,57.1,28.6,2013,23
AVL,1,4,4,0,2,1,0,10,8,3,1,2,0,9.5,6,60.0,40.0,2013,23
CAR,1,0,0,0,0,0,0,7,3,0,1,3,0,13.6,1,14.3,0.0,2013,23
CHE,1,0,0,0,0,0,0,39,16,1,3,14,1,2.5,9,23.1,0.0,2013,23
CRY,1,1,1,0,0,0,0,13,7,1,6,0,0,7.4,3,23.1,7.7,2013,23
EVE,1,0,0,0,0,0,0,19,9,0,4,8,0,4.9,4,21.1,0.0,2013,23
FUL,1,0,0,0,0,0,0,15,10,2,8,3,0,6.3,4,26.7,0.0,2013,23
HUL,1,0,0,0,0,0,0,13,8,2,2,2,0,7.4,4,30.8,0.0,2013,23
LIV,1,4,3,1,3,0,1,20,12,5,3,3,1,4.7,9,45.0,20.0,2013,23
MCI,1,5,5,0,4,1,1,24,23,5,7,4,1,3.9,9,37.5,20.8,2013,23
MUN,1,2,1,1,1,0,0,17,10,4,4,4,1,5.6,5,29.4,11.8,2013,23
NEW,1,0,0,0,0,0,0,21,7,1,7,9,2,4.6,3,14.3,0.0,2013,23
NOR,1,0,0,0,0,0,0,9,5,1,1,4,0,10.8,2,22.2,0.0,2013,23
SOU,1,2,2,0,1,0,1,13,11,3,5,5,0,7.5,5,38.5,15.4,2013,23
STK,1,0,0,0,0,0,0,14,12,3,5,2,1,6.8,5,35.7,0.0,2013,23
SUN,1,1,1,0,1,0,0,16,9,2,3,4,0,5.9,6,37.5,6.3,2013,23
SWA,1,2,1,2,0,0,1,14,6,0,3,2,1,6.8,6,42.9,14.3,2013,23
TOT,1,1,1,0,1,0,1,4,2,1,2,1,0,23.5,2,50.0,25.0,2013,23
WBA,1,3,1,2,1,0,0,12,5,2,6,2,0,7.9,4,33.3,25.0,2013,23
WHU,1,0,0,0,0,0,0,1,1,1,1,0,0,97.0,1,100.0,0.0,2013,23
ARS,1,2,2,0,1,0,0,11,7,1,6,1,0,8.5,6,54.5,18.2,2013,24
AVL,1,1,1,0,0,0,0,4,1,0,1,1,0,23.8,1,25.0,25.0,2013,24
CAR,1,2,2,0,2,0,1,13,9,4,4,1,1,7.4,4,30.8,15.4,2013,24
CHE,1,1,1,1,0,0,0,18,8,2,6,4,3,5.3,6,33.3,5.6,2013,24
CRY,1,0,0,0,0,0,0,10,5,1,3,2,0,9.3,2,20.0,0.0,2013,24
EVE,1,2,1,1,1,0,1,13,8,2,5,5,1,7.3,6,46.2,15.4,2013,24
FUL,1,0,0,0,0,0,0,8,4,0,2,0,0,11.6,4,50.0,0.0,2013,24
HUL,1,1,1,0,1,0,0,9,5,1,2,2,0,10.4,3,33.3,11.1,2013,24
LIV,1,1,1,0,1,0,0,12,8,2,5,6,0,7.8,3,25.0,8.3,2013,24
MCI,1,0,0,0,0,0,0,24,14,3,8,5,0,4.0,3,12.5,0.0,2013,24
MUN,1,1,1,0,1,0,0,19,12,3,7,8,0,5.2,4,21.1,5.3,2013,24
NEW,1,0,0,0,0,0,0,28,12,2,9,10,0,3.4,9,32.1,0.0,2013,24
NOR,1,1,1,0,1,0,0,27,16,3,7,13,1,3.6,5,18.5,3.7,2013,24
SOU,1,3,3,0,1,0,0,17,11,1,3,4,0,5.5,5,29.4,17.6,2013,24
STK,1,2,0,2,0,0,1,13,5,0,4,1,0,7.5,4,30.8,15.4,2013,24
SUN,1,3,3,0,3,1,0,16,10,4,5,3,1,5.9,5,31.3,18.8,2013,24
SWA,1,0,0,0,0,0,0,20,6,0,4,12,0,4.8,0,0.0,0.0,2013,24
TOT,1,1,1,0,0,0,1,19,8,0,7,8,0,4.9,3,15.8,5.3,2013,24
WBA,1,1,0,1,1,0,0,12,3,1,4,3,0,7.8,4,33.3,8.3,2013,24
WHU,1,2,2,0,1,0,1,11,7,1,4,1,0,8.6,4,36.4,18.2,2013,24
ARS,1,1,1,0,1,1,0,11,4,1,4,4,0,8.5,6,54.5,9.1,2013,25
AVL,1,0,0,0,0,0,0,16,9,1,5,5,2,5.9,1,6.3,0.0,2013,25
CAR,1,0,0,0,0,0,0,7,3,0,2,1,1,13.3,1,14.3,0.0,2013,25
CHE,1,3,3,0,2,1,0,18,10,3,3,1,0,5.3,8,44.4,16.7,2013,25
CRY,1,3,3,0,3,1,1,10,8,3,5,2,0,9.4,6,60.0,30.0,2013,25
EVE,1,0,0,0,0,0,0,10,6,0,2,2,0,9.4,3,30.0,0.0,2013,25
FUL,1,2,2,0,2,0,0,6,4,3,0,1,0,16.0,3,50.0,33.3,2013,25
HUL,1,2,2,0,2,0,1,25,15,2,6,5,1,3.8,9,36.0,8.0,2013,25
LIV,1,5,4,1,4,0,2,22,15,8,8,1,1,4.3,12,54.5,22.7,2013,25
MCI,1,0,0,0,0,0,0,15,8,2,4,4,0,6.3,2,13.3,0.0,2013,25
MUN,1,2,1,1,1,0,0,31,20,4,4,9,0,3.1,9,29.0,6.5,2013,25
NEW,1,0,0,0,0,0,0,12,5,2,2,1,0,7.9,6,50.0,0.0,2013,25
NOR,1,0,0,0,0,0,0,7,4,2,1,1,0,13.4,2,28.6,0.0,2013,25
SOU,1,2,0,2,0,0,2,18,8,2,8,6,0,5.2,5,27.8,11.1,2013,25
STK,1,2,1,1,2,0,1,5,3,2,1,0,0,18.8,4,80.0,40.0,2013,25
SUN,1,0,0,0,0,0,0,7,2,0,2,2,0,13.4,3,42.9,0.0,2013,25
SWA,1,3,3,0,3,0,1,17,8,3,2,4,0,5.5,6,35.3,17.6,2013,25
TOT,1,1,1,0,0,0,1,8,4,0,4,1,0,11.8,2,25.0,12.5,2013,25
WBA,1,1,1,0,0,0,0,17,8,1,5,6,0,5.5,7,41.2,5.9,2013,25
WHU,1,2,2,0,1,0,0,10,8,2,3,5,0,9.5,2,20.0,20.0,2013,25
ARS,1,0,0,0,0,0,0,17,8,2,5,8,0,5.5,4,23.5,0.0,2013,26
AVL,1,0,0,0,0,0,0,18,9,2,4,4,0,5.2,6,33.3,0.0,2013,26
CAR,1,0,0,0,0,0,0,12,7,1,3,3,0,7.8,3,25.0,0.0,2013,26
CHE,1,1,1,0,1,0,1,15,5,1,3,4,0,6.5,4,26.7,6.7,2013,26
FUL,1,2,1,1,1,0,1,10,4,1,2,3,0,9.6,3,30.0,20.0,2013,26
HUL,1,0,0,0,0,0,0,12,7,0,4,0,1,8.0,4,33.3,0.0,2013,26
LIV,1,3,2,1,2,1,0,21,13,2,1,3,1,4.6,7,33.3,14.3,2013,26
MUN,1,0,0,0,0,0,0,6,4,2,2,1,0,15.5,2,33.3,0.0,2013,26
NEW,1,0,0,0,0,0,0,13,8,3,5,3,0,7.2,5,38.5,0.0,2013,26
NOR,1,0,0,0,0,0,0,13,7,2,3,3,0,7.3,6,46.2,0.0,2013,26
SOU,1,1,1,0,1,0,1,16,13,5,4,4,2,6.0,6,37.5,6.3,2013,26
STK,1,1,1,0,0,0,0,7,3,2,1,0,1,13.7,4,57.1,14.3,2013,26
SWA,1,1,1,0,0,0,1,14,9,2,3,5,0,6.9,2,14.3,7.1,2013,26
TOT,1,4,3,1,2,0,0,15,10,4,2,4,0,6.3,8,53.3,26.7,2013,26
WBA,1,1,1,0,0,0,0,13,11,1,5,3,0,7.5,1,7.7,7.7,2013,26
WHU,1,2,2,0,1,0,1,12,7,2,4,1,0,7.9,7,58.3,16.7,2013,26
ARS,1,4,4,0,4,0,1,12,6,5,4,2,0,7.8,9,75.0,33.3,2013,27
AVL,1,0,0,0,0,0,0,10,3,0,3,3,0,9.5,2,20.0,0.0,2013,27
CAR,1,0,0,0,0,0,0,23,15,0,8,9,0,4.1,5,21.7,0.0,2013,27
CHE,1,1,1,1,0,0,1,25,11,1,7,7,0,3.8,8,32.0,4.0,2013,27
CRY,1,0,0,0,0,0,0,15,11,0,4,5,0,6.3,6,40.0,0.0,2013,27
EVE,1,0,0,0,0,0,0,8,5,0,2,3,0,12.0,2,25.0,0.0,2013,27
FUL,1,1,1,0,0,0,0,7,4,2,1,0,0,13.6,3,42.9,14.3,2013,27
HUL,1,4,2,2,1,0,0,11,6,3,2,2,0,8.5,6,54.5,36.4,2013,27
LIV,1,4,3,1,3,0,0,21,13,4,2,5,1,4.5,10,47.6,19.0,2013,27
MCI,1,1,1,0,1,0,0,19,6,2,3,5,0,5.1,7,36.8,5.3,2013,27
MUN,1,2,2,0,1,1,0,14,9,3,2,4,1,6.8,5,35.7,14.3,2013,27
NEW,1,1,1,0,0,0,0,23,7,2,8,7,1,4.1,5,21.7,4.3,2013,27
NOR,1,1,0,1,0,0,0,13,4,2,5,3,1,7.2,3,23.1,7.7,2013,27
SOU,1,1,1,0,1,0,1,26,15,2,7,7,1,3.6,5,19.2,3.8,2013,27
STK,1,0,0,0,0,0,0,7,3,0,3,1,0,13.7,2,28.6,0.0,2013,27
SUN,1,1,0,1,0,0,1,7,3,0,3,1,0,13.3,3,42.9,14.3,2013,27
SWA,1,3,1,2,1,1,1,14,7,1,3,2,0,6.7,4,28.6,21.4,2013,27
TOT,1,0,0,0,0,0,0,9,6,6,0,2,0,10.4,2,22.2,0.0,2013,27
WBA,1,1,1,0,0,0,0,16,9,0,4,7,0,5.9,5,31.3,6.3,2013,27
WHU,1,3,3,0,2,0,1,10,6,2,3,1,2,9.4,5,50.0,30.0,2013,27
ARS,1,0,0,0,0,0,0,10,6,1,2,3,0,9.6,2,20.0,0.0,2013,28
AVL,1,4,3,1,0,0,1,10,7,0,2,3,0,9.3,4,40.0,40.0,2013,28
CAR,1,0,0,0,0,0,0,8,5,1,4,4,1,11.9,2,25.0,0.0,2013,28
CHE,1,3,3,0,3,0,0,17,14,3,1,5,0,5.6,7,41.2,17.6,2013,28
CRY,1,1,1,0,1,1,0,6,6,2,1,1,0,15.8,3,50.0,16.7,2013,28
EVE,1,1,1,0,0,0,0,22,13,1,4,6,1,4.3,3,13.6,4.5,2013,28
FUL,1,1,1,0,1,0,1,7,4,2,3,1,0,13.6,3,42.9,14.3,2013,28
HUL,1,1,1,0,0,0,1,13,10,4,8,3,0,7.3,3,23.1,7.7,2013,28
LIV,1,3,3,0,3,1,0,12,9,3,3,1,0,8.0,5,41.7,25.0,2013,28
NEW,1,4,4,0,3,0,0,17,10,3,4,5,0,5.6,6,35.3,23.5,2013,28
NOR,1,1,1,0,1,0,0,7,4,2,0,1,0,13.3,4,57.1,14.3,2013,28
SOU,1,0,0,0,0,0,0,13,9,1,2,3,1,7.4,2,15.4,0.0,2013,28
STK,1,1,1,0,1,1,0,8,6,2,1,0,0,12.0,4,50.0,12.5,2013,28
SWA,1,1,1,0,1,0,0,7,5,1,0,1,0,13.6,5,71.4,14.3,2013,28
TOT,1,1,1,0,1,0,0,15,6,2,5,3,0,6.3,6,40.0,6.7,2013,28
WHU,1,0,0,0,0,0,0,7,2,0,1,2,0,13.4,1,14.3,0.0,2013,28
CAR,1,3,2,1,1,0,2,19,11,4,6,4,0,5.0,9,47.4,15.8,2013,29
CHE,1,4,4,0,4,1,0,12,10,5,2,2,0,7.8,4,33.3,33.3,2013,29
CRY,1,0,0,0,0,0,0,6,4,0,3,2,0,15.8,1,16.7,0.0,2013,29
FUL,1,1,1,0,1,0,1,14,10,1,6,2,0,6.8,6,42.9,7.1,2013,29
MUN,1,3,3,0,2,0,1,14,10,2,4,4,0,6.6,5,35.7,21.4,2013,29
NOR,1,1,1,0,1,0,1,13,5,1,2,2,0,7.4,5,38.5,7.7,2013,29
SOU,1,1,0,1,1,0,0,11,6,1,3,4,1,8.6,3,27.3,9.1,2013,29
STK,1,1,1,0,1,1,0,6,3,1,1,1,0,16.0,3,50.0,16.7,2013,29
TOT,1,0,0,0,0,0,0,6,2,0,1,2,0,15.7,2,33.3,0.0,2013,29
WBA,1,0,0,0,0,0,0,14,10,1,2,4,0,6.7,3,21.4,0.0,2013,29
ARS,1,1,1,0,0,0,0,7,3,1,1,0,0,13.6,3,42.9,14.3,2013,30
AVL,1,1,1,0,0,0,0,13,7,1,1,3,0,7.4,4,30.8,7.7,2013,30
CAR,1,1,1,0,0,0,1,10,7,0,4,3,0,9.5,3,30.0,10.0,2013,30
CHE,1,0,0,0,0,0,0,15,7,0,5,6,0,6.4,2,13.3,0.0,2013,30
CRY,1,0,0,0,0,0,0,12,4,1,5,2,0,8.0,5,41.7,0.0,2013,30
EVE,1,2,2,0,0,0,0,19,12,0,0,8,0,5.0,6,31.6,10.5,2013,30
FUL,1,1,0,1,0,0,0,12,4,0,0,3,0,7.8,3,25.0,8.3,2013,30
HUL,1,0,0,0,0,0,0,15,9,0,4,3,0,6.3,5,33.3,0.0,2013,30
LIV,1,3,3,0,3,2,0,18,10,5,2,2,1,5.3,7,38.9,16.7,2013,30
MCI,1,2,1,1,1,0,0,8,6,3,2,1,1,11.9,3,37.5,25.0,2013,30
MUN,1,0,0,0,0,0,0,13,11,1,3,6,0,7.3,1,7.7,0.0,2013,30
NEW,1,0,0,0,0,0,0,12,9,3,1,4,0,7.8,3,25.0,0.0,2013,30
NOR,1,2,2,0,2,0,0,6,3,2,2,1,0,16.3,3,50.0,33.3,2013,30
SOU,1,4,4,0,4,0,0,17,13,6,3,3,1,5.8,6,35.3,23.5,2013,30
STK,1,3,3,0,1,0,1,16,11,3,4,4,0,5.9,9,56.3,18.8,2013,30
SUN,1,0,0,0,0,0,0,19,11,0,10,5,1,5.1,2,10.5,0.0,2013,30
SWA,1,1,1,0,0,0,0,14,10,1,3,4,0,6.8,4,28.6,7.1,2013,30
TOT,1,0,0,0,0,0,0,17,5,4,2,11,0,5.6,1,5.9,0.0,2013,30
WBA,1,2,0,2,0,0,0,13,3,0,4,4,0,7.3,4,30.8,15.4,2013,30
WHU,1,1,1,0,1,0,1,8,5,2,1,4,0,11.9,2,25.0,12.5,2013,30
ARS,2,2,2,0,2,0,0,24,14,2,6,7,0,7.8,9,37.5,8.3,2013,31
AVL,1,1,1,0,0,0,0,12,7,0,4,4,0,7.9,3,25.0,8.3,2013,31
CAR,1,3,3,0,1,0,0,9,7,1,2,2,0,10.8,3,33.3,33.3,2013,31
CHE,1,6,5,1,3,1,0,21,12,5,2,5,0,4.4,11,52.4,28.6,2013,31
CRY,1,0,0,0,0,0,0,8,5,1,0,2,1,11.9,1,12.5,0.0,2013,31
EVE,2,6,6,0,5,1,1,17,14,8,3,1,0,11.1,12,70.6,35.3,2013,31
FUL,1,0,0,0,0,0,0,6,3,1,2,2,0,15.7,0,0.0,0.0,2013,31
HUL,2,3,3,1,2,0,3,21,13,4,10,4,1,9.0,8,38.1,14.3,2013,31
LIV,2,8,7,1,5,0,3,40,22,5,12,7,1,4.8,16,40.0,20.0,2013,31
MCI,2,8,7,1,4,2,4,35,26,8,10,11,1,5.4,14,40.0,22.9,2013,31
MUN,2,2,1,1,1,0,0,26,17,4,8,6,0,7.2,10,38.5,7.7,2013,31
NEW,2,1,1,0,1,0,0,37,25,6,6,12,0,5.1,10,27.0,2.7,2013,31
NOR,1,2,1,1,1,0,0,15,5,3,4,1,0,6.3,8,53.3,13.3,2013,31
SOU,1,2,2,0,2,0,0,12,7,2,1,5,0,7.9,4,33.3,16.7,2013,31
STK,1,4,3,1,3,0,0,10,4,3,2,1,0,9.6,5,50.0,40.0,2013,31
SUN,2,1,1,0,1,0,1,21,11,2,7,5,1,9.0,6,28.6,4.8,2013,31
SWA,2,4,3,1,1,0,1,29,21,3,6,7,0,6.5,9,31.0,13.8,2013,31
TOT,1,3,2,1,2,0,0,15,8,3,5,1,0,6.3,6,40.0,20.0,2013,31
WBA,1,0,0,0,0,0,0,16,9,0,6,9,0,5.9,3,18.8,0.0,2013,31
WHU,2,2,1,1,1,1,0,20,12,1,9,8,0,9.5,4,20.0,10.0,2013,31
ARS,1,1,1,0,0,0,0,9,5,1,2,1,0,10.4,3,33.3,11.1,2013,32
AVL,1,1,0,1,0,0,1,10,5,3,2,2,0,9.4,1,10.0,10.0,2013,32
CAR,1,3,2,1,0,0,1,11,4,0,2,5,0,8.7,5,45.5,27.3,2013,32
CHE,1,0,0,0,0,0,0,21,12,2,5,9,0,4.5,2,9.5,0.0,2013,32
CRY,1,1,0,1,0,0,0,14,7,2,2,1,1,6.8,4,28.6,7.1,2013,32
EVE,1,3,2,1,1,0,1,14,10,2,1,4,1,6.8,7,50.0,21.4,2013,32
FUL,1,1,0,1,0,0,0,23,14,3,6,6,0,4.1,8,34.8,4.3,2013,32
HUL,1,0,0,0,0,0,0,5,3,2,0,0,0,19.2,3,60.0,0.0,2013,32
LIV,1,4,1,3,0,0,1,11,5,2,4,0,0,8.5,5,45.5,36.4,2013,32
MCI,1,1,1,0,1,0,0,15,8,1,3,3,0,6.3,4,26.7,6.7,2013,32
MUN,1,4,4,0,4,1,0,9,7,5,2,2,0,10.4,6,66.7,44.4,2013,32
NEW,1,0,0,0,0,0,0,5,2,0,3,2,0,18.8,2,40.0,0.0,2013,32
NOR,1,0,0,0,0,0,0,8,6,0,2,4,0,11.8,3,37.5,0.0,2013,32
SOU,1,4,3,1,2,0,0,23,17,8,2,2,1,4.1,11,47.8,17.4,2013,32
STK,1,1,0,1,0,0,0,15,4,0,4,6,0,6.4,3,20.0,6.7,2013,32
SUN,1,1,1,0,1,0,0,26,11,3,3,5,0,3.7,7,26.9,3.8,2013,32
SWA,1,3,2,1,1,0,0,16,8,1,2,4,0,5.9,7,43.8,18.8,2013,32
TOT,1,0,0,0,0,0,0,15,7,0,3,5,0,6.3,4,26.7,0.0,2013,32
WBA,1,3,2,1,1,0,0,16,9,1,5,4,0,6.0,6,37.5,18.8,2013,32
WHU,1,2,2,0,0,0,2,11,6,1,2,1,0,8.6,6,54.5,18.2,2013,32
ARS,1,0,0,0,0,0,0,15,9,0,1,6,0,6.3,5,33.3,0.0,2013,33
AVL,1,1,1,0,0,0,1,12,8,0,1,3,0,7.9,6,50.0,8.3,2013,33
CAR,1,0,0,0,0,0,0,13,7,1,5,5,0,7.3,3,23.1,0.0,2013,33
CHE,1,3,2,1,1,0,2,18,10,4,6,1,0,5.2,8,44.4,16.7,2013,33
CRY,1,3,2,1,1,0,1,13,8,2,4,3,0,7.3,8,61.5,23.1,2013,33
EVE,1,3,2,1,1,0,0,14,8,1,3,5,0,6.7,7,50.0,21.4,2013,33
FUL,1,2,1,1,0,0,0,16,5,1,0,5,0,5.9,7,43.8,12.5,2013,33
HUL,1,1,1,0,1,0,0,8,5,2,4,0,0,11.9,4,50.0,12.5,2013,33
LIV,1,2,2,0,2,2,0,17,11,2,3,2,2,5.6,8,47.1,11.8,2013,33
MCI,1,4,4,0,4,1,0,15,11,8,2,2,1,6.3,8,53.3,26.7,2013,33
MUN,1,4,3,1,3,0,1,8,6,4,1,0,1,11.9,4,50.0,50.0,2013,33
NEW,1,0,0,0,0,0,0,14,7,1,2,2,0,6.8,4,28.6,0.0,2013,33
NOR,1,0,0,0,0,0,0,12,7,1,3,2,1,7.9,4,33.3,0.0,2013,33
SOU,1,1,1,0,1,1,0,5,3,3,2,1,0,18.8,1,20.0,20.0,2013,33
STK,1,0,0,0,0,0,0,4,0,1,0,1,0,23.3,2,50.0,0.0,2013,33
SUN,1,1,0,1,0,0,0,8,1,0,2,1,0,12.0,4,50.0,12.5,2013,33
SWA,1,0,0,0,0,0,0,12,5,0,1,1,0,7.9,2,16.7,0.0,2013,33
TOT,1,5,4,1,4,0,1,29,13,7,6,11,0,3.3,11,37.9,17.2,2013,33
WBA,1,1,0,1,0,0,0,8,5,1,1,1,0,11.9,5,62.5,12.5,2013,33
WHU,1,1,1,0,1,0,1,11,4,2,3,2,1,8.6,1,9.1,9.1,2013,33
ARS,1,3,3,0,2,0,0,14,10,3,4,3,0,6.8,8,57.1,21.4,2013,34
AVL,1,0,0,0,0,0,0,7,3,1,1,2,0,13.4,3,42.9,0.0,2013,34
CAR,1,1,0,1,0,0,1,6,2,1,2,0,0,15.8,4,66.7,16.7,2013,34
CHE,1,1,0,1,0,0,0,26,15,2,3,11,1,3.7,2,7.7,3.8,2013,34
CRY,2,4,4,0,0,0,1,21,14,2,4,1,3,9.1,8,38.1,19.0,2013,34
EVE,2,3,2,1,2,0,0,37,24,4,11,10,0,5.2,8,21.6,8.1,2013,34
FUL,1,1,1,0,1,0,1,14,9,4,5,4,0,6.7,2,14.3,7.1,2013,34
LIV,1,3,3,0,1,0,2,10,6,3,5,0,0,9.6,4,40.0,30.0,2013,34
MCI,2,4,3,1,3,0,0,29,19,5,4,8,0,6.6,8,27.6,13.8,2013,34
NEW,1,0,0,0,0,0,0,13,7,2,3,5,0,7.3,1,7.7,0.0,2013,34
NOR,1,0,0,0,0,0,0,14,7,3,4,4,1,6.7,4,28.6,0.0,2013,34
SOU,1,0,0,0,0,0,0,19,9,1,1,4,0,5.0,7,36.8,0.0,2013,34
STK,1,1,0,1,0,0,0,10,6,3,2,2,1,9.5,3,30.0,10.0,2013,34
SUN,2,2,2,0,1,0,0,35,17,3,13,12,0,5.4,8,22.9,5.7,2013,34
SWA,1,0,0,0,0,0,0,7,4,0,2,1,0,13.6,4,57.1,0.0,2013,34
TOT,1,3,2,1,0,0,0,20,11,5,4,5,0,4.9,8,40.0,15.0,2013,34
WBA,1,3,2,1,3,0,0,6,5,3,0,0,0,16.2,5,83.3,50.0,2013,34
WHU,1,1,1,0,1,0,0,12,10,2,2,3,0,7.9,2,16.7,8.3,2013,34
ARS,1,3,3,0,2,0,0,12,9,3,3,1,1,7.8,6,50.0,25.0,2013,35
AVL,1,0,0,0,0,0,0,6,2,0,0,1,0,15.7,1,16.7,0.0,2013,35
CAR,1,1,1,0,1,1,0,13,8,3,3,6,1,7.3,4,30.8,7.7,2013,35
CHE,1,1,1,0,0,0,1,31,16,2,4,8,0,3.1,15,48.4,3.2,2013,35
CRY,1,1,1,0,1,1,0,11,10,1,3,7,0,8.6,2,18.2,9.1,2013,35
EVE,1,2,2,0,1,1,0,17,13,1,2,6,0,5.6,5,29.4,11.8,2013,35
FUL,1,1,1,0,0,0,0,11,7,2,1,2,0,8.5,4,36.4,9.1,2013,35
HUL,1,0,0,0,0,0,0,13,10,1,3,2,1,7.2,4,30.8,0.0,2013,35
LIV,1,3,2,1,1,0,0,14,11,3,1,2,0,6.8,6,42.9,21.4,2013,35
MCI,1,3,2,1,2,0,1,19,11,3,1,8,0,5.0,6,31.6,15.8,2013,35
MUN,1,0,0,0,0,0,0,9,3,1,3,4,0,10.6,2,22.2,0.0,2013,35
NEW,1,1,1,0,0,0,1,14,8,0,3,1,0,6.8,4,28.6,7.1,2013,35
NOR,1,2,2,0,1,0,0,13,9,2,4,6,0,7.3,5,38.5,15.4,2013,35
SOU,1,0,0,0,0,0,0,3,3,2,0,1,0,31.3,2,66.7,0.0,2013,35
STK,1,1,1,0,1,1,0,15,7,2,4,4,1,6.3,5,33.3,6.7,2013,35
SUN,1,2,2,0,2,1,1,7,2,2,2,0,0,13.7,3,42.9,28.6,2013,35
SWA,1,2,2,0,2,1,1,10,4,3,2,4,0,9.5,2,20.0,20.0,2013,35
TOT,1,3,3,0,3,0,2,14,8,4,5,4,0,6.7,5,35.7,21.4,2013,35
WBA,1,1,1,0,0,0,0,10,3,1,2,2,0,9.5,3,30.0,10.0,2013,35
WHU,1,0,0,0,0,0,0,13,10,0,1,3,0,7.3,4,30.8,0.0,2013,35
ARS,1,3,3,0,3,0,1,20,17,5,9,3,0,4.7,8,40.0,15.0,2013,36
AVL,1,1,1,0,1,0,0,11,1,1,4,5,0,8.6,3,27.3,9.1,2013,36
CAR,1,0,0,0,0,0,0,6,5,0,4,1,0,15.8,1,16.7,0.0,2013,36
CHE,1,2,1,1,2,0,0,11,5,3,1,4,0,8.7,4,36.4,18.2,2013,36
CRY,1,0,0,0,0,0,0,3,0,0,0,0,0,31.3,2,66.7,0.0,2013,36
EVE,1,0,0,0,0,0,0,9,5,0,2,5,0,10.4,2,22.2,0.0,2013,36
FUL,1,2,2,0,0,0,1,10,7,2,4,0,0,9.5,3,30.0,20.0,2013,36
HUL,1,2,2,0,2,0,0,8,6,2,1,3,1,11.9,4,50.0,25.0,2013,36
LIV,1,0,0,0,0,0,0,26,5,2,7,7,0,3.7,8,30.8,0.0,2013,36
MCI,1,2,2,0,1,0,0,16,10,1,7,4,0,5.9,6,37.5,12.5,2013,36
MUN,1,4,3,1,3,1,0,25,16,5,1,6,0,3.8,11,44.0,16.0,2013,36
NEW,1,0,0,0,0,0,0,8,3,1,0,1,0,11.8,3,37.5,0.0,2013,36
NOR,1,0,0,0,0,0,0,9,3,0,2,3,0,10.4,2,22.2,0.0,2013,36
SOU,1,2,0,2,0,0,0,14,7,1,2,6,1,6.7,4,28.6,14.3,2013,36
STK,1,0,0,0,0,0,0,17,8,2,1,4,0,5.6,3,17.6,0.0,2013,36
SUN,1,4,4,0,2,1,2,21,13,3,5,8,0,4.5,7,33.3,19.0,2013,36
SWA,1,4,2,2,2,1,1,11,5,2,3,1,0,8.6,8,72.7,36.4,2013,36
TOT,1,1,1,0,0,0,0,16,8,3,2,7,0,5.9,4,25.0,6.3,2013,36
WBA,1,1,1,0,1,0,0,19,8,3,5,4,0,4.9,6,31.6,5.3,2013,36
WHU,1,0,0,0,0,0,0,9,8,1,5,0,1,10.4,3,33.3,0.0,2013,36
ARS,1,1,1,0,0,0,1,15,11,2,2,6,1,6.2,4,26.7,6.7,2013,37
AVL,2,3,3,0,1,0,1,20,13,2,4,6,1,9.4,8,40.0,15.0,2013,37
CAR,1,0,0,0,0,0,0,16,12,3,6,6,0,5.9,2,12.5,0.0,2013,37
CHE,1,0,0,0,0,0,0,23,10,0,3,9,2,4.1,4,17.4,0.0,2013,37
CRY,1,3,2,1,1,0,0,10,4,1,1,1,0,9.6,6,60.0,30.0,2013,37
EVE,1,2,1,1,1,0,0,9,4,2,0,2,0,10.8,4,44.4,22.2,2013,37
FUL,1,1,1,0,1,0,0,10,5,2,3,5,0,9.3,2,20.0,10.0,2013,37
HUL,2,2,0,2,0,0,1,10,5,0,3,2,0,18.8,4,40.0,20.0,2013,37
LIV,1,3,2,1,2,0,1,26,16,4,5,9,0,3.7,8,30.8,11.5,2013,37
MCI,2,7,6,1,4,0,0,36,24,6,8,10,0,5.3,15,41.7,19.4,2013,37
MUN,2,3,3,0,2,0,1,35,21,5,9,10,0,5.4,9,25.7,8.6,2013,37
NEW,1,3,3,0,3,0,1,22,13,3,10,11,0,4.3,6,27.3,13.6,2013,37
NOR,1,0,0,0,0,0,0,6,3,0,3,2,0,15.7,3,50.0,0.0,2013,37
SOU,1,1,1,0,1,0,0,17,7,2,4,7,0,5.5,4,23.5,5.9,2013,37
STK,1,4,4,0,4,0,0,23,11,4,3,6,0,4.0,8,34.8,17.4,2013,37
SUN,2,3,3,0,2,0,0,18,12,3,2,4,2,10.5,5,27.8,16.7,2013,37
SWA,1,0,0,0,0,0,0,12,6,0,3,2,0,7.8,3,25.0,0.0,2013,37
TOT,1,0,0,0,0,0,0,12,6,0,0,4,0,7.8,3,25.0,0.0,2013,37
WBA,2,0,0,0,0,0,0,24,8,1,7,9,0,7.8,4,16.7,0.0,2013,37
WHU,1,2,0,2,0,0,2,20,12,1,13,3,1,4.7,8,40.0,10.0,2013,37
ARS,1,2,2,0,0,0,0,14,11,2,4,2,0,6.6,8,57.1,14.3,2013,38
AVL,1,0,0,0,0,0,0,4,1,0,0,1,0,23.3,1,25.0,0.0,2013,38
CAR,1,1,0,1,0,0,0,10,6,0,2,3,0,9.4,3,30.0,10.0,2013,38
CHE,1,2,2,0,1,0,0,28,20,5,2,9,1,3.4,6,21.4,7.1,2013,38
CRY,1,2,1,1,1,0,1,15,12,2,4,5,1,6.3,6,40.0,13.3,2013,38
EVE,1,2,2,0,2,0,0,11,4,3,3,2,0,8.5,4,36.4,18.2,2013,38
FUL,1,2,1,1,0,0,0,15,9,3,4,3,1,6.3,5,33.3,13.3,2013,38
HUL,1,0,0,0,0,0,0,12,3,0,6,4,0,7.8,3,25.0,0.0,2013,38
LIV,1,2,2,0,1,0,2,13,6,3,6,5,0,7.3,5,38.5,15.4,2013,38
MCI,1,2,1,1,1,0,1,28,16,4,9,11,0,3.4,7,25.0,7.1,2013,38
MUN,1,1,0,1,0,0,1,9,6,0,4,1,0,10.4,2,22.2,11.1,2013,38
NEW,1,1,0,1,0,0,0,8,5,1,2,3,0,11.9,2,25.0,12.5,2013,38
NOR,1,0,0,0,0,0,0,11,4,0,0,2,0,8.5,5,45.5,0.0,2013,38
SOU,1,1,1,0,1,0,0,15,6,1,4,4,0,6.3,6,40.0,6.7,2013,38
STK,1,2,0,2,0,0,0,14,4,1,0,3,1,6.7,4,28.6,14.3,2013,38
SUN,1,1,1,0,0,0,1,20,8,0,7,4,0,4.7,4,20.0,5.0,2013,38
SWA,1,3,3,0,2,0,0,7,4,2,0,2,0,13.4,4,57.1,42.9,2013,38
TOT,1,3,2,1,2,1,0,12,8,5,2,2,0,7.8,6,50.0,25.0,2013,38
WBA,1,1,1,0,0,0,0,17,10,0,6,6,1,5.5,4,23.5,5.9,2013,38
WHU,1,0,0,0,0,0,0,3,1,0,1,0,0,31.3,0,0.0,0.0,2013,38
