Team,Games Played,Goals Conceded,Clean Sheets,Shots ConcededIn,Shots ConcededOut,Shots ConcededTotal,Shots ConcededOn Target,Shots ConcededHead,Shots ConcededSP,Shots ConcededBC,Crosses ConcededLeft Flank,Crosses ConcededRight Flank,Chances ConcededLeft Flank,Chances ConcededCentre,Chances ConcededRight Flank,Defensive SlipsLost,Defensive SlipsErr,Defensive SlipsErr Goal,Season,GW ID
ARS,1,0,1,4,5,9,2,1,3,0,4,11,1,2,4,11,0,0,2019,1
AVL,1,3,0,17,14,31,6,4,7,4,22,16,5,9,8,11,1,0,2019,1
BOU,1,1,0,3,5,8,3,0,4,4,14,4,3,1,1,6,0,0,2019,1
BHA,1,0,1,4,8,11,3,1,6,0,10,4,2,3,0,9,1,0,2019,1
BUR,1,0,1,5,6,11,3,0,5,1,8,2,1,4,0,6,0,0,2019,1
CHE,1,4,0,7,4,11,5,1,0,3,8,6,3,4,2,14,1,0,2019,1
CRY,1,0,1,7,3,10,2,1,1,2,12,5,2,1,4,5,1,0,2019,1
EVE,1,0,1,6,0,6,2,1,2,1,6,8,0,3,2,8,0,0,2019,1
LEI,1,0,1,5,3,8,2,2,2,1,4,2,4,2,2,12,0,0,2019,1
LIV,1,1,0,8,5,12,5,1,2,1,0,2,3,1,6,10,1,0,2019,1
MCI,1,0,1,4,1,5,3,2,3,2,7,5,1,0,1,8,0,0,2019,1
MUN,1,0,1,9,9,18,7,3,4,1,9,10,3,7,5,13,0,0,2019,1
NEW,1,1,0,7,1,8,2,2,2,2,4,6,1,3,4,12,0,0,2019,1
NOR,1,4,0,11,4,15,7,2,3,3,11,21,3,5,4,11,0,0,2019,1
SHU,1,1,0,7,6,13,3,1,10,2,7,7,1,3,3,8,0,0,2019,1
SOU,1,3,0,8,2,10,4,2,2,1,8,6,4,1,2,14,1,0,2019,1
TOT,1,1,0,4,3,7,4,1,1,1,3,5,0,4,3,4,1,1,2019,1
WAT,1,3,0,3,2,5,3,0,0,2,8,4,2,2,0,6,0,0,2019,1
WHU,1,5,0,10,4,14,9,2,0,5,2,4,4,5,3,13,1,0,2019,1
WOL,1,0,1,3,13,16,1,1,5,0,12,17,4,4,2,16,0,0,2019,1
ARS,1,1,0,13,5,18,4,8,9,2,20,10,7,2,3,4,0,0,2019,2
AVL,1,2,0,8,4,12,4,2,1,2,6,8,1,4,5,3,1,1,2019,2
BOU,1,1,0,11,10,21,7,5,5,2,19,12,9,2,6,9,1,0,2019,2
BHA,1,1,0,4,4,8,3,1,1,2,8,6,1,1,5,19,0,0,2019,2
BUR,1,2,0,8,7,15,9,1,3,1,9,8,4,5,5,14,0,0,2019,2
CHE,1,1,0,6,6,12,3,2,4,2,12,4,2,0,5,13,0,0,2019,2
CRY,1,1,0,10,5,15,3,3,5,2,14,7,4,1,5,9,1,0,2019,2
EVE,1,0,1,5,3,8,2,2,3,3,12,8,2,2,2,8,0,0,2019,2
LEI,1,1,0,9,5,14,5,4,3,1,12,8,4,5,2,10,1,1,2019,2
LIV,1,1,0,9,5,14,3,2,5,4,9,10,2,2,4,10,2,1,2019,2
MCI,1,2,0,1,2,3,2,1,1,0,3,2,1,1,1,15,0,0,2019,2
MUN,1,1,0,5,1,6,2,2,3,0,9,4,4,0,1,9,0,0,2019,2
NEW,1,3,0,12,3,15,8,2,3,3,11,4,8,6,0,11,0,0,2019,2
NOR,1,1,0,10,2,12,4,4,4,2,12,9,2,1,6,7,0,0,2019,2
SHU,1,0,1,2,4,6,4,0,1,0,8,4,0,1,3,10,0,0,2019,2
SOU,1,2,0,9,6,15,6,1,5,3,15,9,3,4,5,10,1,1,2019,2
TOT,1,2,0,22,8,30,10,5,7,4,18,13,11,5,6,9,1,0,2019,2
WAT,1,1,0,7,5,12,2,3,5,1,8,3,4,3,2,19,0,0,2019,2
WHU,1,1,0,12,4,16,4,4,4,5,13,12,5,2,6,6,0,0,2019,2
WOL,1,1,0,5,4,9,2,2,4,1,9,8,2,1,2,7,0,0,2019,2
ARS,1,3,0,17,8,25,5,4,6,4,17,10,9,5,5,9,2,0,2019,3
AVL,1,0,1,7,5,12,1,2,4,2,12,12,4,1,5,13,0,0,2019,3
BOU,1,3,0,14,4,18,5,3,3,5,7,3,4,6,7,7,0,0,2019,3
BHA,1,2,0,6,6,12,4,1,5,3,3,4,2,4,4,11,0,0,2019,3
BUR,1,1,0,9,8,17,2,2,5,1,11,10,6,4,2,8,0,0,2019,3
CHE,1,2,0,5,1,6,5,1,3,1,0,7,1,0,4,5,0,0,2019,3
CRY,1,1,0,14,8,22,3,5,9,2,13,14,4,4,6,7,0,0,2019,3
EVE,1,2,0,3,4,7,3,0,0,2,4,3,1,3,3,11,1,0,2019,3
LEI,1,1,0,4,3,7,2,2,3,1,19,13,1,1,3,11,0,0,2019,3
LIV,1,1,0,4,5,9,3,1,2,2,7,6,2,1,2,14,2,0,2019,3
MCI,1,1,0,8,2,10,7,1,4,3,5,10,1,2,3,6,2,0,2019,3
MUN,1,2,0,5,0,5,3,0,1,2,2,5,1,1,0,9,0,0,2019,3
NEW,1,0,1,8,9,17,2,1,1,1,15,21,6,4,3,12,0,0,2019,3
NOR,1,3,0,12,11,23,8,2,2,2,7,11,4,10,6,21,0,0,2019,3
SHU,1,2,0,5,5,10,2,2,3,1,9,5,3,3,2,9,1,1,2019,3
SOU,1,0,1,9,3,12,3,5,5,1,8,10,3,2,7,11,0,0,2019,3
TOT,1,1,0,7,1,8,3,2,3,1,3,5,3,0,4,3,0,0,2019,3
WAT,1,3,0,13,3,16,10,5,5,5,9,5,6,3,5,10,0,0,2019,3
WHU,1,1,0,19,4,23,3,3,5,3,15,11,7,10,5,8,0,0,2019,3
WOL,1,1,0,8,5,13,4,2,3,2,8,11,3,2,4,5,0,0,2019,3
ARS,1,2,0,6,7,13,9,0,4,2,3,8,2,4,2,7,1,1,2019,4
AVL,1,1,0,14,8,22,5,5,12,1,16,14,4,4,8,5,1,0,2019,4
BOU,1,3,0,7,8,15,6,1,2,3,10,4,2,6,6,8,1,1,2019,4
BHA,1,4,0,10,5,15,6,0,4,3,6,7,8,3,3,6,0,0,2019,4
BUR,1,3,0,7,8,15,7,1,3,1,11,7,4,6,2,10,2,1,2019,4
CHE,1,2,0,3,5,8,2,1,0,2,2,12,2,3,2,7,1,0,2019,4
CRY,1,0,1,3,7,10,2,2,4,0,7,7,2,5,0,11,0,0,2019,4
EVE,1,2,0,6,2,8,5,2,3,4,7,10,1,3,1,13,1,1,2019,4
LEI,1,1,0,3,5,8,2,0,1,1,10,7,0,4,4,15,1,0,2019,4
LIV,1,0,1,4,4,7,2,2,1,1,6,7,2,3,1,6,1,0,2019,4
MCI,1,0,1,5,1,6,1,1,2,2,4,6,4,0,0,8,0,0,2019,4
MUN,1,1,0,5,5,10,2,2,3,1,10,9,4,2,1,6,0,0,2019,4
NEW,1,1,0,8,5,13,3,2,4,1,10,3,3,4,1,7,0,0,2019,4
NOR,1,2,0,14,4,18,7,4,5,3,9,5,4,3,7,22,0,0,2019,4
SHU,1,2,0,8,6,13,5,2,3,4,9,5,5,3,1,16,2,2,2019,4
SOU,1,1,0,13,8,21,8,2,1,2,11,11,3,5,10,10,0,0,2019,4
TOT,1,2,0,13,13,26,8,4,8,2,13,12,5,7,6,14,0,0,2019,4
WAT,1,1,0,8,5,13,5,2,5,2,7,16,3,2,5,13,0,0,2019,4
WHU,1,0,1,5,3,8,3,2,1,2,5,9,1,1,3,19,1,0,2019,4
WOL,1,3,0,11,4,15,6,7,6,2,17,8,6,2,4,9,2,2,2019,4
ARS,1,2,0,16,15,31,10,1,5,3,17,5,7,7,9,16,2,1,2019,5
AVL,1,0,1,6,7,13,1,2,3,0,8,10,3,3,5,9,0,0,2019,5
BOU,1,1,0,9,5,14,5,3,2,2,10,12,2,2,5,10,1,0,2019,5
BHA,1,1,0,5,2,7,1,0,2,0,8,10,2,3,1,5,0,0,2019,5
BUR,1,1,0,11,3,14,5,3,3,2,10,6,4,3,4,6,0,0,2019,5
CHE,1,2,0,8,3,11,4,2,6,2,16,8,4,1,1,13,0,0,2019,5
CRY,1,4,0,7,6,13,5,1,2,1,12,6,4,3,3,9,1,0,2019,5
EVE,1,3,0,8,5,13,6,3,7,2,2,5,2,1,6,6,0,0,2019,5
LEI,1,1,0,4,6,10,5,2,4,1,2,7,1,1,4,13,0,0,2019,5
LIV,1,1,0,4,4,8,1,1,2,0,3,2,0,3,3,9,0,0,2019,5
MCI,1,3,0,6,1,7,3,2,4,3,4,2,3,3,0,8,2,1,2019,5
MUN,1,0,1,3,6,9,3,0,3,1,16,8,0,2,2,12,1,0,2019,5
NEW,1,3,0,18,3,21,8,8,6,5,19,15,6,5,8,10,1,1,2019,5
NOR,1,2,0,18,7,25,8,11,8,4,24,22,3,4,9,20,0,0,2019,5
SHU,1,1,0,8,3,11,7,3,3,4,12,8,2,6,1,20,0,0,2019,5
SOU,1,0,1,13,4,17,4,2,3,3,18,15,7,3,6,16,0,0,2019,5
TOT,1,0,1,9,3,11,6,3,4,0,4,6,3,5,1,8,1,0,2019,5
WAT,1,2,0,4,3,7,4,0,0,1,1,2,3,1,2,13,0,0,2019,5
WHU,1,0,1,5,5,10,5,2,1,2,8,9,4,0,4,11,0,0,2019,5
WOL,1,5,0,14,2,15,6,3,5,5,8,6,4,4,3,15,0,0,2019,5
ARS,1,2,0,8,6,14,9,1,5,3,13,12,3,5,3,15,0,0,2019,6
AVL,1,3,0,14,7,21,6,2,8,3,6,14,7,5,4,13,1,1,2019,6
BOU,1,1,0,13,12,25,6,3,1,2,13,11,9,5,4,8,1,0,2019,6
BHA,1,0,1,7,4,11,4,2,2,2,7,12,6,1,4,11,0,0,2019,6
BUR,1,0,1,5,6,11,2,2,0,1,4,6,1,1,6,10,1,0,2019,6
CHE,1,2,0,4,2,6,3,2,4,2,6,4,4,1,1,8,0,0,2019,6
CRY,1,1,0,7,7,13,4,2,3,3,13,9,3,3,4,7,1,1,2019,6
EVE,1,2,0,2,0,2,1,1,0,1,4,9,1,0,1,5,0,0,2019,6
LEI,1,1,0,9,2,11,4,0,0,2,15,7,3,5,3,7,0,0,2019,6
LIV,1,1,0,7,6,13,2,3,3,2,11,15,5,2,4,7,0,0,2019,6
MCI,1,0,1,4,1,5,4,1,2,0,1,3,1,1,2,7,0,0,2019,6
MUN,1,2,0,3,5,8,6,0,3,0,9,4,1,1,3,4,0,0,2019,6
NEW,1,0,1,9,7,16,2,1,1,1,10,7,4,7,4,6,0,0,2019,6
NOR,1,2,0,8,5,13,6,4,5,3,10,15,3,3,6,7,0,0,2019,6
SHU,1,0,1,9,8,16,3,2,6,2,27,15,4,5,2,15,0,0,2019,6
SOU,1,3,0,3,3,6,3,1,2,3,8,2,1,1,2,12,1,1,2019,6
TOT,1,2,0,10,6,16,7,1,1,1,7,12,2,4,5,11,0,0,2019,6
WAT,1,8,0,20,8,28,11,5,7,10,8,15,9,4,8,18,0,0,2019,6
WHU,1,0,1,5,4,9,3,0,1,2,12,8,3,3,2,11,0,0,2019,6
WOL,1,1,0,6,7,13,4,1,5,1,6,3,2,2,3,22,0,0,2019,6
ARS,1,1,0,4,12,16,4,1,5,1,12,7,1,7,3,8,0,0,2019,7
AVL,1,2,0,8,2,10,3,5,5,3,7,5,3,2,3,4,0,0,2019,7
BOU,1,2,0,11,6,17,6,2,3,2,12,8,7,5,2,6,0,0,2019,7
BHA,1,2,0,16,8,24,10,0,2,6,5,7,3,12,2,6,2,0,2019,7
BUR,1,2,0,6,10,16,3,2,3,1,16,11,4,2,8,8,0,0,2019,7
CHE,1,0,1,5,3,8,1,2,2,1,4,9,4,0,3,7,0,0,2019,7
CRY,1,0,1,7,3,10,3,1,1,1,5,8,2,2,5,11,0,0,2019,7
EVE,1,3,0,13,6,19,8,3,1,3,7,6,4,5,7,10,0,0,2019,7
LEI,1,0,1,1,3,3,0,0,0,0,2,6,1,1,0,9,0,0,2019,7
LIV,1,0,1,11,1,12,2,5,2,1,5,12,1,0,8,8,0,0,2019,7
MCI,1,1,0,10,2,12,7,6,7,4,15,4,4,4,2,14,0,0,2019,7
MUN,1,1,0,7,3,10,5,0,1,4,16,4,3,1,3,8,1,1,2019,7
NEW,1,5,0,9,4,13,5,3,2,2,11,17,2,2,7,6,0,0,2019,7
NOR,1,2,0,12,3,15,3,3,1,1,12,9,4,6,2,11,0,0,2019,7
SHU,1,1,0,8,8,16,4,0,3,3,12,11,1,3,2,7,4,1,2019,7
SOU,1,2,0,6,3,9,4,1,3,2,4,5,1,2,6,11,0,0,2019,7
TOT,1,1,0,8,6,14,6,2,5,1,10,15,2,3,5,6,2,1,2019,7
WAT,1,2,0,6,0,6,2,1,0,2,6,5,5,0,1,8,0,0,2019,7
WHU,1,2,0,11,2,13,5,5,7,4,11,6,5,4,3,11,0,0,2019,7
WOL,1,0,1,10,5,14,5,3,1,1,11,9,2,4,5,8,0,0,2019,7
ARS,1,0,1,5,5,10,2,3,4,1,5,11,1,1,6,14,0,0,2019,8
AVL,1,1,0,15,6,21,5,1,3,2,4,16,2,7,3,17,1,1,2019,8
BOU,1,1,0,9,3,12,2,2,3,1,13,11,3,3,4,12,0,0,2019,8
BHA,1,0,1,3,5,8,3,0,2,0,11,4,0,3,3,12,0,0,2019,8
BUR,1,0,1,9,2,11,2,2,4,2,13,12,5,3,1,5,0,0,2019,8
CHE,1,1,0,6,4,10,2,1,5,2,4,7,1,1,4,11,1,0,2019,8
CRY,1,1,0,8,1,9,4,2,2,1,7,8,6,0,1,6,0,0,2019,8
EVE,1,1,0,6,3,9,3,1,3,0,8,10,0,3,4,5,1,0,2019,8
LEI,1,2,0,14,4,18,8,2,3,6,10,7,4,5,5,16,0,0,2019,8
LIV,1,1,0,1,1,2,1,0,0,0,9,10,0,1,0,13,0,0,2019,8
MCI,1,2,0,4,3,7,2,1,1,2,4,1,1,3,1,10,1,0,2019,8
MUN,1,1,0,4,8,12,2,2,3,1,3,6,1,3,7,11,0,0,2019,8
NEW,1,0,1,7,5,12,3,5,7,1,10,15,4,2,5,3,0,0,2019,8
NOR,1,5,0,12,10,22,12,3,4,6,13,4,6,6,3,4,3,1,2019,8
SHU,1,0,1,5,3,8,2,3,4,3,17,3,4,3,0,10,0,0,2019,8
SOU,1,4,0,7,6,13,7,1,2,4,6,3,3,2,6,3,1,1,2019,8
TOT,1,3,0,10,7,17,6,2,4,2,6,10,2,6,4,10,1,1,2019,8
WAT,1,0,1,5,4,9,3,2,3,0,16,14,3,2,1,7,0,0,2019,8
WHU,1,2,0,5,2,7,3,1,3,3,4,5,1,3,1,13,0,0,2019,8
WOL,1,0,1,9,9,18,2,1,6,2,15,21,1,6,6,10,0,0,2019,8
ARS,1,1,0,5,3,8,2,2,3,1,4,15,1,4,2,3,0,0,2019,9
AVL,1,1,0,11,9,20,5,2,2,1,10,7,5,8,4,8,0,0,2019,9
BOU,1,0,1,3,7,10,1,2,2,0,4,10,1,5,4,10,0,0,2019,9
BHA,1,2,0,16,8,24,8,3,5,4,20,11,2,5,10,20,0,0,2019,9
BUR,1,2,0,10,9,19,3,4,5,0,14,8,6,4,5,7,0,0,2019,9
CHE,1,0,1,3,2,5,0,2,0,1,5,5,1,0,3,7,0,0,2019,9
CRY,1,2,0,17,4,21,10,7,3,7,12,17,10,3,7,16,1,0,2019,9
EVE,1,0,1,5,3,8,4,2,3,0,3,2,2,3,1,12,0,0,2019,9
LEI,1,1,0,8,5,13,4,2,4,3,12,7,4,3,1,5,0,0,2019,9
LIV,1,1,0,3,4,7,2,0,0,1,10,5,4,1,2,8,0,0,2019,9
MCI,1,0,1,5,2,7,2,2,3,1,6,2,0,3,2,11,0,0,2019,9
MUN,1,1,0,6,4,10,4,1,1,2,15,10,4,2,3,5,0,0,2019,9
NEW,1,1,0,15,1,16,7,5,6,4,11,16,2,4,6,14,0,0,2019,9
NOR,1,0,1,5,6,11,2,1,5,1,8,25,2,2,2,8,0,0,2019,9
SHU,1,0,1,5,4,9,3,2,2,1,18,12,3,1,3,20,0,0,2019,9
SOU,1,1,0,2,2,4,1,0,0,1,8,6,0,0,2,13,0,0,2019,9
TOT,1,1,0,4,3,7,2,0,2,1,2,3,1,3,0,14,1,0,2019,9
WAT,1,1,0,7,5,12,2,2,3,1,30,10,4,4,1,12,1,1,2019,9
WHU,1,2,0,12,7,19,10,2,9,3,12,12,5,2,5,9,0,0,2019,9
WOL,1,1,0,12,2,14,5,2,5,1,2,7,3,4,3,9,3,1,2019,9
ARS,1,2,0,8,2,10,4,3,1,2,13,11,2,2,4,8,0,0,2019,10
AVL,1,3,0,22,4,26,9,3,8,5,12,11,5,5,11,15,3,0,2019,10
BOU,1,0,1,3,4,7,3,0,2,1,11,8,1,1,1,9,1,0,2019,10
BHA,1,2,0,7,4,10,6,2,4,2,6,6,4,1,2,6,0,0,2019,10
BUR,1,4,0,9,7,16,7,1,6,0,7,9,3,2,7,8,1,1,2019,10
CHE,1,2,0,10,3,13,5,3,3,3,8,11,5,1,5,11,0,0,2019,10
CRY,1,2,0,10,5,15,6,3,7,1,17,12,3,4,4,8,0,0,2019,10
EVE,1,3,0,5,4,8,4,2,3,1,2,6,0,3,2,10,0,0,2019,10
LEI,1,0,1,3,3,6,3,0,2,0,6,1,0,2,2,19,0,0,2019,10
LIV,1,1,0,9,2,11,4,3,2,2,5,6,1,5,2,7,0,0,2019,10
MCI,1,0,1,8,3,11,5,1,0,2,10,8,1,2,2,10,1,0,2019,10
MUN,1,1,0,6,4,10,3,0,2,1,2,4,4,1,1,13,1,1,2019,10
NEW,1,1,0,9,4,13,5,4,2,3,15,11,3,4,5,11,1,1,2019,10
NOR,1,3,0,13,8,21,11,3,8,7,13,6,5,4,3,19,2,1,2019,10
SHU,1,1,0,9,3,12,4,2,2,5,17,17,6,5,0,10,0,0,2019,10
SOU,1,9,0,16,9,25,15,1,3,8,13,13,3,6,7,24,2,1,2019,10
TOT,1,2,0,15,6,21,13,6,7,3,23,11,8,3,5,6,2,1,2019,10
WAT,1,0,1,6,9,15,5,2,6,1,16,9,7,2,2,10,0,0,2019,10
WHU,1,1,0,9,1,10,3,2,4,1,7,8,2,4,3,13,0,0,2019,10
WOL,1,1,0,7,6,13,2,4,3,1,11,11,4,2,4,13,1,0,2019,10
ARS,1,1,0,15,9,24,8,3,7,1,19,6,4,4,8,11,1,0,2019,11
AVL,1,2,0,18,7,25,6,7,6,3,26,13,9,5,6,4,1,0,2019,11
BOU,1,0,1,5,10,15,4,1,3,1,13,10,4,3,7,10,0,0,2019,11
BHA,1,0,1,5,2,7,0,1,3,0,1,3,2,1,3,17,0,0,2019,11
BUR,1,3,0,12,1,13,6,1,1,5,16,7,1,6,4,13,0,0,2019,11
CHE,1,1,0,8,4,12,3,4,3,2,12,5,6,4,1,10,0,0,2019,11
CRY,1,2,0,11,3,14,5,7,10,2,14,6,7,0,5,6,0,0,2019,11
EVE,1,1,0,3,2,5,2,2,2,1,4,3,2,2,1,7,1,1,2019,11
LEI,1,0,1,3,9,12,3,1,3,0,13,7,1,1,3,13,0,0,2019,11
LIV,1,1,0,3,1,4,2,1,2,1,4,9,1,0,2,5,1,0,2019,11
MCI,1,1,0,1,2,3,3,0,0,1,1,3,1,1,0,15,1,1,2019,11
MUN,1,1,0,9,4,13,6,0,2,3,8,5,3,2,3,5,0,0,2019,11
NEW,1,2,0,13,3,16,6,6,7,1,11,23,1,2,10,11,0,0,2019,11
NOR,1,2,0,15,6,21,5,1,5,4,15,4,5,5,4,20,1,0,2019,11
SHU,1,0,1,5,1,6,0,2,2,1,13,10,1,0,2,2,0,0,2019,11
SOU,1,2,0,19,7,26,4,4,9,5,23,39,5,6,4,24,1,0,2019,11
TOT,1,1,0,6,1,7,3,3,0,2,13,15,1,1,4,16,0,0,2019,11
WAT,1,2,0,11,5,16,10,1,2,3,10,3,7,2,3,14,0,0,2019,11
WHU,1,3,0,7,5,12,9,2,3,4,8,3,0,2,6,16,1,1,2019,11
WOL,1,1,0,9,1,10,4,2,3,1,18,14,2,3,2,10,2,0,2019,11
ARS,1,2,0,9,10,19,7,1,3,2,8,8,4,7,4,9,1,0,2019,12
AVL,1,2,0,12,5,17,5,1,1,3,16,5,5,4,3,21,2,0,2019,12
BOU,1,2,0,12,9,21,9,3,4,4,8,10,4,4,2,9,2,0,2019,12
BHA,1,3,0,12,9,21,11,1,4,5,11,6,5,6,6,18,0,0,2019,12
BUR,1,0,1,3,5,7,4,0,3,1,9,12,2,1,3,4,0,0,2019,12
CHE,1,0,1,1,2,3,1,1,1,1,4,3,1,1,1,12,0,0,2019,12
CRY,1,2,0,11,12,23,5,2,5,5,12,10,6,5,4,13,1,0,2019,12
EVE,1,1,0,1,3,4,3,0,3,1,7,4,0,1,1,10,0,0,2019,12
LEI,1,0,1,5,3,8,1,0,0,1,12,4,2,3,1,10,0,0,2019,12
LIV,1,1,0,12,6,18,3,3,6,2,11,20,1,3,7,19,0,0,2019,12
MCI,1,3,0,9,3,12,5,3,2,2,13,4,4,1,3,13,0,0,2019,12
MUN,1,1,0,5,1,6,2,4,4,2,7,7,3,2,1,9,0,0,2019,12
NEW,1,1,0,9,7,16,4,3,6,2,9,15,2,3,4,9,0,0,2019,12
NOR,1,2,0,7,5,12,2,1,1,2,4,6,1,2,5,14,1,1,2019,12
SHU,1,1,0,7,10,17,5,1,4,3,10,6,4,5,5,13,1,1,2019,12
SOU,1,2,0,19,5,24,5,8,11,3,10,16,6,7,4,13,2,0,2019,12
TOT,1,1,0,8,6,14,4,0,5,1,7,8,4,2,4,12,1,0,2019,12
WAT,1,0,1,7,10,17,5,1,6,0,10,18,1,2,6,17,0,0,2019,12
WHU,1,3,0,9,5,14,12,2,7,5,6,18,3,2,5,14,2,2,2019,12
WOL,1,1,0,5,8,13,4,2,4,0,17,10,1,3,3,17,0,0,2019,12
ARS,1,2,0,11,10,21,5,1,5,5,7,6,2,6,7,13,1,0,2019,13
AVL,1,0,1,5,6,11,5,1,2,1,14,7,8,1,0,13,0,0,2019,13
BOU,1,2,0,7,11,18,7,2,6,1,14,7,2,4,6,7,0,0,2019,13
BHA,1,2,0,16,3,19,9,3,4,7,5,15,2,5,5,9,0,0,2019,13
BUR,1,0,1,8,7,15,4,2,6,0,16,17,3,5,3,6,1,0,2019,13
CHE,1,2,0,7,8,15,4,1,4,1,10,9,4,4,1,10,2,0,2019,13
CRY,1,2,0,9,3,12,4,2,5,2,18,7,3,3,4,3,0,0,2019,13
EVE,1,2,0,12,1,13,5,2,4,4,4,11,4,0,5,10,1,1,2019,13
LEI,1,0,1,5,2,7,0,2,1,1,8,16,2,3,2,7,1,0,2019,13
LIV,1,1,0,8,8,16,6,0,3,2,10,15,3,7,2,9,0,0,2019,13
MCI,1,1,0,8,3,11,2,0,3,1,9,4,1,5,2,16,1,0,2019,13
MUN,1,3,0,5,7,12,8,2,3,3,14,14,1,1,6,8,1,1,2019,13
NEW,1,2,0,12,5,17,8,1,5,3,15,13,2,6,9,8,0,0,2019,13
NOR,1,0,1,12,6,18,7,4,7,0,16,17,3,5,5,4,0,0,2019,13
SHU,1,3,0,7,4,11,5,0,1,2,9,2,1,3,5,9,1,1,2019,13
SOU,1,2,0,12,0,12,5,3,5,2,11,21,1,2,6,20,0,0,2019,13
TOT,1,2,0,8,3,11,4,4,4,0,8,13,2,3,5,12,0,0,2019,13
WAT,1,3,0,7,4,11,5,1,4,6,5,11,1,2,2,8,1,0,2019,13
WHU,1,3,0,10,5,15,6,6,7,5,6,7,4,4,4,11,0,0,2019,13
WOL,1,1,0,7,2,9,2,3,9,1,7,11,0,2,3,9,0,0,2019,13
ARS,1,2,0,10,5,15,8,1,2,0,9,7,5,2,4,13,0,0,2019,14
AVL,1,2,0,10,6,16,6,4,3,2,20,9,6,3,2,8,1,0,2019,14
BOU,1,3,0,11,3,14,5,1,1,4,10,5,3,5,4,17,1,0,2019,14
BHA,1,2,0,12,3,15,7,2,4,2,7,5,1,3,4,8,1,0,2019,14
BUR,1,2,0,6,1,7,2,1,1,1,10,7,0,2,2,11,3,2,2019,14
CHE,1,1,0,5,0,5,4,2,2,2,5,10,1,1,3,11,0,0,2019,14
CRY,1,0,1,12,3,15,3,6,7,3,10,16,2,3,4,9,2,0,2019,14
EVE,1,2,0,13,3,16,6,2,3,4,11,14,6,4,2,13,0,0,2019,14
LEI,1,1,0,9,2,11,3,4,5,2,13,9,4,1,6,13,0,0,2019,14
LIV,1,1,0,5,7,12,5,2,3,2,16,4,3,3,4,11,1,1,2019,14
MCI,1,2,0,1,5,6,3,0,3,0,6,4,2,1,1,15,0,0,2019,14
MUN,1,2,0,7,3,9,3,0,4,2,12,12,3,3,1,10,0,0,2019,14
NEW,1,2,0,15,9,24,9,4,6,4,12,26,5,5,6,10,0,0,2019,14
NOR,1,2,0,13,3,16,6,3,7,2,20,17,3,1,4,10,0,0,2019,14
SHU,1,1,0,8,5,13,3,4,6,2,21,11,5,0,3,16,0,0,2019,14
SOU,1,1,0,4,2,6,3,1,2,1,10,10,0,2,2,7,2,1,2019,14
TOT,1,2,0,12,8,20,6,3,6,0,6,17,5,5,4,14,0,0,2019,14
WAT,1,2,0,7,4,11,5,1,3,2,15,10,2,3,1,20,0,0,2019,14
WHU,1,0,1,14,5,19,6,6,5,5,23,16,3,4,4,27,1,0,2019,14
WOL,1,1,0,9,1,10,4,3,1,4,10,8,3,2,3,7,0,0,2019,14
ARS,1,2,0,15,5,20,9,7,10,0,7,14,4,7,5,7,1,0,2019,15
AVL,1,2,0,16,9,25,9,4,5,1,16,10,6,9,5,16,1,0,2019,15
BOU,1,1,0,4,3,7,2,1,4,0,6,9,0,3,2,11,0,0,2019,15
BHA,1,1,0,9,3,12,5,4,5,1,14,8,5,4,1,15,0,0,2019,15
BUR,1,4,0,9,8,17,8,0,1,3,18,10,5,3,6,8,0,0,2019,15
CHE,1,1,0,8,1,9,3,3,3,1,11,12,3,5,0,10,0,0,2019,15
CRY,1,0,1,4,2,6,3,1,2,0,13,17,1,2,2,13,0,0,2019,15
EVE,1,5,0,8,3,11,5,2,1,4,7,5,2,2,6,13,1,1,2019,15
LEI,1,0,1,2,2,4,1,1,0,0,16,6,0,2,2,7,0,0,2019,15
LIV,1,2,0,8,4,12,4,3,7,3,11,15,2,3,2,8,0,0,2019,15
MCI,1,1,0,3,1,4,2,1,1,1,3,6,1,2,0,4,0,0,2019,15
MUN,1,1,0,5,3,8,5,0,1,1,15,9,3,0,2,22,0,0,2019,15
NEW,1,0,1,10,3,13,6,3,4,1,21,24,2,3,5,6,0,0,2019,15
NOR,1,2,0,9,5,14,5,2,6,2,13,8,3,5,3,11,1,0,2019,15
SHU,1,2,0,3,3,6,4,1,1,1,5,3,1,2,2,7,0,0,2019,15
SOU,1,1,0,6,4,10,3,1,0,2,4,3,2,3,4,11,0,0,2019,15
TOT,1,2,0,7,5,12,7,0,1,1,8,2,0,3,4,13,1,1,2019,15
WAT,1,2,0,12,0,12,5,2,2,3,11,10,0,5,3,13,0,0,2019,15
WHU,1,2,0,12,1,13,7,3,5,2,17,5,3,5,4,16,1,1,2019,15
WOL,1,0,1,4,2,6,3,1,1,1,8,8,0,2,3,17,0,0,2019,15
ARS,1,1,0,6,5,11,4,1,4,0,8,11,4,0,2,7,1,0,2019,16
AVL,1,4,0,21,2,23,8,5,8,6,13,11,8,8,4,9,0,0,2019,16
BOU,1,3,0,17,4,21,9,2,3,4,17,7,8,7,3,12,0,0,2019,16
BHA,1,2,0,11,2,13,6,2,1,3,7,3,3,2,4,16,1,1,2019,16
BUR,1,5,0,8,5,13,7,1,1,4,5,2,2,4,6,16,1,1,2019,16
CHE,1,3,0,10,3,13,7,3,2,3,7,5,5,2,1,5,0,0,2019,16
CRY,1,0,1,8,5,13,3,2,4,2,20,8,4,2,5,12,0,0,2019,16
EVE,1,1,0,11,4,15,4,3,3,1,14,10,4,3,5,24,0,0,2019,16
LEI,1,1,0,11,4,15,2,5,6,1,24,7,5,3,6,11,0,0,2019,16
LIV,1,0,1,3,0,3,0,0,0,0,0,3,1,0,2,6,0,0,2019,16
MCI,1,2,0,9,2,11,7,0,0,1,4,5,2,6,2,7,0,0,2019,16
MUN,1,1,0,18,5,23,5,3,8,2,26,22,5,8,5,14,0,0,2019,16
NEW,1,1,0,12,7,19,4,4,12,2,14,11,6,2,1,9,1,0,2019,16
NOR,1,2,0,6,3,9,3,1,0,1,5,11,3,3,1,15,2,1,2019,16
SHU,1,1,0,8,6,14,4,2,5,0,16,5,6,5,2,12,0,0,2019,16
SOU,1,2,0,7,5,12,6,3,5,1,10,5,3,2,2,21,0,0,2019,16
TOT,1,0,1,5,2,7,1,4,1,2,4,14,1,0,4,11,0,0,2019,16
WAT,1,0,1,3,0,3,0,0,0,0,5,6,0,2,0,12,0,0,2019,16
WHU,1,3,0,7,3,10,3,1,1,3,5,4,4,2,2,12,0,0,2019,16
WOL,1,2,0,7,6,13,5,3,3,1,8,7,4,1,2,6,4,1,2019,16
ARS,1,3,0,8,6,14,7,1,0,2,1,9,1,7,3,11,2,0,2019,17
AVL,1,2,0,7,0,7,3,0,0,4,21,9,2,2,1,7,0,0,2019,17
BOU,1,0,1,15,3,18,5,8,9,3,34,8,7,3,0,5,0,0,2019,17
BHA,1,1,0,8,3,11,4,3,1,0,9,5,3,4,1,10,0,0,2019,17
BUR,1,0,1,4,5,9,0,2,2,2,13,11,2,2,1,11,0,0,2019,17
CHE,1,1,0,11,1,11,2,1,7,1,7,9,2,3,3,9,1,0,2019,17
CRY,1,1,0,7,8,15,10,2,5,3,16,17,4,4,1,11,1,0,2019,17
EVE,1,1,0,9,16,24,8,2,7,1,18,13,2,9,6,13,0,0,2019,17
LEI,1,1,0,6,5,10,3,1,5,1,9,4,2,4,2,10,0,0,2019,17
LIV,1,0,1,5,3,8,2,0,1,2,2,7,5,1,0,10,0,0,2019,17
MCI,1,0,1,2,4,6,1,1,0,1,8,12,2,0,1,10,0,0,2019,17
MUN,1,1,0,2,6,8,3,0,4,0,11,7,2,0,1,4,1,1,2019,17
NEW,1,1,0,6,1,7,4,3,2,2,5,7,1,2,3,8,1,0,2019,17
NOR,1,1,0,10,8,18,5,3,10,0,18,15,4,2,6,13,0,0,2019,17
SHU,1,0,1,5,3,8,0,3,1,1,12,3,4,1,2,3,0,0,2019,17
SOU,1,1,0,9,2,11,4,4,3,0,11,9,4,2,4,12,0,0,2019,17
TOT,1,1,0,10,9,19,5,3,4,0,23,10,5,6,2,20,1,0,2019,17
WAT,1,2,0,14,2,16,6,0,0,1,9,13,2,3,2,10,0,0,2019,17
WHU,1,0,1,7,4,11,2,3,3,1,11,15,2,3,3,8,0,0,2019,17
WOL,1,2,0,8,1,9,5,2,1,1,6,4,3,6,0,18,0,0,2019,17
ARS,1,0,1,5,4,9,0,0,4,0,15,8,1,2,2,12,0,0,2019,18
AVL,1,3,0,11,6,17,8,3,7,3,10,12,1,3,6,6,1,1,2019,18
BOU,1,1,0,1,1,2,1,0,0,0,8,11,1,0,0,1,0,0,2019,18
BHA,1,1,0,6,1,7,2,2,1,3,5,4,1,0,4,9,2,1,2019,18
BUR,1,0,1,1,2,3,0,1,2,0,7,14,1,0,1,5,0,0,2019,18
CHE,1,0,1,3,2,5,1,0,1,0,12,4,3,1,0,12,0,0,2019,18
CRY,1,1,0,4,4,8,3,2,2,1,7,15,1,1,4,8,0,0,2019,18
EVE,1,0,1,5,1,6,2,1,2,1,9,7,1,4,1,13,0,0,2019,18
LEI,1,3,0,17,6,23,12,2,3,4,8,6,7,6,8,10,1,0,2019,18
MCI,1,1,0,3,2,5,2,0,0,2,7,2,2,2,1,8,0,0,2019,18
MUN,1,2,0,8,3,11,3,1,3,1,8,4,1,2,3,13,1,1,2019,18
NEW,1,0,1,9,7,16,4,2,5,1,13,3,2,3,8,16,0,0,2019,18
NOR,1,2,0,12,2,14,4,1,1,3,14,8,5,4,2,12,2,0,2019,18
SHU,1,0,1,5,4,9,2,3,3,0,17,6,4,1,1,10,0,0,2019,18
SOU,1,1,0,9,10,19,6,3,7,1,15,11,3,2,10,13,0,0,2019,18
TOT,1,2,0,8,5,13,3,2,3,1,10,9,2,0,8,14,0,0,2019,18
WAT,1,0,1,10,7,17,8,3,5,3,6,8,5,2,7,17,0,0,2019,18
WOL,1,1,0,8,5,13,7,1,5,2,6,4,6,2,1,18,2,1,2019,18
ARS,1,1,0,9,3,12,4,2,4,3,13,6,2,3,3,9,0,0,2019,19
AVL,1,0,1,13,3,16,5,6,6,2,19,4,6,3,1,11,1,0,2019,19
BOU,1,1,0,11,6,17,2,0,1,1,9,15,4,7,1,8,0,0,2019,19
BHA,1,2,0,7,4,11,5,0,2,1,10,6,3,3,1,11,0,0,2019,19
BUR,1,1,0,10,11,21,5,7,9,1,18,15,7,5,5,12,0,0,2019,19
CHE,1,2,0,4,1,5,3,0,2,2,2,6,1,1,1,11,1,1,2019,19
CRY,1,1,0,7,3,10,2,3,2,1,10,15,1,3,5,16,0,0,2019,19
EVE,1,0,1,3,3,6,0,4,4,1,5,3,3,0,2,2,0,0,2019,19
LEI,1,4,0,12,3,15,6,3,3,6,19,14,3,5,5,18,3,0,2019,19
LIV,1,0,1,1,2,3,0,0,0,0,10,3,1,1,0,11,0,0,2019,19
MCI,1,3,0,11,10,21,8,4,5,4,14,20,5,6,8,18,2,1,2019,19
MUN,1,1,0,5,2,7,2,0,1,1,3,2,1,2,4,10,0,0,2019,19
NEW,1,4,0,8,14,22,10,2,6,3,9,7,3,9,3,13,3,3,2019,19
NOR,1,1,0,8,3,11,2,2,3,0,16,10,3,4,4,9,0,0,2019,19
SHU,1,1,0,3,2,5,2,0,2,1,6,4,1,2,0,6,0,0,2019,19
SOU,1,0,1,6,4,10,3,2,5,2,20,13,2,3,4,16,0,0,2019,19
TOT,1,1,0,3,8,11,5,2,5,2,10,7,3,1,3,17,0,0,2019,19
WAT,1,1,0,12,4,16,4,6,6,2,12,19,4,2,6,12,0,0,2019,19
WHU,1,2,0,11,2,13,4,2,3,4,3,16,3,3,2,24,2,0,2019,19
WOL,1,2,0,5,2,7,3,0,2,3,2,0,1,1,2,9,0,0,2019,19
ARS,1,2,0,10,3,13,4,3,5,2,16,7,4,1,5,15,1,1,2019,20
AVL,1,3,0,12,8,20,6,1,6,5,16,5,3,6,5,7,2,2,2019,20
BOU,1,2,0,7,9,16,6,0,2,0,19,5,4,5,5,11,0,0,2019,20
BHA,1,0,1,6,4,10,2,1,3,0,4,4,2,2,3,6,0,0,2019,20
BUR,1,2,0,6,8,14,4,0,5,3,2,6,3,3,2,14,1,1,2019,20
CHE,1,1,0,6,1,7,2,2,4,1,5,4,2,2,2,10,0,0,2019,20
CRY,1,1,0,10,4,14,5,4,4,2,15,23,4,1,3,18,1,1,2019,20
EVE,1,1,0,16,4,20,5,4,4,1,17,11,3,7,5,14,1,0,2019,20
LEI,1,1,0,11,3,14,4,5,5,0,9,8,6,2,4,20,0,0,2019,20
LIV,1,0,1,4,6,10,2,1,2,0,10,8,4,2,0,22,1,0,2019,20
MCI,1,0,1,7,1,8,0,3,2,3,6,10,3,0,4,9,0,0,2019,20
MUN,1,0,1,4,4,8,1,2,4,1,10,14,2,2,2,7,0,0,2019,20
NEW,1,2,0,16,6,22,9,5,11,3,14,11,6,7,3,9,1,1,2019,20
NOR,1,2,0,5,11,15,7,0,1,2,10,11,2,7,4,14,0,0,2019,20
SHU,1,2,0,6,10,16,4,0,3,1,7,7,1,9,3,6,0,0,2019,20
SOU,1,1,0,2,3,5,2,2,2,0,6,2,1,0,2,16,0,0,2019,20
TOT,1,2,0,2,3,5,2,1,1,0,4,6,2,2,0,8,1,1,2019,20
WAT,1,0,1,5,6,11,2,2,2,1,10,12,2,1,6,10,0,0,2019,20
WHU,1,2,0,10,3,13,8,2,3,4,10,7,5,2,2,11,0,0,2019,20
WOL,1,1,0,7,3,10,3,2,3,2,11,7,3,3,3,7,0,0,2019,20
ARS,1,0,1,5,5,10,4,1,2,1,13,3,3,3,2,19,0,0,2019,21
AVL,1,1,0,13,7,20,1,6,6,3,18,27,5,6,5,3,1,0,2019,21
BOU,1,4,0,10,4,14,7,2,4,3,11,14,4,2,4,10,0,0,2019,21
BHA,1,1,0,12,4,16,4,0,3,1,7,7,1,6,4,11,1,0,2019,21
BUR,1,2,0,9,2,11,6,2,2,3,6,7,2,4,3,5,2,0,2019,21
CHE,1,1,0,11,5,16,5,2,7,2,13,4,5,4,2,6,0,0,2019,21
CRY,1,1,0,11,4,15,4,2,4,2,7,6,5,5,1,9,0,0,2019,21
EVE,1,2,0,13,3,16,7,3,4,3,4,7,4,4,7,10,0,0,2019,21
LEI,1,0,1,3,2,5,2,1,0,1,5,8,0,1,3,8,0,0,2019,21
LIV,1,0,1,2,1,3,2,0,0,1,4,6,0,0,2,6,1,0,2019,21
MCI,1,1,0,7,0,7,2,3,3,1,8,4,4,0,1,10,1,0,2019,21
MUN,1,2,0,8,2,10,4,1,2,2,5,10,3,2,3,13,1,0,2019,21
NEW,1,3,0,10,7,17,10,3,5,4,3,8,7,3,2,5,2,2,2019,21
NOR,1,1,0,7,5,12,3,1,3,1,14,12,1,5,3,9,0,0,2019,21
SHU,1,2,0,14,5,19,7,2,3,4,16,8,6,3,7,8,2,1,2019,21
SOU,1,0,1,6,5,11,5,2,4,1,12,12,1,4,1,17,0,0,2019,21
TOT,1,1,0,8,4,12,3,3,2,2,7,12,4,1,5,8,0,0,2019,21
WAT,1,1,0,8,8,16,4,3,5,2,16,16,3,4,5,19,0,0,2019,21
WHU,1,0,1,3,0,3,2,1,0,1,8,7,0,2,1,13,0,0,2019,21
WOL,1,2,0,6,3,9,3,0,2,2,4,4,2,6,0,10,1,1,2019,21
ARS,1,1,0,4,2,6,2,1,4,0,3,10,0,2,1,8,0,0,2019,22
AVL,1,6,0,14,8,22,11,0,5,6,9,7,4,6,8,19,2,2,2019,22
BOU,1,3,0,13,5,18,5,3,2,3,9,9,5,6,3,10,1,1,2019,22
BHA,1,1,0,11,3,14,6,3,2,3,17,10,2,1,8,9,0,0,2019,22
BUR,1,3,0,13,5,18,8,3,3,3,17,10,6,3,5,6,1,1,2019,22
CHE,1,0,1,4,3,7,1,1,6,1,6,4,1,0,1,10,0,0,2019,22
CRY,1,1,0,6,1,7,4,1,3,2,3,7,1,2,0,7,0,0,2019,22
EVE,1,0,1,7,2,9,2,2,2,3,4,10,2,1,2,11,0,0,2019,22
LEI,1,2,0,10,6,16,9,2,4,4,11,6,2,3,7,9,2,0,2019,22
LIV,1,0,1,9,5,14,4,3,2,1,7,3,5,5,1,15,2,0,2019,22
MCI,1,1,0,7,0,7,1,2,1,1,4,2,4,1,0,17,0,0,2019,22
MUN,1,0,1,1,7,8,3,0,3,0,7,1,1,3,0,19,0,0,2019,22
NEW,1,1,0,5,4,9,3,2,3,4,10,10,2,2,1,13,0,0,2019,22
NOR,1,4,0,9,4,13,6,1,1,4,11,5,6,0,3,17,1,0,2019,22
SHU,1,0,1,5,2,7,2,2,2,2,5,14,1,1,2,18,2,0,2019,22
SOU,1,1,0,4,1,5,5,1,2,1,5,6,0,2,3,9,0,0,2019,22
TOT,1,1,0,12,1,13,6,3,1,2,11,7,3,6,2,20,2,0,2019,22
WAT,1,0,1,2,8,10,1,1,3,0,9,12,0,2,4,9,0,0,2019,22
WHU,1,1,0,9,4,13,3,3,4,4,10,15,3,4,3,9,2,2,2019,22
WOL,1,1,0,1,4,5,1,0,0,0,8,3,0,3,2,11,0,0,2019,22
ARS,1,1,0,9,3,12,3,4,6,2,11,13,1,1,4,9,1,0,2019,23
AVL,1,1,0,8,2,10,2,1,3,2,6,6,3,3,2,11,0,0,2019,23
BOU,1,1,0,7,9,16,4,1,2,2,9,3,3,5,3,13,0,0,2019,23
BHA,1,1,0,7,1,8,3,1,4,2,14,6,3,0,2,12,0,0,2019,23
BUR,1,1,0,12,6,18,8,2,4,3,13,10,4,8,1,10,0,0,2019,23
CHE,1,1,0,4,3,7,2,4,2,2,8,3,2,2,2,9,0,0,2019,23
CRY,1,2,0,16,10,25,6,4,4,3,27,31,5,6,8,15,0,0,2019,23
EVE,1,1,0,10,2,12,5,6,1,3,12,15,3,2,5,4,1,0,2019,23
LEI,1,2,0,5,3,8,5,3,3,2,10,9,1,1,2,13,0,0,2019,23
LIV,1,0,1,4,5,9,4,0,2,2,8,10,0,4,1,9,1,0,2019,23
MCI,1,2,0,4,1,5,3,2,3,1,3,3,1,2,1,14,0,0,2019,23
MUN,1,2,0,12,4,16,5,2,3,3,12,16,4,6,4,16,0,0,2019,23
NEW,1,0,1,8,11,19,3,2,2,3,19,15,4,6,5,7,0,0,2019,23
NOR,1,0,1,5,1,6,3,4,4,1,8,6,2,1,2,4,0,0,2019,23
SHU,1,1,0,7,4,11,4,1,3,1,7,10,3,2,3,12,0,0,2019,23
SOU,1,3,0,6,2,8,4,0,1,4,13,1,3,2,0,18,1,0,2019,23
TOT,1,0,1,11,4,15,2,1,2,4,16,9,4,4,3,11,2,0,2019,23
WAT,1,0,1,11,5,16,4,1,0,2,9,4,6,4,3,16,0,0,2019,23
WHU,1,1,0,8,3,11,3,4,5,4,12,13,3,2,3,6,0,0,2019,23
WOL,1,2,0,9,2,11,5,6,3,0,15,9,4,0,4,9,0,0,2019,23
ARS,1,2,0,15,4,19,8,6,7,5,15,20,4,4,8,11,0,0,2019,24
AVL,1,1,0,8,0,8,2,2,0,3,9,5,3,0,3,10,1,0,2019,24
BOU,1,1,0,9,13,21,8,0,4,3,13,10,5,4,4,14,0,0,2019,24
BHA,1,3,0,8,3,11,3,1,2,2,3,7,1,3,5,4,1,0,2019,24
BUR,1,0,1,11,13,24,7,3,3,0,11,13,5,8,7,10,0,0,2019,24
CHE,1,2,0,1,1,2,2,0,0,1,9,9,0,2,0,9,1,1,2019,24
CRY,1,2,0,6,9,15,6,1,3,1,6,13,5,4,6,14,0,0,2019,24
EVE,1,2,0,7,2,9,3,2,7,0,9,9,2,1,0,8,0,0,2019,24
LEI,1,1,0,6,0,6,2,2,3,1,10,5,1,2,0,7,0,0,2019,24
LIV,2,1,1,13,4,17,7,5,5,5,20,22,3,5,6,31,2,0,2019,24
MCI,1,0,1,4,0,4,1,1,2,1,11,10,1,1,1,9,0,0,2019,24
MUN,1,2,0,4,1,5,2,1,4,1,1,10,1,2,1,1,0,0,2019,24
NEW,1,2,0,7,10,17,8,3,5,4,11,13,3,6,3,9,0,0,2019,24
NOR,1,2,0,10,4,14,3,2,1,2,11,6,5,5,1,12,0,0,2019,24
SHU,1,1,0,12,6,18,5,3,7,3,14,13,7,6,3,10,0,0,2019,24
SOU,1,0,1,6,0,6,0,1,1,1,0,4,0,2,3,16,1,0,2019,24
TOT,1,1,0,8,5,13,2,1,4,1,5,5,3,5,3,13,0,0,2019,24
WAT,1,2,0,13,3,16,5,5,7,1,19,17,4,5,5,11,0,0,2019,24
WHU,2,6,0,20,12,32,13,2,4,6,21,20,9,11,4,20,0,0,2019,24
WOL,1,2,0,10,3,13,6,1,4,2,9,3,5,1,2,13,3,0,2019,24
ARS,1,0,1,11,4,15,2,8,4,4,16,22,4,4,7,7,0,0,2019,25
AVL,1,2,0,8,8,16,6,2,8,4,8,5,5,1,2,7,0,0,2019,25
BOU,1,1,0,14,3,17,4,5,3,1,17,7,3,3,9,10,1,1,2019,25
BHA,1,3,0,8,5,12,6,3,5,2,8,14,2,3,4,12,0,0,2019,25
BUR,1,0,1,9,4,13,2,3,3,2,3,18,3,4,4,11,0,0,2019,25
CHE,1,2,0,8,6,14,4,2,5,3,9,7,5,3,4,7,0,0,2019,25
CRY,1,1,0,6,4,10,3,1,4,1,5,11,3,1,3,11,1,1,2019,25
EVE,1,2,0,8,3,11,2,1,5,1,5,7,1,1,4,7,1,1,2019,25
LEI,1,2,0,6,1,7,3,2,3,1,8,6,0,2,2,16,1,0,2019,25
LIV,1,0,1,11,6,17,4,3,5,0,10,9,6,4,2,10,1,0,2019,25
MCI,1,2,0,3,0,3,3,0,1,1,2,4,1,1,1,9,0,0,2019,25
MUN,1,0,1,13,2,15,4,5,6,2,13,6,5,1,4,16,0,0,2019,25
NEW,1,0,1,13,6,19,4,4,7,3,14,11,6,3,3,12,0,0,2019,25
NOR,1,0,1,7,8,15,5,4,6,1,16,11,3,4,4,9,0,0,2019,25
SHU,1,0,1,8,6,13,3,2,3,1,12,16,2,1,8,5,0,0,2019,25
SOU,1,4,0,11,5,16,9,0,4,6,8,7,4,6,3,8,0,0,2019,25
TOT,1,0,1,14,5,19,5,2,2,4,20,4,6,6,0,10,1,0,2019,25
WAT,1,3,0,9,3,12,5,3,5,4,14,12,2,2,4,11,0,0,2019,25
WHU,1,3,0,12,7,19,6,3,5,4,17,7,6,1,5,7,2,2,2019,25
WOL,1,0,1,6,10,16,5,3,4,2,11,12,2,4,3,13,0,0,2019,25
ARS,1,0,1,5,5,10,2,1,4,2,9,6,0,1,8,13,0,0,2019,26
AVL,1,3,0,19,5,23,10,2,6,8,13,2,5,6,5,13,4,1,2019,26
BOU,1,2,0,14,2,16,5,5,6,2,20,16,4,2,4,13,1,0,2019,26
BHA,1,1,0,3,3,5,2,1,1,0,4,3,0,1,3,6,0,0,2019,26
BUR,1,1,0,6,4,10,2,2,2,1,14,12,1,1,5,11,0,0,2019,26
CHE,1,2,0,7,2,9,3,2,4,1,8,8,1,4,2,10,1,0,2019,26
CRY,1,3,0,11,3,14,8,2,4,4,12,12,4,1,5,12,0,0,2019,26
EVE,1,1,0,8,2,10,2,1,3,1,10,10,1,3,2,13,1,1,2019,26
LEI,1,0,1,11,4,15,3,7,7,2,20,6,4,3,4,18,1,0,2019,26
LIV,1,0,1,3,2,5,1,1,1,0,3,0,2,1,2,6,0,0,2019,26
MCI,1,0,1,2,1,3,0,0,1,0,10,1,2,0,1,8,0,0,2019,26
MUN,1,0,1,11,6,17,1,1,7,0,9,14,1,6,3,10,0,0,2019,26
NEW,1,4,0,10,5,15,7,2,3,5,13,11,4,7,2,12,1,1,2019,26
NOR,1,1,0,11,6,17,6,2,3,2,18,12,3,5,5,5,0,0,2019,26
SHU,1,1,0,8,2,10,2,2,3,1,5,10,1,2,5,5,1,0,2019,26
SOU,1,2,0,6,3,9,6,1,1,1,2,10,3,2,2,9,2,2,2019,26
TOT,1,2,0,12,6,18,4,7,8,2,16,13,3,4,7,16,0,0,2019,26
WAT,1,1,0,7,3,10,2,2,2,1,15,13,1,1,3,5,0,0,2019,26
WHU,1,2,0,13,7,20,7,1,3,2,19,16,4,10,1,18,0,0,2019,26
WOL,1,0,1,6,3,9,3,2,4,0,11,8,3,2,2,11,1,0,2019,26
ARS,1,2,0,12,5,17,5,4,6,3,9,14,4,7,3,6,1,1,2019,27
AVL,1,2,0,13,15,28,9,1,8,5,11,8,7,3,9,14,0,0,2019,27
BOU,1,3,0,7,9,16,10,0,2,6,4,21,3,5,3,7,2,1,2019,27
BHA,1,1,0,10,3,13,3,4,6,3,22,28,3,3,4,16,0,0,2019,27
BUR,1,0,1,8,4,12,4,3,4,4,11,11,2,3,4,8,0,0,2019,27
CHE,1,1,0,3,2,5,3,2,3,0,10,4,2,2,0,16,0,0,2019,27
CRY,1,0,1,2,6,8,2,1,2,0,7,10,2,2,2,15,0,0,2019,27
EVE,1,3,0,8,1,9,4,2,2,2,8,7,4,0,5,7,1,0,2019,27
LEI,1,1,0,10,8,18,7,1,5,4,8,12,3,7,4,12,0,0,2019,27
LIV,1,2,0,6,1,7,4,1,4,1,13,12,2,1,1,20,0,0,2019,27
MCI,1,0,1,5,5,10,3,1,4,1,4,7,1,3,2,18,0,0,2019,27
MUN,1,0,1,4,3,7,2,1,3,0,9,12,2,2,1,7,0,0,2019,27
NEW,1,1,0,12,6,18,9,5,9,2,11,5,6,3,5,14,1,1,2019,27
NOR,1,3,0,13,6,19,6,4,7,5,7,8,4,6,3,9,0,0,2019,27
SHU,1,1,0,6,3,9,2,2,5,1,5,1,1,4,3,9,1,0,2019,27
SOU,1,0,1,3,1,4,1,0,0,1,8,12,3,0,1,8,0,0,2019,27
TOT,1,2,0,8,10,17,7,1,4,2,7,4,3,1,6,12,0,0,2019,27
WAT,1,3,0,15,6,21,8,1,2,3,3,7,5,9,2,14,1,0,2019,27
WHU,1,3,0,18,7,25,7,7,11,2,20,18,4,6,11,16,1,1,2019,27
WOL,1,0,1,3,3,6,4,1,0,0,5,3,2,1,3,10,0,0,2019,27
BOU,1,2,0,14,9,23,6,5,7,2,34,10,9,2,6,11,0,0,2019,28
BHA,1,1,0,11,1,12,3,3,4,4,3,9,1,5,3,5,1,0,2019,28
BUR,1,0,1,12,9,21,4,2,8,0,16,11,7,2,4,5,0,0,2019,28
CHE,1,2,0,9,0,9,5,3,2,2,7,4,5,2,2,12,1,0,2019,28
CRY,1,0,1,13,10,23,8,3,7,2,14,19,5,7,6,12,1,0,2019,28
EVE,1,1,0,5,9,14,5,1,2,1,10,11,1,4,6,13,1,1,2019,28
LEI,1,1,0,6,5,11,6,2,4,0,14,2,2,5,0,16,1,0,2019,28
LIV,1,3,0,10,4,14,5,0,1,6,4,9,1,4,5,6,3,1,2019,28
MUN,1,1,0,12,4,16,5,4,9,4,12,16,0,3,5,12,2,1,2019,28
NEW,1,0,1,5,2,7,1,2,2,1,6,12,2,1,3,7,1,0,2019,28
NOR,1,0,1,11,8,19,4,3,4,0,10,12,8,0,5,9,0,0,2019,28
SOU,1,3,0,10,4,14,7,3,3,5,12,11,4,4,4,9,1,1,2019,28
TOT,1,3,0,11,3,14,4,2,4,4,8,8,3,2,5,14,1,1,2019,28
WAT,1,0,1,3,4,7,1,0,2,0,12,14,0,3,2,9,0,0,2019,28
WHU,1,1,0,7,3,10,2,2,5,1,13,16,3,1,3,13,0,0,2019,28
WOL,1,2,0,10,3,13,5,2,2,3,12,10,2,3,4,11,1,0,2019,28
ARS,1,0,1,7,7,14,6,2,3,2,10,15,3,3,3,4,1,0,2019,29
AVL,1,4,0,12,3,15,7,5,5,3,17,12,3,4,6,9,1,1,2019,29
BOU,1,2,0,8,6,14,6,1,2,3,22,8,4,4,4,14,1,1,2019,29
BHA,1,0,1,5,6,11,1,0,0,1,8,9,2,4,1,16,0,0,2019,29
BUR,1,1,0,4,9,13,2,0,3,1,7,13,4,2,2,9,0,0,2019,29
CHE,1,0,1,2,1,3,1,0,1,1,6,8,1,1,0,11,1,0,2019,29
CRY,1,0,1,7,3,10,3,1,2,0,18,11,3,2,2,4,0,0,2019,29
EVE,1,4,0,9,8,17,11,1,4,3,6,9,4,3,7,20,0,0,2019,29
LEI,1,0,1,2,2,4,1,0,1,1,5,5,0,1,2,5,0,0,2019,29
LIV,1,1,0,5,1,6,3,1,1,2,6,8,2,2,2,6,0,0,2019,29
MCI,1,2,0,8,4,12,6,2,3,2,7,2,2,1,4,12,3,2,2019,29
MUN,1,0,1,4,3,7,4,1,2,1,13,18,5,1,1,18,1,0,2019,29
NEW,1,0,1,4,2,6,3,2,2,0,12,9,1,2,2,11,1,0,2019,29
NOR,1,1,0,9,1,10,3,2,4,1,17,17,3,2,1,12,0,0,2019,29
SHU,1,0,1,8,4,12,4,3,7,3,14,8,1,4,2,10,0,0,2019,29
SOU,1,1,0,11,3,14,7,2,3,6,12,8,3,2,4,15,1,1,2019,29
TOT,1,1,0,13,8,21,7,3,8,4,10,22,2,4,3,12,1,0,2019,29
WAT,1,1,0,5,5,10,3,2,4,1,5,12,3,3,4,14,0,0,2019,29
WHU,1,1,0,6,3,9,2,1,1,3,9,11,1,5,3,12,0,0,2019,29
WOL,1,0,1,2,5,7,1,0,0,0,7,11,1,0,5,10,0,0,2019,29
ARS,2,5,0,22,7,29,17,1,7,5,16,18,5,10,5,19,1,1,2019,30
AVL,2,2,1,11,13,24,6,6,7,1,39,18,9,3,6,10,1,0,2019,30
BOU,1,2,0,5,2,7,2,0,3,1,6,4,0,3,2,9,0,0,2019,30
BHA,1,1,0,9,4,13,6,2,3,0,12,10,4,1,3,8,1,0,2019,30
BUR,1,5,0,11,8,19,7,1,3,4,4,5,5,6,6,9,0,0,2019,30
CHE,1,1,0,6,2,8,4,2,6,3,4,6,1,0,4,2,0,0,2019,30
CRY,1,0,1,6,6,12,1,5,6,0,10,6,3,3,5,13,0,0,2019,30
EVE,1,0,1,5,5,10,3,3,6,0,16,3,3,4,0,7,0,0,2019,30
LEI,1,1,0,7,1,8,4,2,4,3,13,3,2,1,3,5,1,0,2019,30
LIV,1,0,1,7,1,8,3,2,2,1,1,2,1,2,3,7,0,0,2019,30
MCI,2,0,2,2,2,4,0,0,1,1,4,8,1,1,0,11,1,0,2019,30
MUN,1,1,0,4,6,10,3,2,4,1,8,8,2,4,0,10,0,0,2019,30
NEW,1,0,1,6,1,7,1,4,1,1,17,5,5,1,1,6,0,0,2019,30
NOR,1,3,0,14,8,22,8,1,6,2,9,9,7,5,4,18,0,0,2019,30
SHU,2,3,1,19,7,26,14,8,14,5,20,19,8,5,9,20,1,1,2019,30
SOU,1,0,1,5,4,9,1,2,3,1,11,4,1,4,3,10,0,0,2019,30
TOT,1,1,0,7,5,12,6,1,0,3,17,0,2,4,4,14,1,0,2019,30
WAT,1,1,0,5,10,15,2,1,2,1,15,8,5,0,7,5,0,0,2019,30
WHU,1,2,0,6,4,10,6,2,1,1,7,12,4,3,2,13,0,0,2019,30
WOL,1,0,1,3,4,7,2,1,1,1,15,7,3,1,2,9,0,0,2019,30
ARS,1,0,1,8,4,12,3,1,3,0,9,10,1,3,4,9,0,0,2019,31
AVL,1,1,0,4,9,13,3,1,3,1,12,6,7,1,4,13,0,0,2019,31
BOU,1,1,0,5,5,10,2,2,3,1,12,10,3,0,3,8,0,0,2019,31
BHA,1,0,1,7,4,11,2,4,6,0,17,8,3,4,1,8,0,0,2019,31
BUR,1,0,1,7,3,10,3,5,8,0,19,11,1,0,5,4,1,0,2019,31
CHE,1,1,0,5,6,11,2,1,5,1,9,11,3,1,6,10,0,0,2019,31
CRY,1,4,0,14,7,21,7,2,5,3,10,10,0,7,4,7,1,0,2019,31
EVE,1,0,1,3,6,9,1,1,2,0,7,12,1,4,1,9,0,0,2019,31
LEI,1,0,1,5,5,10,2,1,5,1,10,6,0,5,1,11,0,0,2019,31
LIV,1,0,1,0,3,3,0,0,0,0,0,0,0,2,0,10,1,0,2019,31
MCI,1,2,0,14,1,15,7,2,4,7,6,5,4,0,2,10,2,1,2019,31
MUN,1,0,1,2,2,4,1,0,0,0,12,5,1,2,1,4,0,0,2019,31
NEW,1,1,0,7,7,14,2,6,4,2,14,20,5,2,6,5,1,1,2019,31
NOR,1,1,0,7,5,12,5,5,5,0,12,8,3,2,5,11,0,0,2019,31
SHU,1,3,0,11,4,15,6,1,2,4,11,6,3,6,3,16,0,0,2019,31
SOU,1,2,0,6,4,10,5,1,3,3,2,6,1,0,4,8,1,1,2019,31
TOT,1,0,1,6,5,10,2,3,5,0,9,7,4,2,4,9,0,0,2019,31
WAT,1,1,0,7,2,9,4,2,1,3,2,8,2,1,4,4,0,0,2019,31
WHU,1,2,0,8,7,15,4,1,2,3,10,9,4,5,3,13,1,0,2019,31
WOL,1,0,1,1,3,4,0,1,2,0,12,4,1,1,1,12,0,0,2019,31
ARS,1,0,1,0,8,8,2,0,1,0,2,3,0,4,2,9,0,0,2019,32
AVL,1,1,0,7,2,9,2,2,3,1,9,4,6,1,0,8,1,0,2019,32
BOU,1,4,0,7,5,12,7,0,0,4,4,3,1,4,4,10,0,0,2019,32
BHA,1,3,0,7,5,12,6,2,2,1,8,4,3,1,5,8,0,0,2019,32
BUR,1,0,1,10,7,17,4,3,9,1,15,15,1,2,4,7,0,0,2019,32
CHE,1,3,0,8,2,10,4,1,2,3,5,1,2,3,2,4,0,0,2019,32
CRY,1,1,0,7,1,8,4,2,3,0,3,9,3,1,1,9,1,0,2019,32
EVE,1,1,0,9,6,15,3,2,3,2,18,17,5,4,3,17,0,0,2019,32
LEI,1,2,0,5,2,7,2,1,1,1,3,3,2,1,2,13,0,0,2019,32
LIV,1,4,0,10,4,14,5,2,0,4,2,9,2,7,2,9,1,0,2019,32
MCI,1,0,1,9,3,11,3,1,1,2,13,8,3,5,1,5,2,0,2019,32
MUN,1,0,1,5,3,8,2,1,2,0,12,5,2,1,1,7,0,0,2019,32
NEW,1,1,0,4,8,12,1,2,6,1,10,6,2,5,3,11,0,0,2019,32
NOR,1,4,0,8,5,13,8,2,5,4,8,10,2,2,3,7,2,2,2019,32
SHU,1,1,0,6,3,9,2,2,5,1,16,12,1,3,3,9,0,0,2019,32
SOU,1,1,0,3,5,8,0,0,4,0,11,11,0,2,0,10,0,0,2019,32
TOT,1,3,0,5,2,7,5,1,0,2,4,5,3,2,2,8,0,0,2019,32
WAT,1,3,0,6,6,11,7,0,4,2,3,5,1,5,1,9,1,1,2019,32
WHU,1,2,0,11,6,17,6,3,5,1,14,15,3,3,7,11,0,0,2019,32
WOL,1,0,1,9,2,11,1,6,4,0,10,5,3,1,5,9,0,0,2019,32
ARS,1,0,1,6,4,10,1,2,2,2,12,4,4,5,1,6,0,0,2019,33
AVL,1,2,0,3,3,6,4,0,0,1,12,13,1,4,2,10,0,0,2019,33
BOU,1,5,0,9,10,19,10,1,7,4,13,8,4,6,4,11,0,0,2019,33
BHA,1,0,1,7,5,12,1,2,0,0,6,11,3,2,6,9,0,0,2019,33
BUR,1,1,0,7,3,10,3,2,5,3,17,14,3,2,4,15,0,0,2019,33
CHE,1,0,1,3,4,7,3,2,4,1,4,7,1,2,1,6,1,0,2019,33
CRY,1,3,0,11,4,15,4,3,3,5,5,6,3,4,5,6,3,2,2019,33
EVE,1,1,0,4,8,12,2,0,4,0,7,7,0,2,4,7,0,0,2019,33
LEI,1,0,1,5,2,7,1,2,4,1,6,14,3,0,2,14,0,0,2019,33
LIV,1,0,1,6,3,9,3,2,2,1,14,4,5,2,2,9,0,0,2019,33
MCI,1,1,0,3,5,8,4,0,1,1,4,1,1,3,1,6,1,1,2019,33
MUN,1,2,0,5,2,7,3,0,1,3,5,4,0,3,0,6,1,0,2019,33
NEW,1,2,0,13,4,17,7,7,5,3,12,8,6,2,6,3,1,1,2019,33
NOR,1,1,0,6,2,8,2,0,2,1,11,4,2,1,4,6,0,0,2019,33
SHU,1,1,0,5,4,9,4,0,2,3,8,8,2,4,1,5,0,0,2019,33
SOU,1,0,1,19,7,26,6,4,4,5,22,20,10,4,4,12,1,0,2019,33
TOT,1,0,1,3,9,11,3,0,5,0,14,8,1,3,1,7,0,0,2019,33
WAT,1,3,0,12,9,21,9,3,7,3,12,5,2,5,3,7,0,0,2019,33
WHU,1,2,0,5,6,11,4,1,3,2,12,7,3,4,1,12,0,0,2019,33
WOL,1,2,0,6,2,8,4,1,2,2,5,5,3,1,0,8,2,0,2019,33
ARS,1,1,0,8,5,13,5,2,2,1,9,9,5,1,5,4,0,0,2019,34
AVL,1,3,0,10,4,14,6,2,2,4,9,8,3,5,4,9,1,1,2019,34
BOU,1,0,1,5,4,9,0,3,4,0,21,7,2,2,0,4,0,0,2019,34
BHA,1,3,0,17,3,20,8,4,3,4,18,14,6,6,5,9,2,1,2019,34
BUR,1,0,1,15,6,21,4,4,8,3,23,18,6,5,5,13,1,0,2019,34
CHE,1,2,0,9,4,13,4,4,5,2,13,10,1,2,5,7,1,0,2019,34
CRY,1,3,0,11,3,14,6,3,4,5,12,11,4,7,1,13,0,0,2019,34
EVE,1,1,0,11,5,16,4,3,5,2,8,15,3,3,3,11,0,0,2019,34
LEI,1,1,0,8,3,11,7,3,5,2,8,12,3,4,1,6,0,0,2019,34
LIV,1,1,0,10,2,12,2,2,4,5,12,7,3,2,5,9,1,0,2019,34
MCI,1,0,1,3,4,6,1,2,2,0,4,6,4,0,1,8,0,0,2019,34
MUN,1,0,1,4,5,9,1,0,2,1,10,6,3,0,4,7,1,0,2019,34
NEW,1,5,0,16,7,23,9,2,4,4,10,11,7,6,8,14,2,1,2019,34
NOR,1,2,0,7,2,9,4,5,4,1,20,4,6,0,0,5,0,0,2019,34
SHU,1,0,1,2,4,6,1,1,3,0,9,3,3,0,1,14,0,0,2019,34
SOU,1,1,0,5,6,11,4,3,6,2,4,8,2,1,3,10,0,0,2019,34
TOT,1,0,1,7,2,9,2,2,5,1,11,10,0,3,5,6,0,0,2019,34
WAT,1,1,0,8,4,12,3,3,4,2,6,7,1,2,4,16,0,0,2019,34
WHU,1,1,0,8,0,8,4,2,1,1,0,18,1,1,5,8,0,0,2019,34
WOL,1,1,0,6,1,7,3,3,1,0,16,20,2,1,3,10,0,0,2019,34
ARS,1,2,0,9,6,15,9,1,2,4,9,4,1,6,7,10,1,0,2019,35
AVL,1,0,1,9,0,9,5,2,2,1,11,8,3,1,3,18,0,0,2019,35
BOU,1,1,0,9,5,13,5,0,2,1,17,1,3,5,1,5,2,1,2019,35
BHA,1,5,0,20,6,26,8,6,7,7,14,7,8,9,5,19,1,0,2019,35
BUR,1,1,0,16,7,23,9,1,5,2,13,16,5,11,2,12,0,0,2019,35
CHE,1,3,0,9,0,9,4,2,2,3,7,5,2,1,3,9,1,1,2019,35
CRY,1,2,0,6,6,12,9,1,3,3,14,10,4,4,2,8,0,0,2019,35
EVE,1,3,0,10,4,14,7,1,3,5,4,6,5,2,3,15,0,0,2019,35
LEI,1,4,0,7,2,9,4,1,2,4,11,4,2,2,2,12,2,1,2019,35
LIV,1,1,0,5,1,6,2,0,3,1,1,18,1,1,1,4,1,0,2019,35
MCI,1,0,1,3,0,3,0,2,1,0,3,4,0,0,3,4,0,0,2019,35
MUN,1,2,0,7,2,9,5,2,2,2,9,11,1,2,4,9,1,1,2019,35
NEW,1,2,0,15,2,17,5,5,7,3,12,5,4,6,3,7,1,0,2019,35
NOR,1,4,0,15,4,19,7,4,6,6,11,9,4,5,8,13,0,0,2019,35
SHU,1,0,1,10,5,15,4,6,4,2,18,17,5,5,3,6,0,0,2019,35
SOU,1,2,0,4,4,8,4,0,0,3,8,5,0,3,2,15,1,0,2019,35
TOT,1,1,0,8,5,13,4,1,5,0,10,9,2,3,1,15,0,0,2019,35
WAT,1,1,0,5,3,8,4,2,3,2,8,4,2,1,3,8,0,0,2019,35
WHU,1,0,1,5,6,11,2,2,1,0,5,6,2,2,5,2,0,0,2019,35
WOL,1,0,1,5,1,6,2,2,1,0,7,6,1,2,3,7,0,0,2019,35
ARS,1,1,0,17,7,24,8,5,5,3,15,19,3,6,10,11,1,0,2019,36
AVL,1,1,0,5,4,9,1,2,1,1,15,15,3,1,4,11,0,0,2019,36
BOU,1,2,0,6,2,8,4,0,1,0,9,5,3,1,2,12,0,0,2019,36
BHA,1,1,0,14,7,21,5,3,4,4,11,9,3,7,5,10,0,0,2019,36
BUR,1,1,0,10,4,14,5,3,2,1,12,8,2,4,4,16,1,0,2019,36
CHE,1,0,1,1,1,2,0,0,0,0,5,3,0,1,2,12,0,0,2019,36
CRY,1,2,0,12,5,17,5,3,4,3,9,6,1,5,6,17,0,0,2019,36
EVE,1,1,0,7,8,15,1,2,2,2,13,14,5,2,5,8,0,0,2019,36
LEI,1,0,1,4,1,5,1,2,3,1,8,9,1,1,2,6,0,0,2019,36
LIV,1,2,0,3,0,3,2,0,0,2,2,1,1,0,1,7,2,2,2019,36
MCI,1,1,0,13,2,15,3,4,2,2,10,10,2,2,5,9,1,0,2019,36
MUN,1,0,1,8,5,13,5,1,3,0,4,5,1,2,5,14,0,0,2019,36
NEW,1,3,0,5,3,8,5,3,2,3,8,3,3,3,0,13,1,1,2019,36
NOR,1,1,0,18,4,22,6,9,5,4,23,11,10,0,7,12,2,0,2019,36
SHU,1,2,0,11,4,15,7,1,1,6,13,13,3,3,6,7,0,0,2019,36
SOU,1,1,0,10,0,10,2,1,4,0,5,6,1,2,2,9,0,0,2019,36
TOT,1,1,0,13,9,22,6,3,4,1,6,14,7,4,6,16,1,1,2019,36
WAT,1,3,0,5,5,10,4,3,3,2,10,14,1,2,4,11,0,0,2019,36
WHU,1,1,0,12,2,14,3,4,1,2,18,10,7,1,2,7,0,0,2019,36
WOL,1,1,0,7,2,9,1,2,2,2,11,5,5,1,2,3,0,0,2019,36
ARS,1,1,0,6,2,8,3,2,3,1,16,8,2,3,2,7,0,0,2019,37
AVL,1,0,1,5,2,7,0,2,3,1,19,14,3,0,2,4,0,0,2019,37
BOU,1,2,0,11,5,16,8,3,4,4,7,6,4,2,6,10,0,0,2019,37
BHA,1,0,1,9,3,12,1,5,7,1,13,11,4,0,6,10,0,0,2019,37
BUR,1,0,1,5,2,6,2,3,5,1,3,8,2,0,2,7,0,0,2019,37
CHE,1,5,0,8,2,10,7,2,5,4,6,6,2,2,3,14,0,0,2019,37
CRY,1,2,0,9,2,11,5,3,2,2,13,5,5,2,1,16,1,1,2019,37
EVE,1,0,1,7,1,8,0,2,2,0,20,12,4,0,2,9,0,0,2019,37
LEI,1,3,0,6,1,7,3,1,1,1,6,4,3,2,2,12,0,0,2019,37
LIV,1,3,0,9,1,10,5,2,0,5,12,7,5,1,2,11,0,0,2019,37
MCI,1,0,1,2,0,2,1,0,1,1,1,4,1,0,1,9,0,0,2019,37
MUN,1,1,0,7,5,12,3,3,5,1,14,6,5,2,2,10,0,0,2019,37
NEW,1,0,1,8,3,11,3,2,5,1,11,12,3,3,3,6,1,0,2019,37
NOR,1,2,0,14,9,23,8,2,7,2,15,20,3,7,8,4,1,0,2019,37
SHU,1,1,0,4,1,5,2,2,2,1,4,3,3,1,1,7,0,0,2019,37
SOU,1,0,1,7,4,11,3,4,6,0,18,13,2,3,3,3,1,0,2019,37
TOT,1,0,1,13,12,24,6,6,8,0,16,17,6,4,7,7,1,0,2019,37
WAT,1,4,0,17,9,26,10,2,7,7,10,15,6,4,8,13,0,0,2019,37
WHU,1,1,0,6,5,11,4,0,0,1,4,4,3,4,2,9,0,0,2019,37
WOL,1,0,1,4,3,7,3,0,1,0,5,9,1,2,3,8,1,0,2019,37
ARS,1,2,0,16,3,19,6,6,8,7,25,13,6,3,4,9,1,0,2019,38
AVL,1,1,0,3,7,10,1,2,3,1,3,7,1,2,3,5,0,0,2019,38
BOU,1,1,0,11,2,13,5,5,1,2,13,8,5,2,5,14,0,0,2019,38
BHA,1,1,0,10,3,13,1,5,3,3,19,18,2,4,6,1,1,0,2019,38
BUR,1,2,0,9,6,15,4,1,1,2,9,10,4,5,2,5,0,0,2019,38
CHE,1,0,1,1,4,5,1,1,3,0,6,3,1,2,1,8,0,0,2019,38
CRY,1,1,0,5,2,7,2,1,2,0,10,1,1,1,2,9,0,0,2019,38
EVE,1,3,0,8,5,13,7,3,5,2,11,13,1,3,5,7,1,1,2019,38
LEI,1,2,0,7,0,7,3,1,1,2,4,3,2,1,1,8,1,1,2019,38
LIV,1,1,0,1,2,3,2,0,2,1,2,5,0,1,2,3,0,0,2019,38
MCI,1,0,1,2,3,5,4,0,0,2,3,1,1,3,0,4,0,0,2019,38
MUN,1,0,1,9,5,14,3,3,3,0,10,8,3,4,5,9,1,0,2019,38
NEW,1,3,0,7,7,14,6,2,3,0,10,7,3,4,3,13,0,0,2019,38
NOR,1,5,0,24,7,31,9,4,4,2,9,15,5,11,9,19,2,1,2019,38
SHU,1,3,0,7,6,13,4,0,1,2,9,18,1,4,1,15,0,0,2019,38
SOU,1,1,0,5,0,5,3,0,0,3,4,7,2,1,2,6,0,0,2019,38
TOT,1,1,0,10,3,13,2,7,8,1,11,13,6,3,3,8,1,0,2019,38
WAT,1,3,0,11,2,13,5,3,4,2,5,5,5,4,2,16,0,0,2019,38
WHU,1,1,0,9,4,13,4,2,3,1,8,6,2,5,3,3,1,1,2019,38
WOL,1,2,0,8,3,11,3,3,5,1,6,5,3,3,2,8,1,0,2019,38
