Team,Games Played,Goals Conceded,Clean Sheets,Shots ConcededIn,Shots ConcededOut,Shots ConcededTotal,Shots ConcededOn Target,Shots ConcededHead,Shots ConcededSP,Shots ConcededBC,Crosses ConcededLeft Flank,Crosses ConcededRight Flank,Chances ConcededLeft Flank,Chances ConcededCentre,Chances ConcededRight Flank,Defensive SlipsLost,Defensive SlipsErr,Defensive SlipsErr Goal,Season,GW ID
ARS,1,2,0,8,9,17,8,1,3,2,5,10,0,2,7,9,1,0,2018,1
BOU,1,0,1,8,2,10,1,1,3,1,8,10,2,6,0,9,0,0,2018,1
BHA,1,2,0,12,7,19,5,2,9,2,10,10,2,4,7,6,0,0,2018,1
BUR,1,0,1,9,9,18,3,5,4,1,10,12,7,4,6,8,0,0,2018,1
CAR,1,2,0,10,2,12,4,2,3,4,8,3,2,1,5,11,0,0,2018,1
CHE,1,0,1,4,2,6,1,2,3,1,14,9,1,1,3,6,0,0,2018,1
CRY,1,0,1,6,9,15,6,4,4,0,20,12,4,3,3,8,0,0,2018,1
EVE,1,2,0,3,8,11,4,1,1,2,13,12,4,0,1,9,0,0,2018,1
FUL,1,2,0,8,4,12,10,3,2,2,5,7,5,2,3,12,1,1,2018,1
HUD,1,3,0,10,3,13,4,2,5,3,5,6,1,4,4,17,0,0,2018,1
LEI,1,2,0,5,3,8,6,0,0,2,7,5,0,4,3,11,0,0,2018,1
LIV,1,0,1,4,1,5,2,1,2,0,7,5,1,1,2,7,0,0,2018,1
MCI,1,0,1,5,4,9,3,1,1,0,4,8,3,4,2,5,1,0,2018,1
MUN,1,1,0,5,8,13,4,2,3,2,11,16,5,2,2,9,2,0,2018,1
NEW,1,2,0,12,3,15,5,4,6,5,7,10,5,2,4,4,2,0,2018,1
SOU,1,0,1,10,6,16,6,4,7,2,5,15,1,4,5,4,1,0,2018,1
TOT,1,1,0,9,6,15,2,2,5,1,5,7,2,3,3,15,0,0,2018,1
WAT,1,0,1,5,1,6,0,2,2,0,6,9,2,1,2,6,0,0,2018,1
WHU,1,4,0,13,5,18,8,2,7,5,14,7,4,4,4,7,0,0,2018,1
WOL,1,2,0,7,1,8,5,3,4,1,7,8,2,3,1,2,1,0,2018,1
ARS,1,3,0,12,12,24,11,1,2,1,6,9,7,4,8,9,2,0,2018,2
BOU,1,1,0,6,5,11,5,2,1,1,12,11,4,3,3,11,0,0,2018,2
BHA,1,2,0,6,3,9,3,2,3,2,9,8,2,2,0,8,1,0,2018,2
BUR,1,3,0,5,4,9,6,0,1,3,5,2,1,4,2,4,2,1,2018,2
CAR,1,0,1,10,2,12,6,0,7,2,7,4,3,2,0,3,0,0,2018,2
CHE,1,2,0,9,6,15,6,0,0,5,5,7,5,5,3,5,0,0,2018,2
CRY,1,2,0,9,7,16,6,1,3,4,17,6,1,7,5,16,0,0,2018,2
EVE,1,1,0,9,6,15,4,3,6,2,8,8,4,3,3,4,1,0,2018,2
FUL,1,3,0,18,7,25,11,2,4,4,18,9,4,4,4,6,3,0,2018,2
HUD,1,6,0,20,12,32,14,1,4,7,8,16,8,9,5,18,2,2,2018,2
LEI,1,0,1,6,6,11,2,2,0,1,17,12,5,1,2,10,1,0,2018,2
LIV,1,0,1,4,4,8,2,0,1,0,9,7,3,0,2,17,1,0,2018,2
MCI,1,1,0,3,3,5,1,0,3,1,5,7,1,0,2,4,0,0,2018,2
MUN,1,3,0,5,1,6,3,0,3,2,4,9,0,1,3,3,0,0,2018,2
NEW,1,0,1,7,5,12,0,7,4,2,9,14,3,3,3,8,1,0,2018,2
SOU,1,2,0,9,4,13,7,4,5,3,8,11,4,4,4,8,0,0,2018,2
TOT,1,1,0,5,5,10,3,2,0,3,1,6,2,4,3,11,0,0,2018,2
WAT,1,1,0,5,3,8,3,3,4,1,18,14,3,1,1,4,0,0,2018,2
WHU,1,2,0,8,4,12,5,2,2,3,6,5,3,5,4,13,0,0,2018,2
WOL,1,2,0,1,5,6,2,0,2,0,7,6,1,1,2,21,0,0,2018,2
ARS,1,1,0,6,8,13,5,1,2,1,7,8,3,4,4,17,1,0,2018,3
BOU,1,2,0,5,6,11,3,2,4,0,10,5,3,5,1,8,2,2,2018,3
BHA,1,1,0,16,6,22,7,3,4,1,13,11,7,6,5,10,1,1,2018,3
BUR,1,4,0,8,17,25,12,4,3,2,7,9,6,8,8,4,0,0,2018,3
CAR,1,0,1,3,2,5,1,2,2,0,18,8,1,0,1,3,1,0,2018,3
CHE,1,1,0,2,5,6,2,2,2,0,9,8,3,0,1,2,0,0,2018,3
CRY,1,2,0,8,5,13,5,1,1,1,6,12,2,7,3,8,0,0,2018,3
EVE,1,2,0,12,5,17,5,4,7,5,14,8,4,3,5,6,0,0,2018,3
FUL,1,2,0,9,3,12,2,3,5,2,12,15,3,3,2,7,0,0,2018,3
HUD,1,0,1,8,6,14,4,4,2,1,8,7,7,4,1,3,1,0,2018,3
LEI,1,1,0,6,6,12,5,1,6,0,11,17,2,1,5,11,0,0,2018,3
LIV,1,0,1,4,2,6,2,2,1,1,7,4,2,2,0,7,0,0,2018,3
MCI,1,1,0,7,4,11,2,1,3,2,7,7,2,1,6,6,0,0,2018,3
MUN,1,3,0,8,1,9,5,2,2,3,4,2,5,1,1,5,1,0,2018,3
NEW,1,2,0,10,5,15,3,1,3,1,12,11,4,2,3,7,0,0,2018,3
SOU,1,2,0,5,3,8,5,2,1,1,5,10,0,1,4,3,2,1,2018,3
TOT,1,0,1,16,7,23,5,4,3,1,18,8,6,7,4,7,2,0,2018,3
WAT,1,1,0,8,1,9,3,4,2,2,8,1,4,0,4,3,0,0,2018,3
WHU,1,3,0,9,8,17,10,3,4,2,14,7,6,4,4,9,1,1,2018,3
WOL,1,1,0,9,9,18,6,3,6,2,15,15,3,3,5,16,1,0,2018,3
ARS,1,2,0,10,4,14,3,3,7,0,7,12,5,1,2,2,2,0,2018,4
BOU,1,2,0,10,14,24,6,2,5,0,17,8,2,8,9,9,0,0,2018,4
BHA,1,2,0,7,3,10,5,1,1,3,5,5,2,1,3,11,1,1,2018,4
BUR,1,2,0,13,8,21,9,2,4,3,8,10,4,4,8,6,0,0,2018,4
CAR,1,3,0,11,6,17,11,3,6,1,7,12,4,6,3,6,1,0,2018,4
CHE,1,0,1,5,3,8,1,1,4,2,10,5,2,2,1,3,0,0,2018,4
CRY,1,2,0,11,8,19,6,2,1,6,18,4,5,2,6,7,0,0,2018,4
EVE,1,1,0,4,5,9,6,2,3,1,11,9,1,2,2,7,0,0,2018,4
FUL,1,2,0,12,3,15,5,4,4,4,8,21,3,5,1,7,1,1,2018,4
HUD,1,1,0,8,3,11,1,6,4,1,10,9,1,3,5,3,0,0,2018,4
LEI,1,2,0,7,3,10,4,3,3,2,6,2,4,3,1,8,0,0,2018,4
LIV,1,1,0,3,9,12,5,0,1,1,6,11,3,3,3,12,1,1,2018,4
MCI,1,1,0,2,1,3,2,0,0,1,2,2,1,1,1,7,0,0,2018,4
MUN,1,0,1,5,4,9,2,5,4,2,9,14,3,3,2,4,0,0,2018,4
NEW,1,2,0,16,8,24,8,2,6,3,9,12,1,10,4,8,1,1,2018,4
SOU,1,0,1,13,7,20,6,5,3,4,13,11,5,6,7,7,0,0,2018,4
TOT,1,2,0,4,4,7,3,4,3,0,8,3,4,1,1,8,0,0,2018,4
WAT,1,1,0,5,6,11,2,4,5,1,24,8,4,1,3,10,1,0,2018,4
WHU,1,1,0,6,9,15,6,2,2,2,11,5,7,3,1,13,1,1,2018,4
WOL,1,0,1,8,5,13,3,3,3,1,6,12,2,4,3,9,1,0,2018,4
ARS,1,1,0,4,0,4,2,3,1,1,10,14,3,0,0,3,0,0,2018,5
BOU,1,2,0,11,3,14,7,4,4,3,12,16,4,3,1,8,0,0,2018,5
BHA,1,2,0,8,6,14,4,2,4,4,5,8,0,3,3,9,1,0,2018,5
BUR,1,1,0,20,10,30,6,2,4,5,15,9,9,6,6,6,1,0,2018,5
CAR,1,4,0,15,3,18,7,1,2,3,8,7,4,5,5,10,0,0,2018,5
CHE,1,1,0,5,1,6,2,3,4,1,6,4,2,0,3,6,0,0,2018,5
CRY,1,0,1,9,6,15,2,4,5,1,16,14,3,2,3,7,0,0,2018,5
EVE,1,3,0,7,2,9,4,0,1,2,1,4,3,1,4,10,2,1,2018,5
FUL,1,3,0,18,10,28,9,3,4,7,7,13,5,6,11,13,1,1,2018,5
HUD,1,1,0,6,1,7,2,0,0,0,5,5,1,3,2,6,0,0,2018,5
LEI,1,4,0,7,3,10,5,0,1,4,5,4,1,3,2,5,1,0,2018,5
LIV,1,1,0,7,4,11,3,1,3,0,6,6,1,4,1,7,0,0,2018,5
MCI,1,0,1,2,7,9,3,0,1,0,9,2,2,2,3,8,1,0,2018,5
MUN,1,1,0,6,8,14,5,2,4,1,14,7,4,4,4,7,1,0,2018,5
NEW,1,2,0,8,4,12,2,1,3,0,6,9,1,4,4,6,0,0,2018,5
SOU,1,2,0,8,4,12,4,3,2,3,5,13,4,2,4,4,0,0,2018,5
TOT,1,2,0,14,3,17,10,3,5,3,6,4,5,5,1,6,2,0,2018,5
WAT,1,2,0,6,3,9,6,0,2,2,9,12,2,0,4,4,0,0,2018,5
WHU,1,1,0,8,8,16,4,3,6,2,13,9,2,1,5,13,1,0,2018,5
WOL,1,0,1,2,5,7,2,0,3,0,3,9,1,2,1,4,0,0,2018,5
ARS,1,0,1,5,5,10,6,2,3,2,9,18,5,0,4,13,0,0,2018,6
BOU,1,4,0,10,2,12,5,1,1,3,12,8,4,2,1,1,0,0,2018,6
BHA,1,2,0,11,5,16,7,2,4,3,11,4,3,6,4,6,0,0,2018,6
BUR,1,0,1,7,12,19,5,1,6,1,15,11,4,6,4,11,0,0,2018,6
CAR,1,5,0,18,3,21,10,3,8,4,16,7,5,7,3,6,1,1,2018,6
CHE,1,0,1,3,3,6,1,1,1,2,6,5,1,2,2,7,0,0,2018,6
CRY,1,0,1,4,2,6,3,2,3,0,6,9,4,0,1,2,1,0,2018,6
EVE,1,2,0,5,4,9,5,0,1,1,8,7,1,4,2,6,0,0,2018,6
FUL,1,1,0,8,3,11,6,1,1,3,17,9,2,3,1,4,1,0,2018,6
HUD,1,3,0,11,7,18,8,4,5,3,6,9,3,7,5,5,0,0,2018,6
LEI,1,1,0,5,4,9,2,3,3,1,8,6,2,3,0,5,0,0,2018,6
LIV,1,0,1,6,2,7,1,1,3,0,8,6,1,0,4,2,0,0,2018,6
MCI,1,0,1,1,1,2,2,0,1,0,4,3,1,1,0,2,0,0,2018,6
MUN,1,1,0,5,6,11,8,3,3,2,6,3,4,3,2,7,0,0,2018,6
NEW,1,0,1,9,7,16,4,2,9,1,12,9,3,3,2,15,2,0,2018,6
SOU,1,3,0,9,3,12,3,2,5,1,9,4,2,1,1,8,1,0,2018,6
TOT,1,1,0,4,4,8,4,1,3,1,8,6,0,2,4,6,0,0,2018,6
WAT,1,1,0,9,6,15,3,4,4,3,11,15,5,5,3,4,0,0,2018,6
WHU,1,0,1,12,5,17,6,5,5,3,20,8,8,3,4,7,2,0,2018,6
WOL,1,1,0,5,10,15,6,2,5,0,10,13,0,4,5,8,0,0,2018,6
ARS,1,0,1,10,5,14,5,2,6,6,14,13,1,5,4,8,1,0,2018,7
BOU,1,1,0,3,7,10,2,1,2,0,9,7,0,5,3,6,0,0,2018,7
BHA,1,2,0,19,9,28,8,6,4,2,15,14,8,10,6,13,0,0,2018,7
BUR,1,1,0,13,7,20,4,3,9,1,17,14,3,7,4,5,0,0,2018,7
CAR,1,2,0,2,1,3,2,2,1,0,5,3,1,0,2,3,0,0,2018,7
CHE,1,1,0,7,6,13,4,1,2,3,12,8,2,3,5,7,1,0,2018,7
CRY,1,2,0,8,3,11,5,4,5,3,8,5,2,3,3,3,1,0,2018,7
EVE,1,0,1,3,3,6,0,0,0,1,4,4,1,2,3,6,0,0,2018,7
FUL,1,3,0,13,6,19,6,4,5,2,14,16,4,6,5,7,0,0,2018,7
HUD,1,2,0,10,0,10,6,3,2,3,7,1,3,3,0,7,1,0,2018,7
LEI,1,0,1,4,2,6,1,2,1,1,8,6,2,0,2,4,0,0,2018,7
LIV,1,1,0,9,1,10,4,3,3,4,5,7,3,2,3,4,0,0,2018,7
MCI,1,0,1,4,0,4,1,2,2,0,4,4,1,0,3,1,0,0,2018,7
MUN,1,3,0,5,3,8,3,1,3,2,13,4,4,1,3,4,0,0,2018,7
NEW,1,2,0,9,3,12,5,5,7,1,10,13,4,1,2,4,0,0,2018,7
SOU,1,2,0,10,4,14,6,4,6,2,7,8,6,2,3,10,1,0,2018,7
TOT,1,0,1,4,5,9,5,2,5,0,14,6,1,2,2,6,0,0,2018,7
WAT,1,2,0,6,3,9,2,2,1,3,11,11,4,3,0,7,0,0,2018,7
WHU,1,1,0,5,5,9,4,3,4,1,18,17,3,0,4,7,0,0,2018,7
WOL,1,0,1,7,10,17,6,1,2,0,11,7,4,3,3,7,0,0,2018,7
ARS,1,1,0,7,14,21,4,1,5,2,13,4,8,4,4,3,1,1,2018,8
BOU,1,0,1,8,6,14,2,3,5,1,15,9,2,3,4,3,0,0,2018,8
BHA,1,0,1,11,6,17,4,2,7,1,12,6,2,5,5,5,0,0,2018,8
BUR,1,1,0,10,9,19,2,3,5,1,20,17,3,4,10,4,1,0,2018,8
CAR,1,1,0,13,6,19,6,3,3,3,9,8,4,5,6,12,1,0,2018,8
CHE,1,0,1,9,6,15,6,0,3,2,6,5,4,1,4,2,1,0,2018,8
CRY,1,1,0,4,3,7,2,0,1,1,8,0,1,4,0,4,0,0,2018,8
EVE,1,1,0,5,3,8,2,3,2,2,7,4,3,2,2,7,0,0,2018,8
FUL,1,5,0,6,3,9,7,0,0,1,6,1,1,0,6,8,0,0,2018,8
HUD,1,1,0,4,2,6,3,2,1,0,7,6,2,2,2,5,0,0,2018,8
LEI,1,2,0,9,8,17,8,5,9,1,10,16,3,3,6,11,1,0,2018,8
LIV,1,0,1,5,1,6,2,0,0,1,4,8,1,0,3,7,1,0,2018,8
MCI,1,0,1,5,2,7,2,2,2,0,13,5,4,1,1,4,0,0,2018,8
MUN,1,2,0,8,5,13,8,3,6,2,9,9,6,2,3,4,0,0,2018,8
NEW,1,3,0,10,8,18,10,5,7,5,23,21,5,5,3,7,0,0,2018,8
SOU,1,3,0,16,5,21,6,1,6,5,12,15,3,6,7,4,1,1,2018,8
TOT,1,0,1,5,3,8,5,2,2,3,4,4,2,3,0,5,0,0,2018,8
WAT,1,4,0,9,1,10,7,3,2,5,7,7,2,0,5,3,0,0,2018,8
WHU,1,1,0,6,3,9,4,3,3,1,2,9,1,0,6,11,0,0,2018,8
WOL,1,0,1,5,6,11,4,1,5,1,11,9,1,3,2,9,1,0,2018,8
ARS,1,1,0,5,3,8,2,2,4,2,7,5,3,2,1,10,0,0,2018,9
BOU,1,0,1,2,6,8,4,1,2,1,10,8,2,2,0,3,1,0,2018,9
BHA,1,0,1,13,14,27,6,6,4,2,19,22,4,7,6,10,2,0,2018,9
BUR,1,5,0,18,6,24,10,4,2,8,7,12,7,6,7,5,0,0,2018,9
CAR,1,2,0,3,6,9,4,2,4,2,5,4,5,1,1,4,0,0,2018,9
CHE,1,2,0,6,1,7,4,1,1,2,5,4,1,1,2,10,0,0,2018,9
CRY,1,2,0,10,10,20,4,4,4,3,14,15,7,3,6,8,0,0,2018,9
EVE,1,0,1,4,3,7,3,2,3,2,7,6,1,2,1,6,0,0,2018,9
FUL,1,4,0,13,9,22,5,3,4,2,13,9,3,10,5,9,1,0,2018,9
HUD,1,1,0,6,5,11,2,0,1,0,5,9,4,3,2,8,0,0,2018,9
LEI,1,3,0,12,8,19,6,2,5,3,8,3,6,3,1,12,2,0,2018,9
LIV,1,0,1,7,6,13,1,1,1,0,16,11,3,3,2,4,1,0,2018,9
MCI,1,0,1,4,1,5,0,2,2,0,3,6,2,0,1,3,0,0,2018,9
MUN,1,2,0,14,7,21,6,4,4,4,9,9,5,6,6,5,0,0,2018,9
NEW,1,1,0,5,3,8,2,0,2,1,3,7,2,3,1,8,1,0,2018,9
SOU,1,0,1,9,0,9,2,4,4,1,12,10,4,1,1,7,0,0,2018,9
TOT,1,0,1,8,5,13,4,5,6,0,12,18,5,2,5,7,1,0,2018,9
WAT,1,0,1,4,6,10,1,2,4,0,17,10,3,3,2,5,0,0,2018,9
WHU,1,1,0,7,3,10,2,3,4,2,8,7,3,2,3,14,0,0,2018,9
WOL,1,2,0,5,4,9,3,0,1,2,3,1,2,1,4,9,0,0,2018,9
ARS,1,2,0,9,7,16,3,0,4,3,7,8,2,6,3,10,0,0,2018,10
BOU,1,0,1,7,4,11,1,4,4,0,10,6,5,2,3,5,1,0,2018,10
BHA,1,0,1,13,12,25,7,3,5,1,19,17,7,3,9,12,0,0,2018,10
BUR,1,4,0,17,7,24,8,3,3,5,6,2,2,9,7,11,0,0,2018,10
CAR,1,4,0,9,10,19,6,2,2,4,12,12,6,4,4,9,1,1,2018,10
CHE,1,0,1,4,3,7,1,2,1,0,15,8,0,1,2,4,1,0,2018,10
CRY,1,2,0,4,3,7,2,0,3,1,8,2,1,2,0,7,0,0,2018,10
EVE,1,2,0,8,6,14,10,2,2,4,10,7,4,4,4,4,0,0,2018,10
FUL,1,3,0,8,4,12,5,3,1,3,7,16,1,5,3,7,0,0,2018,10
HUD,1,3,0,8,4,12,6,0,1,3,4,3,4,5,3,10,0,0,2018,10
LEI,1,1,0,8,3,11,3,2,3,2,1,5,2,1,2,10,0,0,2018,10
LIV,1,1,0,1,1,2,1,0,0,1,3,4,1,0,0,8,0,0,2018,10
MCI,1,0,1,3,1,4,1,1,1,1,6,7,2,1,1,7,2,0,2018,10
MUN,1,1,0,9,5,14,6,3,3,2,10,10,6,2,2,11,0,0,2018,10
NEW,1,0,1,14,8,22,4,4,2,1,12,19,7,5,8,9,0,0,2018,10
SOU,1,0,1,3,3,6,0,0,2,0,9,6,1,2,2,3,0,0,2018,10
TOT,1,1,0,10,3,13,5,0,3,2,7,5,0,6,3,13,1,1,2018,10
WAT,1,0,1,9,4,13,7,2,2,0,5,8,5,2,5,10,0,0,2018,10
WHU,1,1,0,13,8,21,7,7,5,3,23,22,5,3,7,14,0,0,2018,10
WOL,1,1,0,5,2,7,1,2,3,2,3,6,2,1,2,12,0,0,2018,10
ARS,1,1,0,10,3,13,4,3,4,2,4,12,10,0,1,13,1,1,2018,11
BOU,1,2,0,13,5,18,6,1,5,6,4,9,3,6,5,6,1,0,2018,11
BHA,1,3,0,11,3,14,3,4,4,4,20,14,5,1,5,10,1,1,2018,11
BUR,1,4,0,13,9,22,9,2,4,5,8,7,5,7,5,13,2,1,2018,11
CAR,1,1,0,10,3,13,4,4,5,5,18,9,2,3,3,5,1,0,2018,11
CHE,1,1,0,4,3,7,2,0,1,0,2,3,1,1,3,12,0,0,2018,11
CRY,1,3,0,9,6,15,6,3,4,3,8,9,6,4,5,13,0,0,2018,11
EVE,1,1,0,3,2,5,3,1,2,1,2,9,0,2,3,6,0,0,2018,11
FUL,1,1,0,5,5,10,2,4,5,1,15,11,2,2,3,5,0,0,2018,11
HUD,1,0,1,7,2,8,1,4,6,0,5,2,5,1,1,13,1,0,2018,11
LEI,1,0,1,8,3,11,2,4,7,1,10,8,1,2,5,4,0,0,2018,11
LIV,1,1,0,9,3,12,4,2,2,2,7,9,1,5,6,5,1,0,2018,11
MCI,1,1,0,9,5,13,6,2,3,3,8,12,5,2,1,6,2,0,2018,11
MUN,1,1,0,12,6,18,7,2,7,2,7,16,4,3,5,4,1,0,2018,11
NEW,1,0,1,14,2,16,1,3,7,5,8,12,3,4,5,3,0,0,2018,11
SOU,1,6,0,13,5,18,8,1,2,2,2,10,3,8,5,15,1,1,2018,11
TOT,1,2,0,8,8,16,7,2,4,3,15,10,5,5,0,15,1,0,2018,11
WAT,1,1,0,4,6,10,2,2,6,1,12,7,1,0,3,8,1,0,2018,11
WHU,1,2,0,4,2,6,3,3,2,2,5,4,2,1,2,5,0,0,2018,11
WOL,1,3,0,7,3,10,8,1,0,3,4,3,3,4,1,11,0,0,2018,11
ARS,1,1,0,7,6,13,5,2,2,3,5,2,4,6,2,7,3,1,2018,12
BOU,1,2,0,13,5,18,6,5,5,5,13,9,6,2,3,8,0,0,2018,12
BHA,1,2,0,9,11,20,5,1,8,2,10,10,3,4,5,7,0,0,2018,12
BUR,1,0,1,13,9,22,4,6,8,2,23,19,3,3,10,9,1,0,2018,12
CAR,1,1,0,4,3,7,3,1,2,1,2,3,0,2,4,10,1,1,2018,12
CHE,1,0,1,2,4,6,1,2,3,0,6,4,3,0,2,8,0,0,2018,12
CRY,1,1,0,8,3,11,2,6,5,2,10,13,2,1,4,8,1,0,2018,12
EVE,1,0,1,7,8,15,4,1,5,1,7,9,1,5,6,8,0,0,2018,12
FUL,1,2,0,10,11,21,7,2,7,4,11,9,4,5,6,9,0,0,2018,12
HUD,1,1,0,8,4,12,3,2,2,3,7,13,3,1,3,11,0,0,2018,12
LEI,1,0,1,3,3,6,1,1,3,0,5,6,1,1,1,4,1,0,2018,12
LIV,1,0,1,3,5,8,3,0,0,1,8,3,2,2,1,7,0,0,2018,12
MCI,1,1,0,5,1,6,1,1,4,1,4,7,1,0,3,4,0,0,2018,12
MUN,1,3,0,8,9,17,5,1,1,2,10,15,4,8,4,11,1,0,2018,12
NEW,1,1,0,10,4,14,4,5,8,3,10,12,3,3,3,5,0,0,2018,12
SOU,1,1,0,8,4,12,6,0,1,2,12,5,3,6,0,5,0,0,2018,12
TOT,1,0,1,8,3,11,5,4,5,1,16,8,2,0,3,7,0,0,2018,12
WAT,1,1,0,7,7,14,4,3,6,2,7,10,2,4,4,9,1,1,2018,12
WHU,1,1,0,6,9,15,7,2,3,2,10,6,5,0,5,5,1,0,2018,12
WOL,1,1,0,5,5,10,3,0,4,1,8,19,3,0,2,9,0,0,2018,12
ARS,1,1,0,5,7,11,5,1,1,0,12,10,4,5,1,7,0,0,2018,13
BOU,1,2,0,11,9,20,4,1,1,1,8,13,2,4,5,3,1,0,2018,13
BHA,1,1,0,6,2,8,3,2,3,1,8,4,2,2,1,6,0,0,2018,13
BUR,1,2,0,8,9,17,2,1,3,3,8,12,4,4,6,7,1,0,2018,13
CAR,1,1,0,12,4,16,7,4,5,6,16,10,6,1,4,12,1,0,2018,13
CHE,1,3,0,12,6,18,9,4,6,5,8,1,9,4,3,12,0,0,2018,13
CRY,1,0,1,7,5,12,5,3,1,2,16,15,2,3,5,3,0,0,2018,13
EVE,1,0,1,6,1,7,1,4,5,1,4,3,4,0,2,0,1,0,2018,13
FUL,1,2,0,10,9,19,8,3,6,2,13,20,3,4,5,10,0,0,2018,13
HUD,1,0,1,6,6,12,2,3,3,0,5,8,3,3,2,9,0,0,2018,13
LEI,1,1,0,9,5,14,3,2,4,0,14,11,3,2,7,8,1,0,2018,13
LIV,1,0,1,3,2,5,1,1,1,2,9,4,1,1,2,7,0,0,2018,13
MCI,1,0,1,6,3,9,1,2,4,1,7,6,2,5,1,7,1,0,2018,13
MUN,1,0,1,5,8,13,2,0,1,2,4,4,1,2,6,11,1,0,2018,13
NEW,1,1,0,9,6,14,4,3,4,2,11,16,4,5,2,15,0,0,2018,13
SOU,1,3,0,8,2,10,5,2,2,2,2,9,3,4,3,11,0,0,2018,13
TOT,1,1,0,8,5,13,2,1,1,1,8,13,5,3,3,15,1,0,2018,13
WAT,1,3,0,7,3,10,7,2,3,3,10,8,3,1,2,9,0,0,2018,13
WHU,1,4,0,9,0,9,6,0,0,3,1,3,3,2,3,10,1,0,2018,13
WOL,1,2,0,6,8,14,6,3,4,0,12,7,5,1,4,4,2,0,2018,13
ARS,1,2,0,6,5,11,6,2,3,1,4,7,1,0,5,7,2,1,2018,14
BOU,1,3,0,12,4,16,6,1,3,4,13,4,3,4,5,12,0,0,2018,14
BHA,1,1,0,5,2,7,2,2,5,0,5,7,2,0,1,2,2,1,2018,14
BUR,1,2,0,17,12,29,9,3,6,1,7,8,4,9,10,13,1,0,2018,14
CAR,1,1,0,7,8,15,4,3,5,1,7,11,2,4,5,5,0,0,2018,14
CHE,1,0,1,2,7,9,4,1,1,0,11,7,3,1,4,11,0,0,2018,14
CRY,1,0,1,4,0,4,0,2,3,0,10,13,1,1,2,3,0,0,2018,14
EVE,1,1,0,9,7,16,3,2,5,5,16,5,5,3,3,9,2,1,2018,14
FUL,1,2,0,9,7,16,9,0,3,3,6,8,1,4,3,8,4,1,2018,14
HUD,1,2,0,7,7,14,6,4,6,3,12,5,5,1,5,6,0,0,2018,14
LEI,1,0,1,5,3,8,0,2,2,3,15,10,2,3,1,6,0,0,2018,14
LIV,1,0,1,5,4,9,3,3,2,2,4,8,1,2,2,6,0,0,2018,14
MCI,1,1,0,3,1,4,1,1,2,1,4,5,3,1,0,8,0,0,2018,14
MUN,1,2,0,5,11,16,6,1,6,0,8,5,3,4,1,9,0,0,2018,14
NEW,1,3,0,7,0,7,4,1,1,6,5,7,1,3,3,9,0,0,2018,14
SOU,1,2,0,7,4,11,5,2,3,1,11,13,4,4,2,10,1,0,2018,14
TOT,1,4,0,13,9,22,6,3,9,3,12,10,2,4,10,4,2,1,2018,14
WAT,1,2,0,4,3,7,3,0,0,2,9,2,2,0,2,12,1,0,2018,14
WHU,1,0,1,7,9,16,4,4,5,1,19,14,4,5,5,8,0,0,2018,14
WOL,1,2,0,10,7,17,2,4,11,1,7,13,0,2,5,7,0,0,2018,14
ARS,1,2,0,4,7,10,7,1,4,2,5,6,3,2,2,7,1,1,2018,15
BOU,1,1,0,17,6,23,6,8,10,1,30,15,8,3,5,4,1,0,2018,15
BHA,1,1,0,10,8,18,4,4,3,1,6,11,5,2,8,8,0,0,2018,15
BUR,1,3,0,13,5,18,11,3,5,3,10,10,6,6,2,6,1,0,2018,15
CAR,1,3,0,16,1,17,11,6,8,2,12,7,5,4,5,9,0,0,2018,15
CHE,1,2,0,5,1,6,2,3,2,1,5,8,2,1,0,7,1,1,2018,15
CRY,1,3,0,6,3,9,3,1,4,1,7,5,2,1,2,7,1,1,2018,15
EVE,1,1,0,7,1,8,5,3,3,3,6,5,3,1,4,5,0,0,2018,15
FUL,1,1,0,11,2,13,5,5,6,1,9,12,7,1,3,4,1,0,2018,15
HUD,1,2,0,4,2,6,2,2,3,2,7,4,2,2,2,5,0,0,2018,15
LEI,1,1,0,15,10,25,7,5,10,1,17,7,5,7,9,9,1,1,2018,15
LIV,1,1,0,5,5,10,6,2,5,2,8,7,4,0,2,9,0,0,2018,15
MCI,1,1,0,8,3,11,6,2,2,3,5,3,1,4,3,7,0,0,2018,15
MUN,1,2,0,6,3,9,4,1,1,3,6,7,1,1,5,9,3,2,2018,15
NEW,1,1,0,12,7,19,3,3,3,3,22,30,4,3,5,14,0,0,2018,15
SOU,1,3,0,10,3,13,8,2,6,2,9,6,2,3,4,4,1,1,2018,15
TOT,1,1,0,13,5,18,5,5,6,3,15,11,6,3,5,7,1,0,2018,15
WAT,1,2,0,12,3,15,7,1,2,5,13,8,3,4,4,9,1,0,2018,15
WHU,1,1,0,5,4,9,4,1,3,2,9,3,1,1,3,12,1,1,2018,15
WOL,1,1,0,9,8,17,3,1,5,1,10,8,3,3,7,11,0,0,2018,15
ARS,1,0,1,5,1,6,0,1,0,0,8,3,3,1,1,4,0,0,2018,16
BOU,1,4,0,6,4,10,4,1,2,2,8,5,1,2,3,13,1,1,2018,16
BHA,1,1,0,10,4,14,4,3,7,1,10,5,2,5,2,2,0,0,2018,16
BUR,1,0,1,8,6,14,1,6,6,2,9,12,6,1,5,10,1,0,2018,16
CAR,1,0,1,5,7,12,1,2,7,0,8,8,0,3,5,4,0,0,2018,16
CHE,1,0,1,10,4,14,4,2,8,0,11,12,3,0,6,16,1,0,2018,16
CRY,1,3,0,9,4,13,6,2,6,2,11,13,1,3,3,10,1,1,2018,16
EVE,1,2,0,11,4,15,3,4,6,2,9,6,5,2,1,12,0,0,2018,16
FUL,1,4,0,14,6,20,11,2,6,5,14,11,3,3,7,10,2,1,2018,16
HUD,1,1,0,8,6,14,2,3,5,4,8,8,6,4,3,3,0,0,2018,16
LEI,1,2,0,4,3,7,2,3,2,1,9,5,1,1,3,12,1,0,2018,16
LIV,1,0,1,2,7,8,2,0,4,0,6,11,1,0,1,6,0,0,2018,16
MCI,1,2,0,5,3,8,5,2,2,1,5,1,3,0,4,10,0,0,2018,16
MUN,1,1,0,5,5,10,4,1,1,1,6,8,1,3,3,12,2,0,2018,16
NEW,1,2,0,9,4,13,6,5,6,2,8,11,2,1,5,4,1,0,2018,16
SOU,1,1,0,12,1,13,4,3,6,2,6,10,3,4,3,15,1,1,2018,16
TOT,1,0,1,3,8,11,3,1,3,0,12,11,3,3,1,11,1,0,2018,16
WAT,1,2,0,10,3,12,5,3,4,2,15,9,5,0,3,7,0,0,2018,16
WHU,1,2,0,5,3,8,4,2,5,1,10,6,2,3,1,8,0,0,2018,16
WOL,1,1,0,7,5,12,4,5,6,0,9,21,4,1,3,8,1,0,2018,16
ARS,1,3,0,5,7,12,7,5,3,2,5,9,4,3,4,4,1,1,2018,17
BOU,1,2,0,6,4,10,4,0,1,3,4,5,4,3,0,3,1,1,2018,17
BHA,1,2,0,5,5,10,3,1,3,2,6,1,1,1,6,10,1,1,2018,17
BUR,1,1,0,10,5,15,3,1,6,3,15,11,2,6,4,5,0,0,2018,17
CAR,1,3,0,9,8,17,8,0,3,2,8,1,2,4,6,15,0,0,2018,17
CHE,1,1,0,3,3,6,2,1,2,0,9,7,1,1,2,5,1,0,2018,17
CRY,1,0,1,8,4,12,2,2,2,1,11,14,1,1,5,9,0,0,2018,17
EVE,1,3,0,9,4,13,5,4,4,3,12,6,3,2,6,4,0,0,2018,17
FUL,1,2,0,4,2,6,3,2,1,1,10,10,3,1,2,7,0,0,2018,17
HUD,1,1,0,3,5,8,5,0,2,2,2,2,2,3,0,5,1,0,2018,17
LEI,1,1,0,4,4,8,1,1,2,0,7,6,3,0,3,9,0,0,2018,17
LIV,1,1,0,2,4,6,2,0,1,1,2,5,2,2,1,8,1,1,2018,17
MCI,1,1,0,6,3,9,2,2,1,3,7,8,2,2,4,12,2,0,2018,17
MUN,1,3,0,17,19,36,10,3,9,2,13,16,7,6,8,13,1,0,2018,17
NEW,1,0,1,10,5,15,5,6,7,0,21,20,6,0,7,9,0,0,2018,17
SOU,1,2,0,7,6,13,4,3,2,4,9,9,2,3,7,5,0,0,2018,17
TOT,1,0,1,3,1,4,0,1,1,1,11,1,2,1,1,2,1,0,2018,17
WAT,1,2,0,6,4,10,3,2,4,0,12,1,1,0,5,3,1,0,2018,17
WHU,1,0,1,7,9,16,4,4,5,3,14,12,4,3,4,16,0,0,2018,17
WOL,1,0,1,7,6,13,3,2,4,0,7,12,3,2,5,12,0,0,2018,17
ARS,1,1,0,5,2,7,2,0,1,2,5,8,1,1,2,7,0,0,2018,18
BOU,1,0,1,4,6,10,5,1,3,1,11,8,4,2,2,9,1,0,2018,18
BHA,1,2,0,5,9,14,3,2,5,0,9,4,2,5,3,10,0,0,2018,18
BUR,1,3,0,9,2,11,6,1,1,1,2,3,0,5,2,8,0,0,2018,18
CAR,1,5,0,9,8,17,9,1,5,4,5,4,1,4,7,10,0,0,2018,18
CHE,1,1,0,3,5,8,3,1,1,0,11,9,1,4,1,8,1,0,2018,18
CRY,1,2,0,11,8,19,5,6,5,2,16,29,3,6,6,10,0,0,2018,18
EVE,1,6,0,11,6,17,8,0,4,5,1,2,2,4,4,8,2,2,2018,18
FUL,1,0,1,5,4,9,0,4,4,0,17,19,3,1,1,5,0,0,2018,18
HUD,1,3,0,6,7,13,6,0,2,5,1,4,1,7,2,13,2,2,2018,18
LEI,1,0,1,11,6,17,5,3,4,4,23,13,1,5,5,13,2,0,2018,18
LIV,1,0,1,9,2,11,5,1,1,1,0,7,1,5,2,11,3,0,2018,18
MCI,1,3,0,4,1,5,3,1,1,2,2,0,1,1,1,6,0,0,2018,18
MUN,1,1,0,8,1,9,3,4,4,1,2,14,2,0,4,5,0,0,2018,18
NEW,1,0,1,2,2,4,2,0,1,0,2,4,1,0,2,9,0,0,2018,18
SOU,1,1,0,8,8,16,5,3,6,1,18,13,4,5,2,2,1,1,2018,18
TOT,1,2,0,6,4,10,3,1,1,1,8,10,4,0,3,4,0,0,2018,18
WAT,1,0,1,11,7,18,7,6,7,3,20,12,5,1,6,11,0,0,2018,18
WHU,1,2,0,7,4,11,5,0,1,4,5,5,1,3,2,13,1,0,2018,18
WOL,1,2,0,9,6,15,6,1,5,4,9,6,5,4,3,16,1,0,2018,18
ARS,1,1,0,7,5,12,3,3,1,1,12,4,6,0,3,2,1,1,2018,19
BOU,1,5,0,5,5,10,7,0,1,3,1,9,2,2,4,12,1,1,2018,19
BHA,1,1,0,4,3,7,4,1,1,2,10,7,1,5,1,9,0,0,2018,19
BUR,1,5,0,8,5,13,6,2,5,2,9,10,2,3,3,12,2,0,2018,19
CAR,1,0,1,22,9,31,5,4,8,2,13,14,10,8,8,14,0,0,2018,19
CHE,1,1,0,8,3,11,2,2,4,2,6,5,2,3,3,10,0,0,2018,19
CRY,1,0,1,5,4,9,4,1,1,2,7,3,2,3,2,5,1,0,2018,19
EVE,1,1,0,7,4,11,3,4,8,2,11,7,4,1,1,2,0,0,2018,19
FUL,1,1,0,8,6,14,5,3,0,1,7,14,1,3,6,11,0,0,2018,19
HUD,1,3,0,10,6,16,10,0,4,2,6,7,1,3,7,10,0,0,2018,19
LEI,1,1,0,6,5,11,4,1,0,2,14,21,3,4,3,11,0,0,2018,19
LIV,1,0,1,4,2,6,2,3,1,1,7,7,2,0,2,8,1,0,2018,19
MCI,1,2,0,8,2,10,5,1,2,3,6,5,1,1,6,5,1,0,2018,19
MUN,1,1,0,6,4,10,2,0,3,2,7,8,3,4,1,7,0,0,2018,19
NEW,1,4,0,13,3,16,8,3,5,4,15,11,5,2,4,4,0,0,2018,19
SOU,1,2,0,9,7,16,5,2,2,1,7,9,2,4,5,22,0,0,2018,19
TOT,1,0,1,11,3,14,4,5,2,2,8,7,8,2,3,2,0,0,2018,19
WAT,1,2,0,8,2,10,4,1,1,2,6,5,1,4,3,18,1,1,2018,19
WHU,1,1,0,7,4,11,5,0,1,2,7,10,0,3,4,17,0,0,2018,19
WOL,1,1,0,8,3,11,4,2,3,2,4,8,4,2,3,9,1,0,2018,19
ARS,1,5,0,10,5,15,10,0,0,5,5,3,2,5,1,13,0,0,2018,20
BOU,1,4,0,9,2,11,8,1,0,6,7,4,3,5,2,7,0,0,2018,20
BHA,1,0,1,9,4,13,4,2,3,0,12,8,3,2,3,9,1,0,2018,20
BUR,1,0,1,8,3,11,4,5,5,1,12,5,3,1,3,9,0,0,2018,20
CAR,1,0,1,6,10,16,7,2,4,2,18,7,6,2,3,9,0,0,2018,20
CHE,1,0,1,4,0,4,0,1,1,0,7,7,1,1,2,7,0,0,2018,20
CRY,1,1,0,4,8,12,4,1,4,1,9,7,2,3,4,7,0,0,2018,20
EVE,1,1,0,8,3,11,3,1,5,2,9,8,1,1,3,6,1,0,2018,20
FUL,1,0,1,5,4,9,5,3,2,0,13,4,3,3,0,5,0,0,2018,20
HUD,1,1,0,12,2,14,5,6,3,2,11,11,5,3,4,5,0,0,2018,20
LEI,1,1,0,4,8,12,3,1,5,0,5,11,1,2,3,5,2,0,2018,20
LIV,1,1,0,5,3,8,2,1,0,1,8,2,2,4,1,7,2,0,2018,20
MCI,1,1,0,3,3,5,4,2,3,0,4,6,2,0,1,4,1,1,2018,20
MUN,1,1,0,4,3,7,3,2,4,1,7,6,2,1,3,6,0,0,2018,20
NEW,1,1,0,5,7,12,5,2,5,2,10,12,5,1,0,15,0,0,2018,20
SOU,1,3,0,12,2,14,6,3,3,6,9,9,2,6,5,14,1,0,2018,20
TOT,1,3,0,9,2,11,4,4,4,2,18,6,7,1,2,16,0,0,2018,20
WAT,1,1,0,3,5,8,2,3,4,1,11,14,1,2,5,8,0,0,2018,20
WHU,1,2,0,14,3,17,5,3,3,5,7,12,7,4,3,5,0,0,2018,20
WOL,1,1,0,1,9,10,3,0,3,0,6,8,1,3,4,9,0,0,2018,20
ARS,1,1,0,5,4,9,4,3,3,3,5,9,1,2,4,5,0,0,2018,21
BOU,1,3,0,6,5,11,3,2,2,1,3,3,3,3,3,2,1,1,2018,21
BHA,1,2,0,6,7,13,6,1,1,0,7,7,3,6,2,11,1,0,2018,21
BUR,1,1,0,6,3,9,2,3,4,1,11,7,5,2,1,5,0,0,2018,21
CAR,1,3,0,9,4,13,4,0,2,1,5,3,4,4,1,9,5,2,2018,21
CHE,1,0,1,1,5,6,2,1,1,0,5,7,0,1,2,7,1,0,2018,21
CRY,1,0,1,4,5,9,1,2,3,2,3,10,2,2,3,5,0,0,2018,21
EVE,1,1,0,4,4,8,4,1,1,1,7,6,1,0,6,16,1,1,2018,21
FUL,1,4,0,16,0,16,8,1,1,10,7,9,1,5,8,13,1,0,2018,21
HUD,1,2,0,11,5,16,8,3,6,5,4,15,1,5,6,10,1,1,2018,21
LEI,1,0,1,14,3,17,2,4,7,0,16,14,7,2,2,6,2,0,2018,21
LIV,1,2,0,6,3,9,4,0,0,2,3,8,2,2,2,8,1,0,2018,21
MCI,1,1,0,7,0,7,4,1,2,2,8,5,1,2,1,11,0,0,2018,21
MUN,1,0,1,8,6,14,3,2,2,0,5,16,6,3,4,9,0,0,2018,21
NEW,1,2,0,11,5,16,7,1,5,4,1,4,3,6,2,9,2,1,2018,21
SOU,1,0,1,10,7,17,6,3,5,0,10,13,3,6,4,22,0,0,2018,21
TOT,1,0,1,3,2,5,3,2,2,1,7,11,1,2,1,6,0,0,2018,21
WAT,1,3,0,18,7,25,12,8,7,7,9,6,11,2,4,10,1,0,2018,21
WHU,1,2,0,8,5,13,6,4,5,1,9,9,6,2,3,7,0,0,2018,21
WOL,1,2,0,9,8,17,4,0,6,2,12,9,1,6,1,14,2,0,2018,21
ARS,1,1,0,7,4,11,3,3,5,1,13,7,5,3,2,12,1,1,2018,22
BOU,1,2,0,10,5,15,2,5,7,3,12,8,4,2,5,7,0,0,2018,22
BHA,1,1,0,8,2,10,3,3,2,3,9,7,3,3,3,9,0,0,2018,22
BUR,1,1,0,9,4,12,3,5,3,1,17,16,3,4,4,7,1,0,2018,22
CAR,1,0,1,7,7,14,2,5,4,0,9,14,6,3,3,8,0,0,2018,22
CHE,1,1,0,7,2,9,2,3,1,0,10,7,5,1,2,7,0,0,2018,22
CRY,1,2,0,9,8,16,2,2,9,2,9,7,4,2,3,13,0,0,2018,22
EVE,1,0,1,12,4,16,7,4,8,1,13,10,4,3,4,9,3,0,2018,22
FUL,1,2,0,5,6,11,1,2,1,1,4,8,3,1,4,5,0,0,2018,22
HUD,1,0,1,1,2,3,0,0,1,0,7,8,0,1,1,8,0,0,2018,22
LEI,1,2,0,7,1,8,3,3,3,2,4,3,1,1,3,4,1,1,2018,22
LIV,1,0,1,5,2,7,0,1,1,0,7,7,2,1,3,3,0,0,2018,22
MCI,1,0,1,2,2,3,0,1,2,0,1,1,1,0,1,9,0,0,2018,22
MUN,1,0,1,12,9,21,11,3,6,2,21,0,5,7,4,8,0,0,2018,22
NEW,1,2,0,8,2,10,6,1,2,3,2,13,1,6,2,14,0,0,2018,22
SOU,1,1,0,9,14,23,5,4,6,2,27,16,6,5,8,11,0,0,2018,22
TOT,1,1,0,9,4,13,8,1,2,0,6,4,2,2,5,14,0,0,2018,22
WAT,1,1,0,9,6,15,6,3,4,2,16,8,5,3,2,12,1,0,2018,22
WHU,1,0,1,6,5,11,2,2,0,0,4,4,2,3,2,14,1,0,2018,22
WOL,1,3,0,13,11,24,9,1,2,2,15,16,4,8,8,12,0,0,2018,22
ARS,1,0,1,9,4,13,1,2,2,1,12,12,5,3,4,13,0,0,2018,23
BOU,1,0,1,4,5,9,1,1,0,1,15,7,1,3,2,9,0,0,2018,23
BHA,1,2,0,12,8,20,5,2,7,3,12,4,3,3,8,8,0,0,2018,23
BUR,1,0,1,6,3,9,3,1,0,2,12,2,3,4,1,3,0,0,2018,23
CAR,1,3,0,12,4,16,6,3,5,3,9,18,5,4,6,1,0,0,2018,23
CHE,1,2,0,10,3,13,5,3,5,3,7,7,2,2,7,8,2,0,2018,23
CRY,1,4,0,13,6,19,9,4,5,3,16,6,6,5,5,8,2,1,2018,23
EVE,1,2,0,9,2,11,4,3,3,1,10,10,2,4,3,6,0,0,2018,23
FUL,1,2,0,11,4,14,5,7,5,3,10,22,4,2,6,6,1,1,2018,23
HUD,1,3,0,10,2,12,4,4,3,4,4,7,5,3,4,15,1,1,2018,23
LEI,1,4,0,9,4,12,7,3,4,4,7,11,5,3,2,5,0,0,2018,23
LIV,1,3,0,8,1,9,3,3,2,1,2,8,1,1,5,10,0,0,2018,23
MCI,1,0,1,3,2,5,2,2,0,1,7,7,2,1,1,3,1,0,2018,23
MUN,1,1,0,5,2,7,3,2,3,1,11,12,3,0,3,4,0,0,2018,23
NEW,1,0,1,5,4,9,1,1,5,0,9,13,1,1,4,9,0,0,2018,23
SOU,1,1,0,5,3,7,2,2,0,2,8,13,2,3,1,9,0,0,2018,23
TOT,1,1,0,7,5,12,4,1,4,1,7,10,1,3,5,8,1,0,2018,23
WAT,1,0,1,9,3,12,3,3,4,4,10,15,4,0,4,5,1,0,2018,23
WHU,1,2,0,5,5,10,4,2,2,2,12,6,3,0,3,8,0,0,2018,23
WOL,1,3,0,11,5,16,6,2,3,1,12,10,4,5,2,17,3,1,2018,23
ARS,1,1,0,7,12,19,2,5,5,0,7,9,5,4,5,4,0,0,2018,24
BOU,1,0,1,7,4,11,7,2,2,1,25,8,2,5,4,11,0,0,2018,24
BHA,1,4,0,16,8,24,7,4,4,6,20,13,4,9,4,11,0,0,2018,24
BUR,1,2,0,15,13,28,9,6,12,3,22,12,5,7,8,6,1,0,2018,24
CAR,1,2,0,11,4,15,4,2,2,4,8,3,4,4,5,7,0,0,2018,24
CHE,1,4,0,9,3,12,7,3,2,4,4,4,3,3,3,4,2,1,2018,24
CRY,1,1,0,7,6,13,4,3,2,3,11,10,1,3,5,4,2,0,2018,24
EVE,1,0,1,6,4,10,2,5,2,1,16,10,5,3,1,13,0,0,2018,24
FUL,1,2,0,11,4,15,6,3,5,3,13,9,4,2,1,10,0,0,2018,24
HUD,1,1,0,6,4,10,5,2,4,2,6,3,6,0,1,9,0,0,2018,24
LEI,1,1,0,7,3,10,3,3,4,0,12,11,4,1,2,11,0,0,2018,24
LIV,1,1,0,5,0,5,2,1,3,2,8,5,2,0,1,16,1,0,2018,24
MCI,1,2,0,4,3,7,2,1,2,1,2,4,0,3,1,4,1,0,2018,24
MUN,1,2,0,3,3,6,4,2,1,2,3,4,3,3,0,3,1,1,2018,24
NEW,1,1,0,8,4,12,3,2,7,1,7,14,3,3,1,15,0,0,2018,24
SOU,1,1,0,6,9,15,2,3,6,2,9,8,2,4,5,14,0,0,2018,24
TOT,1,1,0,6,3,9,1,1,3,1,8,6,1,4,1,4,0,0,2018,24
WAT,1,2,0,10,7,17,3,5,5,1,17,25,3,5,4,15,0,0,2018,24
WHU,1,3,0,13,7,20,9,4,7,3,9,4,4,4,6,10,0,0,2018,24
WOL,1,0,1,0,4,4,0,0,0,0,4,2,0,1,0,9,0,0,2018,24
ARS,1,3,0,12,7,19,12,1,5,3,8,10,3,3,7,19,1,1,2018,25
BOU,1,2,0,9,3,12,5,1,3,3,11,6,2,6,1,5,0,0,2018,25
BHA,1,0,1,4,1,5,0,2,0,0,8,4,3,1,0,4,0,0,2018,25
BUR,1,1,0,6,4,10,4,1,0,1,3,5,3,4,3,9,0,0,2018,25
CAR,1,0,1,6,3,9,2,3,3,0,9,12,1,4,3,21,0,0,2018,25
CHE,1,0,1,4,1,5,2,2,1,0,2,9,2,0,3,10,0,0,2018,25
CRY,1,0,1,4,4,8,0,3,1,1,13,8,2,2,3,12,0,0,2018,25
EVE,2,5,0,18,5,23,8,5,4,8,8,5,1,6,6,16,2,0,2018,25
FUL,1,2,0,13,4,17,6,4,7,2,11,16,4,1,5,5,0,0,2018,25
HUD,1,5,0,16,7,23,7,3,4,4,11,7,9,7,3,22,0,0,2018,25
LEI,1,1,0,8,2,10,6,1,1,2,7,3,1,4,4,17,1,0,2018,25
LIV,1,1,0,7,6,13,2,2,8,1,5,6,3,4,2,9,0,0,2018,25
MCI,2,1,1,3,5,8,3,2,4,1,17,8,1,3,1,23,0,0,2018,25
MUN,1,0,1,11,6,17,6,3,7,1,10,13,1,3,6,13,0,0,2018,25
NEW,1,1,0,16,5,21,2,7,9,6,18,20,6,6,6,9,2,1,2018,25
SOU,1,1,0,14,1,15,6,5,4,2,13,15,6,2,3,16,0,0,2018,25
TOT,1,0,1,3,5,8,2,1,2,0,6,5,2,0,2,8,0,0,2018,25
WAT,1,0,1,13,8,21,4,5,8,3,16,11,8,4,8,19,0,0,2018,25
WHU,1,1,0,7,4,11,6,1,3,1,7,11,4,4,1,14,0,0,2018,25
WOL,1,1,0,9,4,13,4,2,5,2,10,7,6,1,1,11,0,0,2018,25
ARS,1,1,0,8,8,16,6,0,4,3,18,7,2,4,4,8,1,0,2018,26
BOU,1,3,0,14,6,20,9,2,4,4,12,5,9,5,3,6,0,0,2018,26
BHA,1,3,0,6,3,9,5,2,2,3,2,6,0,2,3,2,0,0,2018,26
BUR,1,1,0,13,3,16,5,7,8,1,24,17,6,2,4,6,0,0,2018,26
CAR,1,1,0,10,4,14,6,3,5,2,10,10,3,4,4,14,0,0,2018,26
CHE,1,6,0,10,5,15,9,2,4,7,2,4,1,3,6,11,1,1,2018,26
CRY,1,1,0,4,2,6,4,0,1,3,8,10,0,1,4,4,0,0,2018,26
EVE,1,1,0,5,2,7,2,0,3,2,13,6,1,2,2,2,0,0,2018,26
FUL,1,3,0,11,4,15,7,2,2,2,13,6,1,4,5,14,3,0,2018,26
HUD,1,2,0,9,1,9,4,1,0,2,2,4,4,1,2,10,0,0,2018,26
LEI,1,3,0,5,7,12,5,2,2,2,7,9,4,3,2,8,0,0,2018,26
LIV,1,0,1,6,6,12,2,1,3,0,6,8,2,2,3,11,0,0,2018,26
MCI,1,0,1,6,6,12,4,0,1,1,5,5,1,3,6,15,0,0,2018,26
MUN,1,0,1,8,7,15,3,2,5,3,13,9,3,1,3,13,2,0,2018,26
NEW,1,1,0,16,6,22,6,6,6,3,11,19,9,4,3,11,1,0,2018,26
SOU,1,2,0,4,2,6,3,1,3,1,7,7,1,2,1,3,1,0,2018,26
TOT,1,1,0,17,3,20,9,7,6,5,11,11,10,5,4,10,0,0,2018,26
WAT,1,0,1,8,1,9,4,5,4,0,8,7,2,0,4,15,0,0,2018,26
WHU,1,1,0,17,8,25,5,2,9,5,17,12,2,5,10,12,0,0,2018,26
WOL,1,1,0,6,3,9,3,2,1,0,7,5,2,4,2,7,2,1,2018,26
ARS,1,0,1,6,4,10,4,3,4,1,5,16,2,2,3,5,1,0,2018,27
BOU,1,1,0,6,4,10,2,2,4,1,9,12,3,0,5,10,0,0,2018,27
BUR,1,1,0,7,10,17,6,4,6,1,11,15,8,2,4,15,0,0,2018,27
CAR,1,5,0,7,5,12,7,1,3,4,7,2,1,8,1,8,2,2,2018,27
CRY,1,1,0,10,17,27,5,4,7,0,17,12,6,8,7,14,0,0,2018,27
FUL,1,3,0,20,1,21,7,10,10,3,19,15,8,3,5,7,0,0,2018,27
HUD,1,2,0,23,6,29,12,4,7,3,13,19,9,8,9,3,0,0,2018,27
LEI,1,4,0,5,2,7,5,1,1,3,5,1,0,3,2,7,2,2,2018,27
LIV,1,0,1,4,2,6,3,3,2,1,5,2,3,1,2,6,0,0,2018,27
MUN,1,0,1,4,3,7,1,3,5,0,17,9,4,0,2,13,0,0,2018,27
NEW,1,0,1,2,1,3,1,1,1,0,3,3,1,1,1,6,0,0,2018,27
SOU,1,2,0,10,2,12,4,2,2,3,11,9,2,4,4,14,1,1,2018,27
TOT,1,2,0,8,2,10,4,2,4,1,7,16,3,4,0,6,0,0,2018,27
WAT,1,1,0,7,8,15,5,2,7,4,5,7,0,4,4,11,1,0,2018,27
WHU,1,1,0,4,4,8,5,1,0,2,4,4,1,3,1,12,1,0,2018,27
WOL,1,1,0,9,1,10,3,5,4,3,9,13,3,0,3,11,0,0,2018,27
ARS,1,1,0,7,6,13,5,2,2,1,7,9,2,3,4,6,1,1,2018,28
BOU,1,5,0,12,4,16,7,0,4,5,8,8,6,4,4,5,1,1,2018,28
BHA,1,2,0,13,6,19,3,3,2,2,9,3,3,3,9,11,0,0,2018,28
BUR,1,2,0,9,4,13,3,4,3,3,7,10,6,1,5,5,1,0,2018,28
CAR,1,3,0,8,4,12,4,0,2,1,12,4,3,5,2,8,0,0,2018,28
CHE,1,0,1,4,6,9,0,1,2,1,13,4,1,1,6,10,0,0,2018,28
CRY,1,3,0,7,6,13,4,2,5,2,8,4,3,2,4,8,0,0,2018,28
EVE,1,0,1,4,2,6,0,1,1,0,7,5,1,2,1,7,0,0,2018,28
FUL,1,2,0,7,7,14,4,0,5,1,8,11,5,2,4,6,1,1,2018,28
HUD,1,0,1,4,3,7,0,2,3,1,4,6,0,1,5,12,0,0,2018,28
LEI,1,1,0,8,7,15,3,3,7,1,12,19,2,3,3,7,1,0,2018,28
LIV,1,0,1,4,1,5,3,0,2,1,6,3,1,2,1,10,0,0,2018,28
MCI,1,0,1,2,0,2,1,1,0,1,5,2,0,0,2,8,0,0,2018,28
MUN,1,1,0,10,7,17,2,6,5,3,13,9,6,4,6,14,0,0,2018,28
NEW,1,0,1,11,1,12,2,4,7,2,7,11,3,1,3,5,0,0,2018,28
SOU,1,0,1,7,7,14,4,1,1,1,2,9,2,5,1,5,0,0,2018,28
TOT,1,2,0,4,7,11,1,1,2,1,7,5,3,1,3,7,2,1,2018,28
WAT,1,5,0,11,8,19,10,3,4,4,15,6,5,0,4,17,0,0,2018,28
WHU,1,1,0,15,5,20,6,3,4,6,12,18,3,6,6,11,0,0,2018,28
WOL,1,1,0,8,7,15,3,4,4,2,11,11,7,1,2,5,0,0,2018,28
ARS,1,1,0,7,4,11,3,2,3,3,11,4,4,0,1,12,1,0,2018,29
BOU,1,1,0,13,10,23,7,3,10,1,16,12,6,6,5,6,1,0,2018,29
BHA,1,0,1,3,3,6,4,1,0,0,11,4,1,1,2,2,0,0,2018,29
BUR,1,3,0,5,5,10,4,0,2,0,6,5,2,1,4,12,0,0,2018,29
CAR,1,2,0,11,2,13,6,2,4,7,5,7,3,4,5,16,1,1,2018,29
CHE,1,1,0,5,7,12,5,2,5,2,7,9,0,2,4,10,0,0,2018,29
CRY,1,1,0,13,6,18,4,6,5,3,22,18,6,4,5,3,1,0,2018,29
EVE,1,0,1,7,3,10,3,2,5,1,15,6,2,4,2,10,0,0,2018,29
FUL,1,2,0,15,5,20,7,1,2,0,7,4,5,10,2,6,1,0,2018,29
HUD,1,1,0,8,6,14,3,5,5,2,7,12,3,4,6,11,0,0,2018,29
LEI,1,2,0,5,1,6,5,1,3,3,8,4,0,2,2,5,0,0,2018,29
LIV,1,0,1,6,1,7,3,4,3,0,12,8,3,2,2,10,0,0,2018,29
MCI,1,0,1,0,0,0,0,0,0,0,1,1,0,0,0,4,0,0,2018,29
MUN,1,2,0,4,5,9,3,2,5,1,11,8,1,3,3,6,0,0,2018,29
NEW,1,2,0,7,3,10,4,2,3,2,7,6,2,1,3,15,0,0,2018,29
SOU,1,3,0,9,7,16,6,4,5,4,16,7,4,2,1,9,0,0,2018,29
TOT,1,1,0,7,2,9,3,0,1,5,8,5,0,2,5,9,1,1,2018,29
WAT,1,1,0,5,9,14,2,2,6,1,14,8,3,3,4,9,0,0,2018,29
WHU,1,0,1,9,8,17,2,1,2,1,9,9,3,6,4,7,0,0,2018,29
WOL,1,0,1,6,6,12,3,4,7,1,3,17,0,4,4,7,0,0,2018,29
ARS,1,0,1,7,7,14,4,2,2,5,8,5,3,2,6,8,0,0,2018,30
BOU,1,0,1,2,6,8,1,0,1,0,23,8,2,2,1,12,0,0,2018,30
BHA,1,1,0,9,6,15,3,1,2,1,17,9,1,4,5,10,1,0,2018,30
BUR,1,4,0,13,10,23,5,2,4,6,9,6,9,4,5,7,1,1,2018,30
CAR,1,0,1,5,4,9,2,2,0,0,4,9,2,0,4,8,0,0,2018,30
CHE,1,1,0,1,1,2,1,0,1,1,1,0,1,1,0,4,0,0,2018,30
CRY,1,2,0,1,3,4,3,0,0,0,2,2,2,1,1,3,1,1,2018,30
EVE,1,3,0,12,7,19,7,4,6,4,12,14,3,6,3,7,4,1,2018,30
FUL,1,3,0,9,9,18,8,1,2,4,8,8,4,6,6,6,2,2,2018,30
HUD,1,2,0,8,0,8,4,1,1,3,2,7,2,3,2,11,0,0,2018,30
LEI,1,1,0,3,3,6,3,1,0,0,9,5,0,2,4,9,0,0,2018,30
LIV,1,2,0,1,2,3,2,0,1,1,2,11,0,2,0,10,0,0,2018,30
MCI,1,1,0,1,1,2,1,0,2,1,3,2,0,1,0,9,1,1,2018,30
MUN,1,2,0,9,5,14,2,2,3,2,7,4,5,5,1,4,2,1,2018,30
NEW,1,2,0,7,0,7,3,1,0,1,11,9,0,1,4,6,1,1,2018,30
SOU,1,1,0,7,9,16,5,1,4,2,10,7,3,5,5,16,0,0,2018,30
TOT,1,2,0,7,5,12,4,1,1,3,9,9,1,0,5,8,1,1,2018,30
WAT,1,3,0,14,5,19,8,2,5,6,11,11,6,2,6,10,0,0,2018,30
WHU,1,2,0,11,5,16,7,1,4,6,6,10,3,3,4,7,1,1,2018,30
WOL,1,1,0,10,12,22,6,4,6,0,20,18,5,5,6,21,1,0,2018,30
BOU,1,2,0,4,8,12,4,0,3,1,12,13,3,3,2,7,0,0,2018,31
BUR,1,2,0,5,4,9,4,2,3,0,10,6,0,3,3,4,0,0,2018,31
CHE,1,2,0,12,3,15,8,5,6,4,7,6,4,2,3,6,1,0,2018,31
EVE,1,0,1,10,7,17,5,2,3,2,8,3,3,3,9,12,0,0,2018,31
FUL,1,2,0,11,5,16,6,3,2,3,14,16,2,3,6,10,0,0,2018,31
HUD,1,4,0,10,6,16,5,5,9,2,6,10,3,1,6,7,2,1,2018,31
LEI,1,1,0,9,4,13,2,2,4,1,15,23,1,4,3,3,1,0,2018,31
LIV,1,1,0,2,5,7,2,0,0,1,3,2,0,2,3,11,2,2,2018,31
NEW,1,2,0,7,3,10,2,3,5,3,11,8,1,2,3,9,1,0,2018,31
WHU,1,3,0,9,6,15,5,5,7,4,10,8,5,3,1,8,0,0,2018,31
ARS,1,0,1,1,2,3,1,0,0,0,3,7,1,0,1,5,0,0,2018,32
BOU,1,2,0,10,8,18,4,1,4,2,12,7,6,6,2,14,1,0,2018,32
BHA,2,4,0,21,4,25,6,4,3,5,21,13,6,7,8,17,1,0,2018,32
BUR,1,0,1,6,3,8,1,2,3,0,12,10,4,0,1,16,0,0,2018,32
CAR,2,4,0,26,22,48,14,8,18,8,18,25,14,12,14,31,1,0,2018,32
CHE,2,1,1,5,6,11,4,1,6,1,8,10,2,4,3,18,0,0,2018,32
CRY,2,2,1,26,15,41,15,8,9,4,19,26,10,7,10,27,3,1,2018,32
EVE,1,0,1,0,3,3,1,0,0,0,10,7,0,0,2,7,0,0,2018,32
FUL,2,6,0,26,13,39,14,5,8,4,23,15,14,11,9,20,2,2,2018,32
HUD,1,2,0,15,4,19,5,3,3,5,7,5,2,3,8,14,0,0,2018,32
LEI,1,0,1,2,6,8,2,0,1,1,4,8,0,2,4,9,0,0,2018,32
LIV,1,1,0,6,6,11,2,0,3,1,9,4,1,7,1,9,1,0,2018,32
MCI,2,0,2,5,4,9,1,4,5,1,9,5,3,2,2,19,0,0,2018,32
MUN,2,3,0,18,11,29,10,3,5,4,13,18,5,11,6,18,5,1,2018,32
NEW,1,2,0,6,1,7,3,1,1,2,7,11,1,3,2,6,1,1,2018,32
SOU,1,0,1,6,8,14,1,3,5,0,7,14,3,2,6,13,0,0,2018,32
TOT,2,2,1,10,9,19,4,6,4,2,12,16,6,5,5,13,1,1,2018,32
WAT,2,3,0,20,5,25,12,7,5,7,21,9,5,7,9,23,3,2,2018,32
WHU,1,2,0,14,3,17,9,3,4,4,9,12,6,5,4,12,0,0,2018,32
WOL,2,3,0,12,13,24,5,4,9,4,12,7,4,9,3,14,0,0,2018,32
ARS,1,1,0,15,8,23,6,5,7,4,14,7,6,3,5,8,1,0,2018,33
BOU,1,3,0,7,4,10,3,5,6,2,8,20,1,5,1,6,3,3,2018,33
BUR,1,1,0,6,4,10,2,3,4,2,7,12,3,2,2,8,0,0,2018,33
CHE,1,0,1,6,3,9,2,2,4,0,9,5,2,1,3,7,0,0,2018,33
CRY,1,0,1,11,7,18,5,4,7,0,17,22,2,5,6,6,1,0,2018,33
EVE,1,0,1,6,1,7,2,3,2,0,8,9,4,1,0,14,1,0,2018,33
HUD,1,4,0,10,8,18,9,0,6,6,10,6,7,3,2,15,0,0,2018,33
LEI,1,1,0,8,2,10,4,2,2,2,9,12,2,2,2,5,1,0,2018,33
LIV,1,1,0,6,5,11,1,4,7,1,10,10,3,2,2,5,1,0,2018,33
NEW,1,1,0,3,0,3,1,1,0,1,8,6,0,1,1,5,0,0,2018,33
SOU,1,3,0,13,4,17,5,4,4,2,10,15,6,2,4,6,0,0,2018,33
WHU,1,2,0,12,4,16,7,0,2,3,6,8,4,5,5,18,0,0,2018,33
ARS,1,0,1,6,5,11,2,1,5,1,14,4,4,2,0,7,0,0,2018,34
BOU,1,0,1,1,7,8,1,1,1,0,11,8,1,4,0,5,0,0,2018,34
BHA,2,7,0,16,8,24,10,5,6,5,6,8,5,8,9,19,1,0,2018,34
BUR,1,0,1,3,11,14,2,0,4,1,5,9,3,6,1,5,0,0,2018,34
CAR,2,2,1,18,10,28,9,10,13,5,27,21,9,6,5,21,0,0,2018,34
CHE,1,2,0,11,4,15,7,1,4,1,8,16,4,8,2,8,1,0,2018,34
CRY,1,3,0,11,9,20,6,0,1,4,8,19,5,7,3,16,0,0,2018,34
EVE,1,2,0,9,3,12,5,3,4,3,3,9,1,1,9,12,0,0,2018,34
FUL,1,0,1,7,2,9,1,2,1,2,9,12,4,0,4,9,0,0,2018,34
HUD,1,4,0,16,6,22,5,3,6,2,7,5,7,4,6,14,0,0,2018,34
LEI,1,1,0,8,3,11,5,2,2,1,4,8,1,2,4,8,1,0,2018,34
LIV,1,0,1,4,2,6,3,0,1,2,5,3,1,3,1,17,0,0,2018,34
MCI,1,1,0,3,4,7,3,1,2,0,7,4,2,0,2,10,0,0,2018,34
MUN,1,1,0,11,7,18,4,6,9,2,12,14,4,3,6,11,1,0,2018,34
NEW,1,0,1,9,3,12,5,3,2,1,4,20,0,2,9,8,0,0,2018,34
SOU,1,1,0,8,9,17,2,4,11,0,14,7,6,0,2,13,0,0,2018,34
TOT,1,0,1,5,2,7,1,1,2,2,5,12,2,2,1,11,0,0,2018,34
WAT,1,1,0,13,6,19,5,1,2,2,3,10,1,4,11,3,1,1,2018,34
WHU,1,2,0,9,5,14,4,2,4,3,16,4,1,4,3,7,1,0,2018,34
WOL,1,3,0,9,3,12,6,0,5,6,2,3,3,2,1,11,1,0,2018,34
ARS,2,6,0,22,5,27,10,7,15,5,8,11,9,8,6,14,3,3,2018,35
BOU,1,1,0,10,7,17,5,4,7,5,8,9,2,5,6,9,1,0,2018,35
BHA,2,1,1,26,26,52,10,11,16,3,37,27,15,14,10,17,1,0,2018,35
BUR,1,2,0,12,10,22,8,0,3,1,20,23,4,7,5,12,1,0,2018,35
CAR,1,2,0,12,5,17,6,2,5,4,10,10,3,5,6,12,0,0,2018,35
CHE,1,2,0,4,2,6,3,2,3,1,1,4,0,2,2,5,0,0,2018,35
CRY,1,2,0,8,4,12,5,2,2,2,15,15,1,4,4,17,0,0,2018,35
EVE,1,0,1,3,4,7,1,0,1,0,3,11,1,1,2,7,0,0,2018,35
FUL,1,0,1,13,2,15,5,3,4,5,5,6,5,4,1,7,0,0,2018,35
HUD,1,2,0,8,3,11,6,0,1,1,9,1,0,3,2,5,1,1,2018,35
LEI,1,2,0,7,4,11,3,2,1,1,12,9,3,2,5,14,1,0,2018,35
LIV,1,0,1,5,2,7,2,1,4,1,5,4,1,3,2,8,0,0,2018,35
MCI,2,0,2,10,12,22,5,1,4,2,9,6,5,6,6,22,1,0,2018,35
MUN,2,6,0,15,8,23,13,2,8,2,15,19,4,9,5,20,1,1,2018,35
NEW,1,1,0,8,7,15,3,3,6,2,8,14,1,4,7,10,0,0,2018,35
SOU,2,4,0,20,10,30,9,5,5,3,17,11,5,6,7,23,0,0,2018,35
TOT,2,1,1,13,8,21,5,5,5,2,15,12,7,7,4,20,2,0,2018,35
WAT,2,2,0,14,7,21,7,4,6,5,13,13,7,1,4,16,2,1,2018,35
WHU,1,2,0,8,3,11,5,2,2,1,17,3,5,3,2,16,0,0,2018,35
WOL,2,1,1,7,9,16,1,2,4,1,9,15,6,4,3,15,1,0,2018,35
ARS,1,3,0,15,9,24,12,5,4,7,11,13,6,5,8,13,0,0,2018,36
BOU,1,3,0,12,10,22,7,1,8,5,21,6,4,5,4,10,2,0,2018,36
BHA,1,1,0,4,5,9,1,0,3,0,9,1,1,4,3,9,0,0,2018,36
BUR,1,1,0,17,8,25,6,2,2,2,13,11,10,5,4,11,0,0,2018,36
CAR,1,1,0,2,6,8,2,0,0,1,9,9,2,4,1,13,0,0,2018,36
CHE,1,1,0,6,1,7,4,2,5,2,7,8,0,1,3,9,0,0,2018,36
CRY,1,0,1,16,6,22,3,4,6,1,21,12,9,2,2,4,1,0,2018,36
EVE,1,0,1,4,4,8,0,1,5,0,4,6,1,1,2,15,0,0,2018,36
FUL,1,0,1,10,3,13,8,6,3,2,9,10,4,3,5,13,0,0,2018,36
HUD,1,5,0,14,7,21,7,4,2,6,8,6,7,5,6,11,1,1,2018,36
LEI,1,0,1,5,1,6,1,1,0,1,11,3,1,3,2,7,0,0,2018,36
LIV,1,0,1,3,2,5,1,0,1,0,4,4,1,0,3,4,0,0,2018,36
MCI,1,0,1,2,0,2,0,0,1,0,4,7,1,1,0,6,0,0,2018,36
MUN,1,1,0,8,8,16,3,2,5,2,11,10,3,3,5,9,1,1,2018,36
NEW,1,1,0,7,2,9,2,7,4,2,15,17,4,1,2,8,0,0,2018,36
SOU,1,3,0,5,4,9,5,1,3,4,7,4,1,2,4,5,2,1,2018,36
TOT,1,1,0,8,8,16,7,1,2,1,8,11,5,2,5,9,0,0,2018,36
WAT,1,2,0,8,3,11,3,3,6,4,8,8,4,2,1,12,1,1,2018,36
WHU,1,0,1,9,5,14,4,1,1,3,2,9,4,5,2,20,1,0,2018,36
WOL,1,1,0,5,5,10,1,2,3,2,16,9,2,3,3,12,1,1,2018,36
ARS,1,1,0,8,3,11,5,2,1,3,4,12,1,5,2,7,1,0,2018,37
BOU,1,0,1,5,6,11,5,1,2,1,6,5,2,2,4,11,0,0,2018,37
BHA,1,1,0,13,7,20,7,4,7,2,20,21,6,2,4,15,0,0,2018,37
BUR,1,2,0,10,10,20,6,3,4,2,12,11,2,3,6,10,2,1,2018,37
CAR,1,3,0,13,9,21,7,3,4,1,4,8,4,5,6,16,1,0,2018,37
CHE,1,0,1,11,5,16,3,5,6,2,9,6,1,7,3,11,0,0,2018,37
CRY,1,2,0,14,4,18,7,4,7,3,13,10,7,5,4,8,0,0,2018,37
EVE,1,0,1,3,3,5,1,1,3,1,5,7,2,1,1,7,0,0,2018,37
FUL,1,1,0,12,7,19,6,4,9,3,8,8,3,4,5,5,1,0,2018,37
HUD,1,1,0,12,11,23,7,3,7,3,8,10,2,7,8,10,2,2,2018,37
LEI,1,1,0,7,12,19,5,2,9,1,6,19,2,4,4,7,0,0,2018,37
LIV,1,2,0,10,4,14,6,2,2,2,8,10,0,4,5,5,0,0,2018,37
MCI,1,0,1,3,4,7,2,0,0,1,5,2,1,1,2,11,0,0,2018,37
MUN,1,1,0,5,2,7,3,0,1,2,6,3,0,5,1,5,2,1,2018,37
NEW,1,3,0,10,1,11,4,2,2,2,5,9,6,1,4,5,0,0,2018,37
SOU,1,3,0,8,9,17,6,1,1,2,2,5,3,3,5,24,1,1,2018,37
TOT,1,1,0,15,5,20,6,8,8,4,22,13,8,3,6,5,0,0,2018,37
WAT,1,3,0,16,3,19,9,2,4,5,11,9,7,5,4,15,0,0,2018,37
WHU,1,0,1,7,4,11,1,1,3,0,14,8,1,3,5,8,0,0,2018,37
WOL,1,0,1,3,3,6,2,1,1,1,4,5,3,1,0,16,1,0,2018,37
ARS,1,1,0,12,2,14,4,8,4,2,12,10,7,3,2,6,0,0,2018,38
BOU,1,5,0,12,5,17,8,0,0,4,10,3,2,9,3,4,0,0,2018,38
BHA,1,4,0,9,11,20,9,3,3,2,10,10,5,8,2,10,1,0,2018,38
BUR,1,3,0,12,5,17,6,0,1,4,11,14,5,2,6,5,1,1,2018,38
CAR,1,0,1,13,13,26,10,4,4,3,13,4,7,10,5,13,0,0,2018,38
CHE,1,0,1,3,6,9,3,2,4,0,8,7,2,1,3,17,1,0,2018,38
CRY,1,3,0,9,8,16,8,2,4,3,9,12,4,5,6,12,0,0,2018,38
EVE,1,2,0,4,7,11,3,2,5,1,12,1,4,2,1,7,1,1,2018,38
FUL,1,4,0,8,5,13,6,1,3,5,3,6,2,3,4,4,1,1,2018,38
HUD,1,1,0,4,6,10,3,2,0,1,6,9,1,3,4,13,0,0,2018,38
LEI,1,0,1,6,8,14,4,0,0,2,9,5,3,6,4,12,1,0,2018,38
LIV,1,0,1,7,0,7,2,1,1,2,4,3,3,4,0,4,0,0,2018,38
MCI,1,1,0,3,3,6,2,3,5,1,3,2,2,0,2,4,0,0,2018,38
MUN,1,2,0,6,7,13,4,0,4,2,3,2,3,3,2,8,0,0,2018,38
NEW,1,0,1,8,8,16,2,3,3,0,9,19,1,5,3,11,0,0,2018,38
SOU,1,1,0,3,7,10,3,2,3,2,6,8,1,0,5,5,1,1,2018,38
TOT,1,2,0,14,2,16,9,4,7,4,7,11,2,3,6,4,0,0,2018,38
WAT,1,4,0,8,8,16,9,2,4,5,6,3,4,4,1,23,0,0,2018,38
WHU,1,1,0,14,3,17,8,3,5,2,13,9,2,3,6,5,2,1,2018,38
WOL,1,2,0,9,4,13,5,2,3,3,11,7,4,2,1,6,2,0,2018,38
