Team,Games Played,GoalsTotal,GoalsIn,GoalsOut,GoalsBCS,GoalsPen,GoalsSP,AttemptsTotal,AttemptsIn,AttemptsBCT,AttemptsSP,AttemptsBlkd,AttemptsHit WW,AttemptsMins Per Chance,AttemptsOn Target,Conversion %Shots,Conversion %Goals,Season,GW ID
ARS,1,2,2,0,2,0,2,14,6,3,5,3,0,6.9,6,42.9,14.3,2014,1
AVL,1,1,1,0,0,0,0,7,6,1,3,2,0,13.7,1,14.3,14.3,2014,1
BUR,1,1,1,0,0,0,0,9,5,0,0,1,0,10.4,2,22.2,11.1,2014,1
CHE,1,3,3,0,3,0,1,11,7,3,3,4,0,8.5,3,27.3,27.3,2014,1
CRY,1,1,1,0,0,0,1,4,1,0,1,2,0,24.0,2,50.0,25.0,2014,1
EVE,1,2,2,0,0,0,1,13,8,0,3,5,0,7.3,3,23.1,15.4,2014,1
HUL,1,1,1,0,0,0,1,11,8,1,4,4,0,8.7,4,36.4,9.1,2014,1
LEI,1,2,2,0,2,0,1,11,7,3,3,3,0,8.6,3,27.3,18.2,2014,1
LIV,1,2,2,0,2,0,0,12,4,2,2,2,0,7.9,5,41.7,16.7,2014,1
MCI,1,2,2,0,2,0,0,13,9,3,1,3,0,7.3,5,38.5,15.4,2014,1
MUN,1,1,1,0,1,0,1,14,8,1,5,4,1,6.9,5,35.7,7.1,2014,1
NEW,1,0,0,0,0,0,0,12,9,1,5,3,0,7.9,0,0.0,0.0,2014,1
QPR,1,0,0,0,0,0,0,19,12,2,8,7,0,5.1,5,26.3,0.0,2014,1
SOU,1,1,1,0,1,0,0,12,8,3,1,2,0,7.9,6,50.0,8.3,2014,1
STK,1,0,0,0,0,0,0,12,5,0,4,6,0,8.0,2,16.7,0.0,2014,1
SUN,1,2,1,1,1,0,1,7,4,2,4,3,0,13.7,2,28.6,28.6,2014,1
SWA,1,2,1,1,0,0,0,5,1,0,0,1,0,19.2,4,80.0,40.0,2014,1
TOT,1,1,1,0,1,0,0,10,2,1,3,4,0,9.6,4,40.0,10.0,2014,1
WBA,1,2,2,0,2,1,0,10,4,2,0,0,0,9.6,5,50.0,20.0,2014,1
WHU,1,0,0,0,0,0,0,18,12,2,5,4,0,5.3,4,22.2,0.0,2014,1
ARS,1,2,2,0,1,0,0,13,6,2,2,1,0,7.3,3,23.1,15.4,2014,2
AVL,1,0,0,0,0,0,0,10,4,0,2,4,0,9.5,0,0.0,0.0,2014,2
BUR,1,0,0,0,0,0,0,12,7,1,3,5,0,7.8,1,8.3,0.0,2014,2
CHE,1,2,2,0,1,0,0,27,12,2,6,8,1,3.5,10,37.0,7.4,2014,2
CRY,1,1,0,1,0,0,0,9,5,1,3,2,0,10.6,4,44.4,11.1,2014,2
EVE,1,2,2,0,2,0,1,8,6,3,2,2,0,11.9,2,25.0,25.0,2014,2
HUL,1,1,1,0,1,0,0,9,3,1,1,4,0,10.6,2,22.2,11.1,2014,2
LEI,1,0,0,0,0,0,0,6,0,1,0,2,0,15.7,4,66.7,0.0,2014,2
LIV,1,1,0,1,0,0,0,11,7,2,1,4,0,8.7,3,27.3,9.1,2014,2
MCI,1,3,3,0,3,0,0,9,6,3,2,1,0,10.7,4,44.4,33.3,2014,2
MUN,1,1,1,0,1,0,0,10,3,2,2,3,0,9.5,3,30.0,10.0,2014,2
NEW,1,0,0,0,0,0,0,11,7,2,3,2,0,8.6,4,36.4,0.0,2014,2
QPR,1,0,0,0,0,0,0,9,7,2,3,1,0,10.3,1,11.1,0.0,2014,2
SOU,1,0,0,0,0,0,0,9,6,0,2,2,1,10.4,2,22.2,0.0,2014,2
STK,1,1,1,0,1,0,0,19,12,2,6,5,1,5.0,3,15.8,5.3,2014,2
SUN,1,1,1,0,0,0,1,11,6,0,5,2,0,8.6,3,27.3,9.1,2014,2
SWA,1,1,1,0,0,0,0,10,6,1,3,3,0,9.4,4,40.0,10.0,2014,2
TOT,1,4,4,0,3,0,1,18,11,3,5,7,1,5.2,5,27.8,22.2,2014,2
WBA,1,0,0,0,0,0,0,8,4,1,3,2,0,11.8,2,25.0,0.0,2014,2
WHU,1,3,1,2,1,0,2,17,10,3,7,5,1,5.6,8,47.1,17.6,2014,2
ARS,1,1,1,0,1,0,0,24,13,4,5,13,0,3.9,6,25.0,4.2,2014,3
AVL,1,2,2,0,0,0,0,11,7,0,3,1,2,8.7,4,36.4,18.2,2014,3
BUR,1,0,0,0,0,0,0,9,4,0,4,2,1,10.6,3,33.3,0.0,2014,3
CHE,1,6,4,2,3,0,0,12,9,4,2,3,0,8.1,8,66.7,50.0,2014,3
CRY,1,3,3,0,1,0,1,12,8,3,1,1,0,8.2,7,58.3,25.0,2014,3
EVE,1,3,3,0,1,0,1,16,8,3,3,6,1,6.1,6,37.5,18.8,2014,3
HUL,1,1,1,0,0,0,1,9,4,0,3,3,0,10.7,3,33.3,11.1,2014,3
LEI,1,1,1,0,0,0,0,9,7,1,0,2,0,10.4,3,33.3,11.1,2014,3
LIV,1,3,3,0,2,1,0,17,11,3,4,1,0,5.5,8,47.1,17.6,2014,3
MCI,1,0,0,0,0,0,0,16,12,0,3,9,1,5.9,2,12.5,0.0,2014,3
MUN,1,0,0,0,0,0,0,7,6,0,2,3,0,13.6,1,14.3,0.0,2014,3
NEW,1,3,3,0,1,0,1,18,11,1,5,4,1,5.4,4,22.2,16.7,2014,3
QPR,1,1,1,0,1,0,1,18,7,1,3,7,1,5.3,4,22.2,5.6,2014,3
SOU,1,3,3,0,1,0,2,18,11,1,6,7,0,5.2,7,38.9,16.7,2014,3
STK,1,1,1,0,0,0,0,7,2,0,0,1,0,13.6,2,28.6,14.3,2014,3
SUN,1,0,0,0,0,0,0,16,7,1,3,5,0,5.9,6,37.5,0.0,2014,3
SWA,1,3,2,1,2,0,0,15,8,3,3,1,0,6.3,7,46.7,20.0,2014,3
TOT,1,0,0,0,0,0,0,7,5,1,2,2,0,13.4,1,14.3,0.0,2014,3
WBA,1,0,0,0,0,0,0,16,6,1,7,7,1,5.9,2,12.5,0.0,2014,3
WHU,1,1,0,1,0,0,0,4,2,1,3,1,0,23.5,2,50.0,25.0,2014,3
ARS,1,2,2,0,2,0,0,15,8,5,2,0,1,6.5,6,40.0,13.3,2014,4
AVL,1,1,1,0,0,0,1,5,5,1,5,1,0,19.0,1,20.0,20.0,2014,4
BUR,1,0,0,0,0,0,0,11,5,1,2,4,0,8.5,3,27.3,0.0,2014,4
CHE,1,4,4,0,3,0,1,30,17,3,6,9,0,3.2,9,30.0,13.3,2014,4
CRY,1,0,0,0,0,0,0,16,11,0,7,3,1,5.9,3,18.8,0.0,2014,4
EVE,1,2,0,2,0,0,0,12,2,1,0,1,0,7.8,5,41.7,16.7,2014,4
HUL,1,2,2,0,0,0,0,11,4,0,1,1,1,8.6,6,54.5,18.2,2014,4
LEI,1,1,1,0,1,0,0,8,3,1,2,2,0,12.0,1,12.5,12.5,2014,4
LIV,1,0,0,0,0,0,0,18,10,0,4,7,1,5.3,1,5.6,0.0,2014,4
MCI,1,2,2,0,1,0,1,15,10,4,2,2,1,6.5,8,53.3,13.3,2014,4
MUN,1,4,2,2,1,0,1,18,10,4,2,2,0,5.2,9,50.0,22.2,2014,4
NEW,1,0,0,0,0,0,0,9,5,3,3,2,0,10.6,4,44.4,0.0,2014,4
QPR,1,0,0,0,0,0,0,9,2,1,1,4,0,10.4,1,11.1,0.0,2014,4
SOU,1,4,4,0,3,0,0,10,6,3,1,0,0,9.5,7,70.0,40.0,2014,4
STK,1,0,0,0,0,0,0,27,15,1,11,9,0,3.6,6,22.2,0.0,2014,4
SUN,1,2,1,1,0,0,1,7,3,0,0,3,0,13.7,1,14.3,28.6,2014,4
SWA,1,2,0,2,1,0,0,12,6,2,1,2,0,7.9,2,16.7,16.7,2014,4
TOT,1,2,2,0,2,0,0,16,9,3,3,6,2,6.0,6,37.5,12.5,2014,4
WBA,1,0,0,0,0,0,0,13,7,0,2,7,0,7.2,3,23.1,0.0,2014,4
WHU,1,2,1,1,0,0,0,17,7,0,5,9,0,5.6,4,23.5,11.8,2014,4
ARS,1,3,2,1,2,0,0,9,5,2,2,2,0,10.3,3,33.3,33.3,2014,5
AVL,1,0,0,0,0,0,0,6,5,1,4,2,0,15.5,2,33.3,0.0,2014,5
BUR,1,0,0,0,0,0,0,16,7,1,3,2,1,6.0,6,37.5,0.0,2014,5
CHE,1,1,1,0,1,0,0,6,4,1,4,2,1,15.8,2,33.3,16.7,2014,5
CRY,1,3,3,0,2,1,0,10,6,2,1,5,0,9.7,3,30.0,30.0,2014,5
EVE,1,2,2,0,2,1,0,17,11,3,4,6,0,5.7,5,29.4,11.8,2014,5
HUL,1,2,1,1,0,0,0,10,4,1,4,2,0,9.6,3,30.0,20.0,2014,5
LEI,1,5,5,0,3,2,0,15,11,3,1,4,0,6.5,5,33.3,33.3,2014,5
LIV,1,1,1,0,0,0,0,11,6,0,0,3,0,8.6,5,45.5,9.1,2014,5
MCI,1,1,1,0,1,0,0,16,8,1,3,4,0,5.9,4,25.0,6.3,2014,5
MUN,1,3,3,0,1,0,0,16,7,3,5,4,1,6.1,5,31.3,18.8,2014,5
NEW,1,2,2,0,1,0,1,25,13,1,3,10,0,3.8,7,28.0,8.0,2014,5
QPR,1,2,1,1,1,0,2,21,6,1,9,6,0,4.5,5,23.8,9.5,2014,5
SOU,1,1,1,0,0,0,0,11,8,0,1,2,0,8.6,4,36.4,9.1,2014,5
STK,1,2,2,0,1,0,0,8,6,2,2,1,0,11.9,4,50.0,25.0,2014,5
SUN,1,0,0,0,0,0,0,14,5,0,3,2,0,6.8,6,42.9,0.0,2014,5
SWA,1,0,0,0,0,0,0,5,4,2,1,2,1,19.0,1,20.0,0.0,2014,5
TOT,1,0,0,0,0,0,0,7,7,0,4,2,0,13.6,1,14.3,0.0,2014,5
WBA,1,1,1,0,1,0,1,10,5,2,6,2,0,9.5,4,40.0,10.0,2014,5
WHU,1,3,3,0,1,0,1,13,6,2,4,3,0,7.3,7,53.8,23.1,2014,5
ARS,1,1,1,0,1,0,0,16,8,1,3,7,0,6.0,6,37.5,6.3,2014,6
AVL,1,0,0,0,0,0,0,7,2,0,2,1,0,13.4,1,14.3,0.0,2014,6
BUR,1,0,0,0,0,0,0,10,3,0,2,4,0,9.4,2,20.0,0.0,2014,6
CHE,1,3,3,0,3,0,0,17,10,4,1,4,0,5.5,7,41.2,17.6,2014,6
CRY,1,2,2,0,1,0,2,16,9,3,5,4,0,5.9,6,37.5,12.5,2014,6
EVE,1,1,0,1,0,0,0,11,3,1,1,1,0,8.5,5,45.5,9.1,2014,6
HUL,1,2,1,1,1,1,0,10,6,2,0,1,0,9.5,5,50.0,20.0,2014,6
LEI,1,0,0,0,0,0,0,7,4,0,1,4,0,13.6,1,14.3,0.0,2014,6
LIV,1,1,0,1,0,0,1,24,11,2,8,9,1,3.9,8,33.3,4.2,2014,6
MCI,1,4,3,1,2,0,0,20,13,2,2,5,1,4.8,6,30.0,20.0,2014,6
MUN,1,2,2,0,0,0,0,8,5,0,0,2,0,12.0,3,37.5,25.0,2014,6
NEW,1,0,0,0,0,0,0,16,7,1,7,8,1,5.9,1,6.3,0.0,2014,6
QPR,1,1,1,0,0,0,0,10,5,0,4,0,1,9.6,2,20.0,10.0,2014,6
SOU,1,2,2,0,0,0,0,19,12,3,4,4,1,5.1,9,47.4,10.5,2014,6
STK,1,1,1,0,1,0,0,12,7,2,3,5,1,7.9,3,25.0,8.3,2014,6
SUN,1,0,0,0,0,0,0,15,6,2,5,6,0,6.3,3,20.0,0.0,2014,6
SWA,1,0,0,0,0,0,0,7,0,0,1,0,0,13.6,1,14.3,0.0,2014,6
TOT,1,1,1,0,1,0,0,6,4,1,2,0,0,16.0,4,66.7,16.7,2014,6
WBA,1,4,4,0,1,0,2,20,9,1,4,8,0,4.7,6,30.0,20.0,2014,6
WHU,1,1,1,0,1,0,1,13,12,1,6,4,1,7.4,4,30.8,7.7,2014,6
ARS,1,0,0,0,0,0,0,10,2,0,1,4,0,9.5,0,0.0,0.0,2014,7
AVL,1,0,0,0,0,0,0,6,2,1,0,1,0,15.8,1,16.7,0.0,2014,7
BUR,1,2,1,1,1,0,1,10,4,1,2,2,0,9.8,4,40.0,20.0,2014,7
CHE,1,2,2,0,2,1,0,5,3,3,0,1,0,19.0,3,60.0,40.0,2014,7
CRY,1,0,0,0,0,0,0,11,4,1,4,5,0,8.7,1,9.1,0.0,2014,7
EVE,1,1,1,0,1,0,1,10,9,4,6,3,0,9.8,5,50.0,10.0,2014,7
HUL,1,2,2,0,1,0,0,15,9,1,3,7,0,6.4,2,13.3,13.3,2014,7
LEI,1,2,2,0,1,0,0,15,9,2,6,6,0,6.5,6,40.0,13.3,2014,7
LIV,1,2,2,0,1,0,0,19,10,3,1,7,0,5.0,7,36.8,10.5,2014,7
MCI,1,2,0,2,0,0,0,27,18,2,7,12,1,3.5,7,25.9,7.4,2014,7
MUN,1,2,2,0,1,0,0,15,7,3,4,3,0,6.5,4,26.7,13.3,2014,7
NEW,1,2,2,0,1,0,0,9,7,1,1,1,0,10.4,4,44.4,22.2,2014,7
QPR,1,0,0,0,0,0,0,10,3,1,1,4,0,9.4,3,30.0,0.0,2014,7
SOU,1,0,0,0,0,0,0,7,4,3,2,3,0,13.4,3,42.9,0.0,2014,7
STK,1,1,1,0,0,0,0,11,5,1,3,2,0,8.6,5,45.5,9.1,2014,7
SUN,1,3,3,0,2,0,2,8,3,3,4,5,0,11.9,3,37.5,37.5,2014,7
SWA,1,2,2,0,2,0,0,11,9,3,3,1,0,8.5,5,45.5,18.2,2014,7
TOT,1,1,0,1,0,0,0,9,5,1,3,3,1,10.4,3,33.3,11.1,2014,7
WBA,1,1,1,0,1,1,0,8,3,2,2,0,0,11.9,4,50.0,12.5,2014,7
WHU,1,2,1,1,1,0,2,11,8,1,6,3,0,8.5,3,27.3,18.2,2014,7
ARS,1,2,2,0,0,0,0,25,16,2,3,10,0,3.9,9,36.0,8.0,2014,8
AVL,1,0,0,0,0,0,0,10,5,0,2,4,0,9.4,2,20.0,0.0,2014,8
BUR,1,1,1,0,0,0,1,17,13,2,2,4,2,5.6,3,17.6,5.9,2014,8
CHE,1,2,1,1,1,0,1,14,7,1,4,2,0,6.8,4,28.6,14.3,2014,8
CRY,1,1,1,0,1,0,0,7,4,2,1,0,0,13.6,4,57.1,14.3,2014,8
EVE,1,3,3,0,2,0,2,15,8,2,5,7,0,6.3,6,40.0,20.0,2014,8
HUL,1,2,2,0,1,0,0,4,3,1,1,0,0,24.3,4,100.0,50.0,2014,8
LEI,1,0,0,0,0,0,0,7,5,2,2,4,0,13.6,2,28.6,0.0,2014,8
LIV,1,3,1,2,0,0,1,15,10,2,1,4,0,6.4,4,26.7,20.0,2014,8
MCI,1,4,4,0,2,2,1,20,17,5,4,4,1,4.7,12,60.0,20.0,2014,8
MUN,1,2,1,1,0,0,0,22,11,0,6,7,1,4.3,7,31.8,9.1,2014,8
NEW,1,1,0,1,0,0,0,19,8,3,8,7,0,5.0,6,31.6,5.3,2014,8
QPR,1,2,1,1,1,0,2,15,11,5,4,2,2,6.4,5,33.3,13.3,2014,8
SOU,1,8,4,4,3,0,0,21,14,5,3,3,0,4.5,9,42.9,38.1,2014,8
STK,1,2,2,0,1,1,0,17,9,2,3,6,0,5.6,3,17.6,11.8,2014,8
SUN,1,0,0,0,0,0,0,13,9,1,8,3,0,7.2,1,7.7,0.0,2014,8
SWA,1,1,1,0,1,1,0,13,6,5,5,5,0,7.3,4,30.8,7.7,2014,8
TOT,1,1,1,0,1,0,0,19,7,4,4,8,0,4.9,7,36.8,5.3,2014,8
WBA,1,2,1,1,1,0,0,8,3,1,1,2,0,11.9,2,25.0,25.0,2014,8
WHU,1,3,3,0,2,0,1,22,16,3,6,8,1,4.4,5,22.7,13.6,2014,8
ARS,1,2,2,0,2,0,0,15,7,2,1,2,0,6.3,5,33.3,13.3,2014,9
AVL,1,0,0,0,0,0,0,15,10,1,2,5,0,6.3,6,40.0,0.0,2014,9
BUR,1,1,1,0,1,0,0,14,8,2,3,5,0,6.8,3,21.4,7.1,2014,9
CHE,1,1,1,0,0,0,1,9,7,2,3,2,0,10.7,4,44.4,11.1,2014,9
CRY,1,2,2,0,2,1,1,8,5,2,3,2,0,12.1,6,75.0,25.0,2014,9
EVE,1,3,2,1,1,0,0,15,8,2,1,5,2,6.3,6,40.0,20.0,2014,9
HUL,1,0,0,0,0,0,0,6,2,0,0,1,0,15.8,3,50.0,0.0,2014,9
LEI,1,0,0,0,0,0,0,9,4,1,2,1,1,10.4,4,44.4,0.0,2014,9
LIV,1,0,0,0,0,0,0,17,6,4,8,8,0,5.6,3,17.6,0.0,2014,9
MCI,1,1,1,0,0,0,0,21,11,4,6,5,2,4.6,5,23.8,4.8,2014,9
MUN,1,1,1,0,1,0,1,19,13,2,6,2,0,5.1,7,36.8,5.3,2014,9
NEW,1,2,2,0,1,0,0,8,4,2,2,2,0,12.0,2,25.0,25.0,2014,9
QPR,1,2,1,1,0,0,0,11,3,1,2,3,1,8.5,4,36.4,18.2,2014,9
SOU,1,1,1,0,0,0,1,20,13,0,7,4,3,4.8,2,10.0,5.0,2014,9
STK,1,0,0,0,0,0,0,8,4,1,0,3,0,11.9,1,12.5,0.0,2014,9
SUN,1,0,0,0,0,0,0,11,8,0,2,3,0,8.6,3,27.3,0.0,2014,9
SWA,1,2,2,0,2,0,0,7,3,3,1,0,1,13.4,3,42.9,28.6,2014,9
TOT,1,1,1,0,1,0,0,18,8,4,4,8,0,5.3,2,11.1,5.6,2014,9
WBA,1,2,2,0,1,1,1,17,8,1,5,4,1,5.7,4,23.5,11.8,2014,9
WHU,1,2,2,0,1,0,0,12,9,3,3,2,0,8.0,4,33.3,16.7,2014,9
ARS,1,3,3,0,2,0,1,32,18,4,13,11,1,2.9,11,34.4,9.4,2014,10
AVL,1,1,1,0,0,0,0,12,9,1,3,2,1,8.1,1,8.3,8.3,2014,10
BUR,1,0,0,0,0,0,0,6,3,1,1,1,0,15.7,2,33.3,0.0,2014,10
CHE,1,2,2,0,1,1,0,18,9,2,3,3,0,5.2,8,44.4,11.1,2014,10
CRY,1,1,0,1,0,0,1,9,6,1,3,5,0,10.7,1,11.1,11.1,2014,10
EVE,1,0,0,0,0,0,0,17,6,1,6,6,0,5.6,3,17.6,0.0,2014,10
HUL,1,0,0,0,0,0,0,8,3,0,2,3,0,11.9,1,12.5,0.0,2014,10
LEI,1,0,0,0,0,0,0,14,11,3,6,2,0,6.9,5,35.7,0.0,2014,10
LIV,1,0,0,0,0,0,0,6,2,0,2,1,0,15.7,3,50.0,0.0,2014,10
MCI,1,1,1,0,1,0,0,17,12,4,4,5,1,5.6,6,35.3,5.9,2014,10
MUN,1,0,0,0,0,0,0,9,7,1,4,2,0,10.7,2,22.2,0.0,2014,10
NEW,1,1,1,0,1,0,0,14,7,2,6,6,0,6.7,2,14.3,7.1,2014,10
QPR,1,1,1,0,0,0,0,7,3,0,1,4,0,13.4,1,14.3,14.3,2014,10
SOU,1,1,0,1,0,0,0,10,7,3,1,2,0,9.5,3,30.0,10.0,2014,10
STK,1,2,2,0,1,0,0,21,12,5,5,5,1,4.5,6,28.6,9.5,2014,10
SUN,1,3,2,1,1,0,0,8,6,1,3,1,0,12.0,7,87.5,37.5,2014,10
SWA,1,0,0,0,0,0,0,8,4,1,0,3,0,11.9,1,12.5,0.0,2014,10
TOT,1,2,1,1,1,0,2,18,11,4,7,5,0,5.4,7,38.9,11.1,2014,10
WBA,1,1,0,1,0,0,0,8,3,0,1,3,0,12.0,3,37.5,12.5,2014,10
WHU,1,2,2,0,0,0,0,10,7,0,1,4,0,9.4,2,20.0,20.0,2014,10
ARS,1,1,1,0,1,0,0,12,7,4,2,5,0,7.9,4,33.3,8.3,2014,11
AVL,1,0,0,0,0,0,0,12,5,0,2,2,0,8.0,4,33.3,0.0,2014,11
BUR,1,1,1,0,1,0,0,14,7,2,6,7,0,6.8,3,21.4,7.1,2014,11
CHE,1,2,2,0,2,0,1,15,12,3,2,7,0,6.4,5,33.3,13.3,2014,11
CRY,1,0,0,0,0,0,0,6,3,1,1,3,0,15.7,1,16.7,0.0,2014,11
EVE,1,1,1,0,1,1,0,16,7,1,0,3,0,6.0,7,43.8,6.3,2014,11
HUL,1,0,0,0,0,0,0,12,7,0,4,3,0,7.9,1,8.3,0.0,2014,11
LEI,1,0,0,0,0,0,0,5,3,1,2,1,0,18.8,0,0.0,0.0,2014,11
LIV,1,1,0,1,0,0,0,12,5,0,3,7,0,8.0,4,33.3,8.3,2014,11
MCI,1,2,2,0,1,0,0,24,17,1,7,10,0,4.0,5,20.8,8.3,2014,11
MUN,1,1,0,1,0,0,0,23,8,0,5,12,1,4.1,4,17.4,4.3,2014,11
NEW,1,2,2,0,1,0,1,8,5,1,4,2,1,11.6,3,37.5,25.0,2014,11
QPR,1,2,1,1,1,0,0,17,11,2,7,6,0,5.6,4,23.5,11.8,2014,11
SOU,1,2,2,0,1,0,0,18,12,1,7,6,0,5.2,6,33.3,11.1,2014,11
STK,1,2,1,1,1,0,0,11,9,1,3,3,0,8.7,4,36.4,18.2,2014,11
SUN,1,1,0,1,0,0,1,10,4,0,5,4,0,9.6,2,20.0,10.0,2014,11
SWA,1,2,1,1,0,0,1,11,5,0,3,1,0,8.6,5,45.5,18.2,2014,11
TOT,1,1,1,0,0,0,0,14,6,1,7,3,0,6.9,4,28.6,7.1,2014,11
WBA,1,0,0,0,0,0,0,10,5,1,2,3,0,9.3,2,20.0,0.0,2014,11
WHU,1,0,0,0,0,0,0,21,16,1,6,9,0,4.5,5,23.8,0.0,2014,11
ARS,1,1,1,1,0,0,0,23,13,2,6,6,0,4.3,9,39.1,4.3,2014,12
AVL,1,1,1,0,1,0,0,7,3,2,3,4,0,13.4,1,14.3,14.3,2014,12
BUR,1,2,2,0,2,0,0,5,3,2,0,0,0,19.2,4,80.0,40.0,2014,12
CHE,1,2,2,0,1,0,1,21,12,8,8,5,0,4.5,8,38.1,9.5,2014,12
CRY,1,3,2,1,2,0,1,15,6,2,2,6,1,6.3,5,33.3,20.0,2014,12
EVE,1,2,2,0,2,0,0,14,7,3,1,4,0,6.9,4,28.6,14.3,2014,12
HUL,1,1,0,1,0,0,0,10,9,1,2,2,0,9.5,2,20.0,10.0,2014,12
LEI,1,0,0,0,0,0,0,13,7,1,3,2,0,7.3,4,30.8,0.0,2014,12
LIV,1,1,1,0,1,0,0,12,7,1,5,2,0,7.9,1,8.3,8.3,2014,12
MCI,1,2,2,0,2,0,0,23,17,2,0,7,0,4.2,10,43.5,8.7,2014,12
MUN,1,2,1,1,1,0,0,12,9,2,5,4,0,8.3,2,16.7,16.7,2014,12
NEW,1,1,1,0,0,0,0,14,9,2,5,4,0,6.9,6,42.9,7.1,2014,12
QPR,1,0,0,0,0,0,0,13,7,0,3,5,0,7.4,4,30.8,0.0,2014,12
SOU,1,1,1,0,0,0,0,16,11,0,7,6,0,5.9,4,25.0,6.3,2014,12
STK,1,1,1,0,1,0,1,25,13,3,9,8,0,3.8,3,12.0,4.0,2014,12
SUN,1,0,0,0,0,0,0,11,6,1,5,3,0,8.6,5,45.5,0.0,2014,12
SWA,1,1,1,0,1,0,0,8,4,2,2,2,0,12.0,3,37.5,12.5,2014,12
TOT,1,2,1,1,1,0,1,23,8,3,8,9,1,4.1,6,26.1,8.7,2014,12
WBA,1,0,0,0,0,0,0,5,0,0,1,0,0,18.8,1,20.0,0.0,2014,12
WHU,1,1,0,1,0,0,0,14,10,1,5,2,0,6.9,3,21.4,7.1,2014,12
ARS,1,1,1,0,0,0,0,17,8,0,2,6,0,5.6,5,29.4,5.9,2014,13
AVL,1,1,1,0,0,0,0,18,10,0,5,9,0,5.3,7,38.9,5.6,2014,13
BUR,1,1,1,0,1,1,0,11,8,5,0,3,1,8.7,4,36.4,9.1,2014,13
CHE,1,0,0,0,0,0,0,24,6,0,2,10,1,3.9,6,25.0,0.0,2014,13
CRY,1,1,1,0,1,1,0,11,4,2,1,3,0,8.6,5,45.5,9.1,2014,13
EVE,1,1,0,1,0,0,0,10,3,2,1,2,0,9.4,5,50.0,10.0,2014,13
HUL,1,0,0,0,0,0,0,4,4,0,2,0,0,23.5,2,50.0,0.0,2014,13
LEI,1,2,0,2,0,0,1,19,13,3,2,5,1,5.1,4,21.1,10.5,2014,13
LIV,1,1,1,0,1,0,0,16,9,1,4,6,1,6.1,3,18.8,6.3,2014,13
MCI,1,3,1,2,1,0,0,15,7,3,3,2,0,6.4,5,33.3,20.0,2014,13
MUN,1,3,1,2,0,0,1,15,9,2,5,6,0,6.3,5,33.3,20.0,2014,13
NEW,1,0,0,0,0,0,0,7,3,0,1,0,0,13.6,1,14.3,0.0,2014,13
QPR,1,3,2,1,2,0,1,33,21,4,13,15,0,2.9,5,15.2,9.1,2014,13
SOU,1,0,0,0,0,0,0,13,4,2,3,4,0,7.4,4,30.8,0.0,2014,13
STK,1,0,0,0,0,0,0,13,6,1,3,6,1,7.5,3,23.1,0.0,2014,13
SUN,1,0,0,0,0,0,0,12,4,2,1,4,1,7.8,3,25.0,0.0,2014,13
SWA,1,1,1,0,0,0,0,18,8,2,3,3,0,5.3,4,22.2,5.6,2014,13
TOT,1,2,2,0,2,0,0,13,3,4,1,3,0,7.2,6,46.2,15.4,2014,13
WBA,1,0,0,0,0,0,0,8,4,0,2,3,1,11.9,1,12.5,0.0,2014,13
WHU,1,1,1,0,1,0,0,12,5,2,2,3,0,7.9,3,25.0,8.3,2014,13
ARS,1,1,1,0,1,0,0,19,14,4,3,4,0,5.0,8,42.1,5.3,2014,14
AVL,1,1,1,1,0,0,0,5,1,0,2,1,0,19.0,3,60.0,20.0,2014,14
BUR,1,1,0,1,0,0,0,12,9,0,4,3,0,7.9,2,16.7,8.3,2014,14
CHE,1,3,3,0,2,0,0,12,9,2,2,1,0,7.8,8,66.7,25.0,2014,14
CRY,1,0,0,0,0,0,0,17,9,0,4,6,0,5.6,5,29.4,0.0,2014,14
EVE,1,1,1,0,1,0,0,13,7,1,5,3,0,7.5,5,38.5,7.7,2014,14
HUL,1,1,1,0,0,0,0,8,6,0,1,3,0,12.3,1,12.5,12.5,2014,14
LEI,1,1,0,1,0,0,0,20,7,2,7,7,1,4.9,3,15.0,5.0,2014,14
LIV,1,3,3,0,2,0,1,11,6,3,4,5,0,8.8,3,27.3,27.3,2014,14
MCI,1,4,4,0,1,0,0,15,9,1,0,1,0,6.3,4,26.7,26.7,2014,14
MUN,1,2,1,1,1,0,1,10,8,4,3,2,0,9.5,3,30.0,20.0,2014,14
NEW,1,1,1,0,1,0,0,11,7,1,2,2,0,8.6,4,36.4,9.1,2014,14
QPR,1,0,0,0,0,0,0,5,2,1,2,1,0,18.8,1,20.0,0.0,2014,14
SOU,1,0,0,0,0,0,0,6,3,1,1,2,0,15.8,1,16.7,0.0,2014,14
STK,1,1,0,1,0,0,0,5,3,3,2,1,0,19.0,3,60.0,20.0,2014,14
SUN,1,1,1,0,0,0,0,8,5,0,3,5,0,11.8,2,25.0,12.5,2014,14
SWA,1,2,1,1,0,0,0,19,12,1,4,7,1,4.9,7,36.8,10.5,2014,14
TOT,1,0,0,0,0,0,0,10,4,0,3,1,1,9.4,2,20.0,0.0,2014,14
WBA,1,1,1,0,1,0,1,22,14,1,7,8,0,4.3,5,22.7,4.5,2014,14
WHU,1,2,2,0,1,0,2,12,6,1,5,5,0,7.9,6,50.0,16.7,2014,14
ARS,1,2,2,0,1,1,1,14,11,3,4,3,1,6.9,6,42.9,14.3,2014,15
AVL,1,2,2,0,1,0,1,16,14,3,3,4,0,5.9,7,43.8,12.5,2014,15
BUR,1,0,0,0,0,0,0,15,9,1,7,5,0,6.3,3,20.0,0.0,2014,15
CHE,1,1,1,0,1,0,1,26,17,2,5,5,1,3.7,8,30.8,3.8,2014,15
CRY,1,0,0,0,0,0,0,16,12,1,6,6,0,5.8,4,25.0,0.0,2014,15
EVE,1,0,0,0,0,0,0,9,4,0,2,5,0,10.7,2,22.2,0.0,2014,15
HUL,1,0,0,0,0,0,0,12,6,1,3,3,0,7.8,2,16.7,0.0,2014,15
LEI,1,1,1,0,1,0,0,10,5,1,0,1,0,9.5,4,40.0,10.0,2014,15
LIV,1,0,0,0,0,0,0,15,6,0,1,7,0,6.3,2,13.3,0.0,2014,15
MCI,1,1,1,0,1,1,0,19,13,3,4,12,0,5.1,3,15.8,5.3,2014,15
MUN,1,2,2,0,2,0,1,3,2,2,1,0,0,31.7,2,66.7,66.7,2014,15
NEW,1,2,2,0,2,0,0,10,5,2,2,3,0,9.7,3,30.0,20.0,2014,15
QPR,1,2,2,0,1,0,0,11,6,3,2,5,0,8.6,5,45.5,18.2,2014,15
SOU,1,1,1,0,1,0,0,15,12,3,3,3,0,6.3,4,26.7,6.7,2014,15
STK,1,3,3,0,3,0,1,13,8,4,4,3,0,7.4,4,30.8,23.1,2014,15
SUN,1,0,0,0,0,0,0,7,3,0,4,2,0,13.4,1,14.3,0.0,2014,15
SWA,1,1,1,0,1,0,0,11,7,1,3,5,1,8.7,2,18.2,9.1,2014,15
TOT,1,0,0,0,0,0,0,14,9,1,1,4,0,6.6,2,14.3,0.0,2014,15
WBA,1,0,0,0,0,0,0,6,3,1,3,2,0,15.7,3,50.0,0.0,2014,15
WHU,1,3,3,0,1,0,1,15,12,4,7,5,1,6.4,7,46.7,20.0,2014,15
ARS,1,4,4,0,3,1,0,17,11,3,4,5,1,5.5,4,23.5,23.5,2014,16
AVL,1,0,0,0,0,0,0,7,3,0,2,2,0,13.7,2,28.6,0.0,2014,16
BUR,1,1,1,0,0,0,0,7,2,0,2,2,0,13.6,2,28.6,14.3,2014,16
CHE,1,2,2,0,1,0,0,12,6,1,4,6,0,7.8,3,25.0,16.7,2014,16
CRY,1,1,1,0,0,0,0,11,5,0,3,5,0,8.5,3,27.3,9.1,2014,16
EVE,1,3,1,3,0,0,1,13,5,1,2,4,1,7.4,5,38.5,23.1,2014,16
HUL,1,0,0,0,0,0,0,8,3,0,4,2,0,11.8,0,0.0,0.0,2014,16
LEI,1,0,0,0,0,0,0,7,2,0,4,3,0,13.7,1,14.3,0.0,2014,16
LIV,1,0,0,0,0,0,0,19,10,3,6,7,0,4.9,8,42.1,0.0,2014,16
MCI,1,1,1,0,1,0,0,9,6,1,2,1,0,10.7,4,44.4,11.1,2014,16
MUN,1,3,3,0,2,0,0,11,7,3,2,2,0,8.5,6,54.5,27.3,2014,16
NEW,1,1,1,0,0,0,1,10,4,1,6,4,0,9.4,4,40.0,10.0,2014,16
QPR,1,1,1,0,1,0,0,17,5,1,6,4,0,5.6,4,23.5,5.9,2014,16
SOU,1,0,0,0,0,0,0,15,7,2,5,1,0,6.3,4,26.7,0.0,2014,16
STK,1,1,1,0,1,0,0,7,5,1,2,4,0,13.4,3,42.9,14.3,2014,16
SUN,1,1,1,0,1,1,0,13,6,2,3,5,0,7.4,4,30.8,7.7,2014,16
SWA,1,1,1,0,1,0,0,15,11,2,3,7,0,6.3,3,20.0,6.7,2014,16
TOT,1,2,2,0,0,0,1,10,5,1,3,3,0,9.5,4,40.0,20.0,2014,16
WBA,1,1,1,0,1,0,0,13,7,4,2,2,0,7.3,5,38.5,7.7,2014,16
WHU,1,1,0,1,0,0,0,20,12,0,5,5,0,4.8,7,35.0,5.0,2014,16
ARS,1,2,2,0,1,0,1,7,4,1,2,1,0,14.3,3,42.9,28.6,2014,17
AVL,1,1,1,0,0,0,1,10,6,0,5,4,0,9.4,4,40.0,10.0,2014,17
BUR,1,1,0,1,0,0,0,9,5,0,4,0,0,10.4,5,55.6,11.1,2014,17
CHE,1,2,2,0,0,0,1,15,6,2,2,4,0,6.5,6,40.0,13.3,2014,17
CRY,1,0,0,0,0,0,0,6,4,1,5,1,0,15.7,1,16.7,0.0,2014,17
EVE,1,0,0,0,0,0,0,13,7,0,2,2,0,7.2,4,30.8,0.0,2014,17
HUL,1,0,0,0,0,0,0,11,5,1,3,2,1,8.7,3,27.3,0.0,2014,17
LEI,1,0,0,0,0,0,0,10,6,1,1,4,0,9.4,4,40.0,0.0,2014,17
LIV,1,2,2,0,0,0,1,27,15,1,6,4,0,3.7,10,37.0,7.4,2014,17
MCI,1,3,3,0,0,0,1,15,10,1,3,4,0,6.3,3,20.0,20.0,2014,17
MUN,1,1,1,0,0,0,0,16,9,1,1,4,0,5.9,9,56.3,6.3,2014,17
NEW,1,0,0,0,0,0,0,15,8,0,3,1,0,6.4,7,46.7,0.0,2014,17
QPR,1,3,3,0,3,1,2,17,11,5,6,8,0,5.5,7,41.2,17.6,2014,17
SOU,1,3,2,1,1,0,2,11,7,4,2,2,0,8.5,3,27.3,27.3,2014,17
STK,1,0,0,0,0,0,0,13,4,0,2,7,0,7.5,2,15.4,0.0,2014,17
SUN,1,1,1,0,1,0,0,16,9,3,3,2,1,6.0,3,18.8,6.3,2014,17
SWA,1,1,1,0,0,0,0,13,7,1,3,4,1,7.4,3,23.1,7.7,2014,17
TOT,1,2,1,1,1,0,1,23,11,2,7,6,0,4.1,6,26.1,8.7,2014,17
WBA,1,2,2,0,1,0,1,16,11,1,2,4,1,5.9,6,37.5,12.5,2014,17
WHU,1,2,1,1,1,0,0,10,9,2,6,3,0,9.4,2,20.0,20.0,2014,17
ARS,1,2,2,0,2,0,0,15,9,3,3,4,0,6.3,5,33.3,13.3,2014,18
AVL,1,0,0,0,0,0,0,11,8,3,4,1,0,8.6,3,27.3,0.0,2014,18
BUR,1,0,0,0,0,0,0,16,6,0,6,4,1,5.9,0,0.0,0.0,2014,18
CHE,1,2,2,0,1,0,1,28,16,4,10,6,0,3.4,9,32.1,7.1,2014,18
CRY,1,1,1,0,0,0,1,12,5,0,3,4,0,7.9,4,33.3,8.3,2014,18
EVE,1,0,0,0,0,0,0,16,5,2,5,7,0,6.1,4,25.0,0.0,2014,18
HUL,1,3,2,1,1,0,1,13,4,1,4,4,0,7.5,5,38.5,23.1,2014,18
LEI,1,1,1,0,0,0,0,22,15,1,7,6,2,4.4,6,27.3,4.5,2014,18
LIV,1,1,1,0,1,0,0,10,4,1,1,5,0,9.4,3,30.0,10.0,2014,18
MCI,1,3,3,0,1,1,0,9,8,2,0,2,0,10.4,5,55.6,33.3,2014,18
MUN,1,3,3,0,3,0,0,9,8,3,1,1,0,10.6,4,44.4,33.3,2014,18
NEW,1,1,1,0,1,1,0,8,5,2,3,2,0,11.9,4,50.0,12.5,2014,18
QPR,1,1,1,0,1,1,0,16,7,1,3,8,0,5.9,2,12.5,6.3,2014,18
SOU,1,3,3,0,1,0,1,13,7,1,4,2,0,7.3,6,46.2,23.1,2014,18
STK,1,1,1,0,1,1,0,12,7,1,1,5,0,8.1,2,16.7,8.3,2014,18
SUN,1,1,1,0,1,0,0,12,9,1,5,7,0,8.2,2,16.7,8.3,2014,18
SWA,1,1,0,1,0,0,1,7,4,1,2,2,0,13.6,2,28.6,14.3,2014,18
TOT,1,2,1,1,1,0,1,8,4,2,2,1,0,12.1,3,37.5,25.0,2014,18
WBA,1,1,1,0,1,0,1,18,11,6,6,6,0,5.2,6,33.3,5.6,2014,18
WHU,1,0,0,0,0,0,0,6,4,1,1,0,1,15.7,0,0.0,0.0,2014,18
ARS,1,2,2,0,2,1,1,21,15,4,6,6,0,4.6,7,33.3,9.5,2014,19
AVL,1,0,0,0,0,0,0,14,9,0,3,3,0,6.7,2,14.3,0.0,2014,19
BUR,1,2,2,0,1,0,1,12,7,1,5,4,0,8.0,3,25.0,16.7,2014,19
CHE,1,1,1,0,0,0,0,7,5,0,0,4,0,13.7,1,14.3,14.3,2014,19
CRY,1,0,0,0,0,0,0,10,4,0,2,1,1,9.4,3,30.0,0.0,2014,19
EVE,1,2,2,0,2,0,0,9,7,2,2,1,0,10.6,2,22.2,22.2,2014,19
HUL,1,0,0,0,0,0,0,19,11,2,6,8,2,5.1,4,21.1,0.0,2014,19
LEI,1,1,0,1,0,0,0,4,2,0,0,0,0,24.0,2,50.0,25.0,2014,19
LIV,1,4,2,2,2,0,1,21,12,4,2,3,2,4.5,11,52.4,19.0,2014,19
MCI,1,2,1,1,0,0,0,17,13,1,4,6,0,5.6,6,35.3,11.8,2014,19
MUN,1,0,0,0,0,0,0,9,7,4,2,2,0,10.4,5,55.6,0.0,2014,19
NEW,1,3,3,0,2,0,1,13,10,3,3,3,1,7.3,6,46.2,23.1,2014,19
QPR,1,0,0,0,0,0,0,11,5,0,8,7,0,8.5,2,18.2,0.0,2014,19
SOU,1,1,1,0,1,0,0,9,4,1,4,1,0,10.7,1,11.1,11.1,2014,19
STK,1,2,2,0,1,0,0,13,6,2,2,4,0,7.2,3,23.1,15.4,2014,19
SUN,1,0,0,0,0,0,0,14,7,0,1,6,1,6.7,3,21.4,0.0,2014,19
SWA,1,1,1,0,1,0,0,11,7,1,3,2,0,8.5,4,36.4,9.1,2014,19
TOT,1,0,0,0,0,0,0,9,3,1,3,2,0,10.4,4,44.4,0.0,2014,19
WBA,1,0,0,0,0,0,0,15,5,2,3,4,1,6.3,4,26.7,0.0,2014,19
WHU,1,1,1,0,0,0,1,14,7,2,5,1,0,6.9,4,28.6,7.1,2014,19
ARS,1,0,0,0,0,0,0,11,5,1,1,1,0,8.6,6,54.5,0.0,2014,20
AVL,1,0,0,0,0,0,0,14,8,2,7,4,0,6.7,3,21.4,0.0,2014,20
BUR,1,3,2,1,0,0,0,15,8,2,2,3,4,6.4,4,26.7,20.0,2014,20
CHE,1,3,3,0,3,0,1,19,14,4,3,3,1,5.1,7,36.8,15.8,2014,20
CRY,1,0,0,0,0,0,0,6,2,1,0,2,1,15.7,0,0.0,0.0,2014,20
EVE,1,0,0,0,0,0,0,9,3,2,3,1,0,10.6,3,33.3,0.0,2014,20
HUL,1,2,2,0,2,0,0,14,9,3,5,3,0,6.8,5,35.7,14.3,2014,20
LEI,1,2,0,2,0,0,0,16,6,1,9,5,1,5.9,3,18.8,12.5,2014,20
LIV,1,2,2,0,2,2,0,18,11,2,2,3,0,5.3,6,33.3,11.1,2014,20
MCI,1,3,2,1,1,0,0,32,24,5,5,9,1,3.0,12,37.5,9.4,2014,20
MUN,1,1,1,0,1,0,1,6,5,1,3,0,0,15.5,2,33.3,16.7,2014,20
NEW,1,3,2,1,1,0,1,10,7,3,3,3,0,9.6,4,40.0,30.0,2014,20
QPR,1,1,0,1,0,0,0,24,13,7,3,10,2,4.0,6,25.0,4.2,2014,20
SOU,1,2,1,1,1,0,0,13,10,3,0,3,2,7.3,5,38.5,15.4,2014,20
STK,1,1,1,0,1,0,1,11,10,2,8,4,1,8.5,2,18.2,9.1,2014,20
SUN,1,2,2,0,1,1,1,4,3,1,2,0,0,24.0,4,100.0,50.0,2014,20
SWA,1,1,1,0,0,0,0,25,15,2,6,9,0,3.8,5,20.0,4.0,2014,20
TOT,1,5,4,1,2,1,0,11,8,3,0,1,1,8.7,8,72.7,45.5,2014,20
WBA,1,1,1,0,1,0,0,14,8,1,1,3,0,6.8,3,21.4,7.1,2014,20
WHU,1,1,1,0,1,0,0,8,6,1,1,2,1,11.9,3,37.5,12.5,2014,20
ARS,1,3,2,1,1,0,2,14,7,3,2,1,1,6.6,6,42.9,21.4,2014,21
AVL,1,0,0,0,0,0,0,12,8,1,4,5,0,8.0,1,8.3,0.0,2014,21
BUR,1,2,2,0,0,0,1,18,14,3,8,6,0,5.3,7,38.9,11.1,2014,21
CHE,1,2,2,0,1,0,1,9,7,1,2,2,0,10.6,4,44.4,22.2,2014,21
CRY,1,2,2,0,1,1,0,21,15,3,9,7,0,4.6,7,33.3,9.5,2014,21
EVE,1,1,1,0,1,0,1,11,4,2,5,3,1,8.5,4,36.4,9.1,2014,21
HUL,1,0,0,0,0,0,0,12,5,0,1,3,0,7.8,2,16.7,0.0,2014,21
LEI,1,1,1,0,0,0,0,11,9,4,0,3,1,8.7,3,27.3,9.1,2014,21
LIV,1,1,1,0,1,0,0,21,11,2,7,7,1,4.5,4,19.0,4.8,2014,21
MCI,1,1,1,0,1,0,0,18,8,1,7,5,0,5.2,2,11.1,5.6,2014,21
MUN,1,0,0,0,0,0,0,10,8,2,1,2,0,9.6,0,0.0,0.0,2014,21
NEW,1,0,0,0,0,0,0,11,6,0,3,5,1,8.6,4,36.4,0.0,2014,21
QPR,1,1,1,0,1,1,0,17,8,2,5,5,1,5.6,7,41.2,5.9,2014,21
SOU,1,1,1,0,0,0,0,9,9,2,2,3,1,10.7,1,11.1,11.1,2014,21
STK,1,0,0,0,0,0,0,7,4,0,2,1,0,13.3,2,28.6,0.0,2014,21
SUN,1,0,0,0,0,0,0,5,1,0,2,2,1,19.0,1,20.0,0.0,2014,21
SWA,1,1,0,1,0,0,1,19,7,2,4,11,1,5.0,3,15.8,5.3,2014,21
TOT,1,1,1,0,0,0,0,9,4,1,2,1,0,10.8,5,55.6,11.1,2014,21
WBA,1,1,1,0,0,0,1,9,5,1,2,1,0,10.3,3,33.3,11.1,2014,21
WHU,1,1,1,0,0,0,0,11,6,0,5,2,0,8.6,4,36.4,9.1,2014,21
ARS,1,2,2,0,2,1,1,9,7,2,2,2,0,10.6,3,33.3,22.2,2014,22
AVL,1,0,0,0,0,0,0,15,10,1,4,4,0,6.3,4,26.7,0.0,2014,22
BUR,1,2,2,0,2,0,1,8,6,2,3,4,0,11.8,3,37.5,25.0,2014,22
CHE,1,5,4,1,3,0,0,21,11,4,1,2,2,4.4,11,52.4,23.8,2014,22
CRY,1,3,2,1,0,0,0,11,7,0,5,2,1,8.5,4,36.4,27.3,2014,22
EVE,1,0,0,0,0,0,0,17,6,1,3,9,1,5.6,4,23.5,0.0,2014,22
HUL,1,0,0,0,0,0,0,9,4,0,1,3,0,10.4,3,33.3,0.0,2014,22
LEI,1,0,0,0,0,0,0,7,4,0,1,1,0,13.4,3,42.9,0.0,2014,22
LIV,1,2,2,0,1,0,0,12,10,2,2,2,0,7.9,5,41.7,16.7,2014,22
MCI,1,0,0,0,0,0,0,12,11,0,1,5,0,7.9,4,33.3,0.0,2014,22
MUN,1,2,2,0,1,0,0,12,7,3,1,3,0,8.0,7,58.3,16.7,2014,22
NEW,1,1,1,0,0,0,0,16,9,1,4,4,0,6.0,3,18.8,6.3,2014,22
QPR,1,0,0,0,0,0,0,18,9,0,4,4,0,5.3,4,22.2,0.0,2014,22
SOU,1,2,2,0,0,0,0,5,5,0,1,1,0,19.2,3,60.0,40.0,2014,22
STK,1,1,1,0,0,0,0,13,5,1,3,4,0,7.2,3,23.1,7.7,2014,22
SUN,1,1,0,1,0,0,1,8,5,2,3,2,0,11.9,4,50.0,12.5,2014,22
SWA,1,0,0,0,0,0,0,11,1,0,0,5,1,8.4,0,0.0,0.0,2014,22
TOT,1,2,1,2,0,0,1,26,9,0,3,11,1,3.7,7,26.9,7.7,2014,22
WBA,1,0,0,0,0,0,0,5,2,0,1,3,0,19.0,0,0.0,0.0,2014,22
WHU,1,3,3,0,3,0,0,17,11,4,5,4,1,5.5,6,35.3,17.6,2014,22
ARS,1,5,4,1,2,1,0,13,8,3,1,2,2,7.2,8,61.5,38.5,2014,23
AVL,1,0,0,0,0,0,0,9,4,1,1,2,0,10.4,2,22.2,0.0,2014,23
BUR,1,0,0,0,0,0,0,13,9,1,3,2,0,7.2,4,30.8,0.0,2014,23
CHE,1,1,1,0,1,0,0,3,2,1,1,0,0,31.3,2,66.7,33.3,2014,23
CRY,1,0,0,0,0,0,0,13,6,1,5,6,0,7.4,2,15.4,0.0,2014,23
EVE,1,1,1,0,1,0,0,14,7,1,2,6,0,6.9,2,14.3,7.1,2014,23
HUL,1,0,0,0,0,0,0,13,7,2,6,3,0,7.2,7,53.8,0.0,2014,23
LEI,1,1,1,0,1,0,1,4,3,1,1,0,0,23.5,1,25.0,25.0,2014,23
LIV,1,2,2,0,2,0,0,21,12,3,2,5,0,4.5,7,33.3,9.5,2014,23
MCI,1,1,1,0,1,0,0,9,8,1,0,1,0,10.4,5,55.6,11.1,2014,23
MUN,1,3,2,1,2,0,1,12,7,3,2,3,0,7.8,5,41.7,25.0,2014,23
NEW,1,3,0,3,0,0,0,12,3,0,2,2,0,7.8,5,41.7,25.0,2014,23
QPR,1,1,1,0,1,0,0,14,7,2,6,4,0,6.8,4,28.6,7.1,2014,23
SOU,1,0,0,0,0,0,0,15,9,2,2,7,0,6.5,4,26.7,0.0,2014,23
STK,1,3,2,1,0,0,1,15,7,0,4,1,0,6.3,3,20.0,20.0,2014,23
SUN,1,2,2,0,2,0,0,8,4,2,2,3,0,11.8,3,37.5,25.0,2014,23
SWA,1,1,0,1,0,0,0,6,2,0,2,2,1,16.2,1,16.7,16.7,2014,23
TOT,1,3,2,1,1,1,1,14,6,1,3,3,0,6.8,4,28.6,21.4,2014,23
WBA,1,0,0,0,0,0,0,13,9,0,6,4,1,7.3,4,30.8,0.0,2014,23
WHU,1,0,0,0,0,0,0,7,5,0,4,3,0,13.4,2,28.6,0.0,2014,23
ARS,1,1,1,0,1,0,0,7,5,1,1,1,0,13.6,3,42.9,14.3,2014,24
AVL,1,1,1,0,1,0,1,8,6,1,2,2,0,12.1,1,12.5,12.5,2014,24
BUR,1,2,2,0,1,0,0,12,7,1,3,6,0,7.8,4,33.3,16.7,2014,24
CHE,1,2,2,0,1,0,0,12,8,1,2,3,0,8.1,5,41.7,16.7,2014,24
CRY,1,1,1,0,1,0,1,14,10,1,7,4,0,6.8,2,14.3,7.1,2014,24
EVE,1,0,0,0,0,0,0,6,3,0,3,1,0,15.7,1,16.7,0.0,2014,24
HUL,1,1,1,0,1,0,0,7,4,2,1,1,2,13.7,3,42.9,14.3,2014,24
LEI,1,0,0,0,0,0,0,19,14,1,5,6,1,5.0,5,26.3,0.0,2014,24
LIV,1,0,0,0,0,0,0,17,10,0,3,7,1,5.5,6,35.3,0.0,2014,24
MCI,1,1,0,1,0,0,1,18,11,0,7,8,1,5.3,5,27.8,5.6,2014,24
MUN,1,1,1,0,0,0,1,18,11,1,6,6,0,5.3,6,33.3,5.6,2014,24
NEW,1,1,1,0,0,0,0,9,7,2,0,2,0,10.6,3,33.3,11.1,2014,24
QPR,1,0,0,0,0,0,0,12,7,1,5,3,0,8.0,3,25.0,0.0,2014,24
SOU,1,1,1,0,0,0,0,16,7,0,3,3,1,6.0,5,31.3,6.3,2014,24
STK,1,1,1,0,0,0,0,7,3,0,0,2,0,13.6,3,42.9,14.3,2014,24
SUN,1,1,0,1,0,0,0,4,0,0,0,1,0,23.5,1,25.0,25.0,2014,24
SWA,1,1,1,0,1,0,0,16,7,3,5,3,0,5.9,7,43.8,6.3,2014,24
TOT,1,2,2,0,1,0,1,23,8,1,7,5,0,4.1,8,34.8,8.7,2014,24
WBA,1,2,2,0,2,0,2,12,9,3,6,5,0,7.8,4,33.3,16.7,2014,24
WHU,1,1,1,0,0,0,1,13,9,1,8,1,0,7.3,6,46.2,7.7,2014,24
ARS,1,2,2,0,2,0,1,17,9,3,8,7,0,5.6,7,41.2,11.8,2014,25
AVL,1,0,0,0,0,0,0,11,5,0,1,2,0,8.6,4,36.4,0.0,2014,25
BUR,1,1,1,0,1,0,0,13,10,2,6,4,0,7.3,3,23.1,7.7,2014,25
CHE,1,1,0,1,0,0,1,21,11,0,6,6,0,4.5,7,33.3,4.8,2014,25
CRY,1,1,1,0,1,0,0,7,7,1,4,1,0,13.4,3,42.9,14.3,2014,25
EVE,1,0,0,0,0,0,0,7,2,1,1,1,0,13.6,4,57.1,0.0,2014,25
HUL,1,2,2,0,1,0,0,10,6,1,2,2,0,9.5,4,40.0,20.0,2014,25
LEI,1,1,1,0,0,0,1,11,10,2,3,2,0,8.7,4,36.4,9.1,2014,25
LIV,1,3,3,0,2,1,0,16,9,3,2,4,1,5.9,7,43.8,18.8,2014,25
MCI,1,4,3,1,2,1,0,14,9,3,2,3,0,6.7,8,57.1,28.6,2014,25
MUN,1,3,3,0,2,1,2,11,7,2,3,2,0,8.6,6,54.5,27.3,2014,25
NEW,1,1,1,0,1,0,0,5,1,1,1,1,0,18.8,1,20.0,20.0,2014,25
QPR,1,2,2,0,1,0,0,19,11,1,5,7,1,5.1,4,21.1,10.5,2014,25
SOU,1,0,0,0,0,0,0,21,10,1,5,7,0,4.6,7,33.3,0.0,2014,25
STK,1,1,1,0,1,0,0,16,6,1,5,5,0,5.9,4,25.0,6.3,2014,25
SUN,1,0,0,0,0,0,0,18,11,2,5,8,0,5.3,6,33.3,0.0,2014,25
SWA,1,0,0,0,0,0,0,10,5,0,3,1,0,9.5,3,30.0,0.0,2014,25
TOT,1,2,2,0,2,0,1,14,6,2,4,6,0,6.8,5,35.7,14.3,2014,25
WBA,1,2,2,0,0,0,0,12,6,0,3,4,0,7.9,4,33.3,16.7,2014,25
WHU,1,0,0,0,0,0,0,4,1,0,1,3,0,24.0,1,25.0,0.0,2014,25
ARS,1,2,2,0,2,1,0,12,7,4,4,3,1,8.0,4,33.3,16.7,2014,26
AVL,1,1,1,0,0,0,1,3,3,0,2,1,0,32.0,2,66.7,33.3,2014,26
BUR,1,1,1,0,0,0,1,10,6,0,3,1,0,9.5,5,50.0,10.0,2014,26
CHE,1,1,1,0,1,0,0,14,9,1,2,3,0,6.8,5,35.7,7.1,2014,26
CRY,1,1,1,0,1,0,1,22,16,2,10,10,1,4.4,3,13.6,4.5,2014,26
EVE,1,2,1,1,0,0,0,18,12,3,3,4,0,5.3,3,16.7,11.1,2014,26
HUL,1,2,2,0,1,0,1,16,11,2,4,2,0,6.0,6,37.5,12.5,2014,26
LEI,1,2,2,0,2,0,0,15,11,4,3,4,0,6.3,4,26.7,13.3,2014,26
LIV,1,2,1,1,1,0,0,6,4,1,0,1,0,15.8,4,66.7,33.3,2014,26
MCI,1,5,4,1,4,1,0,16,9,6,5,1,0,5.8,9,56.3,31.3,2014,26
MUN,1,1,1,0,0,0,0,18,12,1,3,6,1,5.3,3,16.7,5.6,2014,26
NEW,1,0,0,0,0,0,0,8,3,0,3,2,0,11.6,1,12.5,0.0,2014,26
QPR,1,1,1,0,0,0,0,8,4,0,3,2,0,12.0,3,37.5,12.5,2014,26
SOU,1,0,0,0,0,0,0,13,7,1,6,5,0,7.3,5,38.5,0.0,2014,26
STK,1,2,2,0,1,1,0,11,6,1,1,2,0,8.7,6,54.5,18.2,2014,26
SUN,1,0,0,0,0,0,0,13,5,0,6,5,0,7.3,2,15.4,0.0,2014,26
SWA,1,2,2,0,0,0,0,11,10,1,4,4,0,8.6,5,45.5,18.2,2014,26
TOT,1,2,1,1,1,0,2,27,12,3,9,7,1,3.6,8,29.6,7.4,2014,26
WBA,1,0,0,0,0,0,0,5,1,0,0,1,0,19.0,1,20.0,0.0,2014,26
WHU,1,2,2,0,1,0,0,12,8,4,2,3,0,8.1,5,41.7,16.7,2014,26
ARS,1,2,1,1,0,0,1,17,10,2,2,6,0,5.7,4,23.5,11.8,2014,27
AVL,1,0,0,0,0,0,0,14,8,0,3,4,0,6.9,3,21.4,0.0,2014,27
BUR,1,0,0,0,0,0,0,13,10,0,3,2,0,7.3,6,46.2,0.0,2014,27
CRY,1,3,3,0,1,0,3,12,9,1,9,4,0,8.0,5,41.7,25.0,2014,27
EVE,1,0,0,0,0,0,0,8,4,0,3,2,0,12.3,2,25.0,0.0,2014,27
HUL,1,0,0,0,0,0,0,1,1,1,0,0,0,96.0,0,0.0,0.0,2014,27
LIV,1,2,0,2,0,0,0,11,7,0,0,1,0,8.5,5,45.5,18.2,2014,27
MCI,1,1,1,0,1,0,0,8,5,2,0,0,1,11.8,1,12.5,12.5,2014,27
MUN,1,2,2,0,2,1,0,30,20,3,11,10,0,3.1,9,30.0,6.7,2014,27
NEW,1,1,1,0,1,0,0,14,9,1,9,6,1,6.9,5,35.7,7.1,2014,27
SOU,1,0,0,0,0,0,0,12,7,1,3,0,0,8.0,2,16.7,0.0,2014,27
STK,1,1,1,0,0,0,0,17,11,0,9,8,0,5.6,2,11.8,5.9,2014,27
SUN,1,0,0,0,0,0,0,5,2,0,1,0,0,18.8,3,60.0,0.0,2014,27
SWA,1,1,0,1,0,0,1,9,7,2,3,0,0,10.4,2,22.2,11.1,2014,27
WBA,1,1,1,0,0,0,1,7,7,1,4,2,0,13.7,3,42.9,14.3,2014,27
WHU,1,1,0,1,0,0,0,22,13,1,7,6,2,4.4,5,22.7,4.5,2014,27
ARS,1,2,2,0,1,0,0,20,15,2,4,7,0,4.8,9,45.0,10.0,2014,28
AVL,1,2,2,0,1,1,0,16,6,3,3,3,1,5.9,7,43.8,12.5,2014,28
BUR,1,0,0,0,0,0,0,9,4,0,5,4,0,10.4,1,11.1,0.0,2014,28
CHE,1,1,1,0,1,0,0,12,9,4,1,6,1,8.2,2,16.7,8.3,2014,28
CRY,1,0,0,0,0,0,0,9,6,0,1,1,1,10.6,3,33.3,0.0,2014,28
EVE,1,0,0,0,0,0,0,10,5,0,4,4,0,9.5,5,50.0,0.0,2014,28
HUL,1,1,1,0,0,0,1,14,11,1,6,1,0,6.9,5,35.7,7.1,2014,28
LEI,1,0,0,0,0,0,0,6,2,0,2,3,0,15.7,2,33.3,0.0,2014,28
LIV,1,2,1,1,0,0,0,20,8,1,4,5,0,4.7,8,40.0,10.0,2014,28
MCI,1,2,2,0,2,0,0,22,16,3,1,6,0,4.3,9,40.9,9.1,2014,28
MUN,1,1,1,0,1,0,0,11,7,5,1,1,0,8.6,5,45.5,9.1,2014,28
NEW,1,0,0,0,0,0,0,9,5,3,3,2,0,10.6,2,22.2,0.0,2014,28
QPR,2,2,2,2,0,0,0,27,14,2,3,9,2,7.0,9,33.3,7.4,2014,28
SOU,1,1,1,0,1,0,0,23,12,2,8,8,0,4.1,3,13.0,4.3,2014,28
STK,1,2,2,0,1,0,0,11,7,1,2,5,1,8.6,3,27.3,18.2,2014,28
SUN,1,1,1,0,1,0,0,9,5,1,1,2,0,10.7,3,33.3,11.1,2014,28
SWA,1,2,2,0,2,0,0,10,6,2,4,3,1,9.4,5,50.0,20.0,2014,28
TOT,2,5,5,0,5,0,1,33,15,8,5,11,1,5.7,12,36.4,15.2,2014,28
WBA,1,1,1,0,1,0,1,3,2,2,3,1,0,31.7,1,33.3,33.3,2014,28
WHU,1,0,0,0,0,0,0,18,12,1,4,7,0,5.4,5,27.8,0.0,2014,28
ARS,1,3,3,0,2,0,1,19,19,5,4,5,0,4.9,9,47.4,15.8,2014,29
AVL,1,4,4,0,1,0,0,14,6,2,2,2,0,6.6,8,57.1,28.6,2014,29
BUR,1,1,0,1,0,0,1,10,2,0,2,1,0,9.5,4,40.0,10.0,2014,29
CHE,1,1,1,0,1,0,0,22,18,6,8,7,1,4.3,7,31.8,4.5,2014,29
CRY,1,3,3,0,2,0,0,15,12,2,8,4,0,6.4,4,26.7,20.0,2014,29
EVE,1,3,2,1,2,1,0,15,4,4,3,3,0,6.3,8,53.3,20.0,2014,29
HUL,1,0,0,0,0,0,0,12,8,2,4,2,0,7.9,5,41.7,0.0,2014,29
LEI,1,0,0,0,0,0,0,15,7,0,7,4,0,6.3,3,20.0,0.0,2014,29
LIV,1,1,0,1,0,0,0,16,6,2,1,3,1,5.9,5,31.3,6.3,2014,29
MCI,1,0,0,0,0,0,0,22,11,1,3,8,0,4.3,5,22.7,0.0,2014,29
MUN,1,3,3,0,1,0,1,11,7,1,3,3,0,8.5,3,27.3,27.3,2014,29
NEW,1,0,0,0,0,0,0,12,9,0,4,5,0,7.8,3,25.0,0.0,2014,29
QPR,1,1,0,1,0,0,0,11,4,0,5,2,0,8.7,4,36.4,9.1,2014,29
SOU,1,1,1,0,1,1,0,12,9,3,3,4,0,7.9,5,41.7,8.3,2014,29
STK,1,0,0,0,0,0,0,9,3,0,1,4,0,10.7,2,22.2,0.0,2014,29
SUN,1,0,0,0,0,0,0,12,5,0,1,3,1,7.8,2,16.7,0.0,2014,29
SWA,1,0,0,0,0,0,0,10,2,0,2,4,0,9.5,3,30.0,0.0,2014,29
TOT,1,0,0,0,0,0,0,5,2,0,2,2,0,18.6,1,20.0,0.0,2014,29
WBA,1,1,1,0,0,0,0,14,8,0,1,4,0,6.9,5,35.7,7.1,2014,29
WHU,1,0,0,0,0,0,0,7,6,0,2,2,0,13.4,1,14.3,0.0,2014,29
ARS,1,2,2,0,0,0,2,7,7,3,4,3,0,13.6,3,42.9,28.6,2014,30
AVL,1,0,0,0,0,0,0,12,10,0,3,4,0,7.8,3,25.0,0.0,2014,30
BUR,1,0,0,0,0,0,0,15,9,1,4,4,0,6.3,3,20.0,0.0,2014,30
CHE,1,3,2,1,1,0,0,8,6,1,0,3,0,11.9,3,37.5,37.5,2014,30
CRY,1,2,2,0,2,1,0,12,9,3,3,3,0,7.9,3,25.0,16.7,2014,30
EVE,1,2,2,0,1,0,0,8,6,1,1,3,0,12.0,3,37.5,25.0,2014,30
HUL,1,2,2,0,1,0,0,19,11,2,8,2,0,5.0,8,42.1,10.5,2014,30
LEI,1,3,2,1,2,0,1,14,10,5,5,3,0,6.7,5,35.7,21.4,2014,30
LIV,1,1,1,0,0,0,0,7,3,1,1,2,0,13.6,1,14.3,14.3,2014,30
MCI,1,3,3,0,3,0,3,43,23,4,11,12,2,2.2,16,37.2,7.0,2014,30
MUN,1,2,2,0,1,0,0,6,3,2,0,2,0,15.8,4,66.7,33.3,2014,30
NEW,1,1,1,0,1,0,0,16,13,2,5,8,0,5.9,4,25.0,6.3,2014,30
QPR,1,1,1,0,1,0,1,14,5,2,3,5,2,6.9,1,7.1,7.1,2014,30
SOU,1,2,1,1,0,0,0,20,13,1,7,8,1,4.7,3,15.0,10.0,2014,30
STK,1,1,1,0,1,0,1,17,10,3,7,5,0,5.6,4,23.5,5.9,2014,30
SUN,1,0,0,0,0,0,0,7,4,1,1,1,0,13.4,3,42.9,0.0,2014,30
SWA,1,1,1,0,1,0,0,9,7,3,3,3,0,10.4,5,55.6,11.1,2014,30
TOT,1,4,3,1,2,1,1,10,9,5,1,1,1,9.4,4,40.0,40.0,2014,30
WBA,1,0,0,0,0,0,0,3,3,1,3,0,1,31.0,0,0.0,0.0,2014,30
WHU,1,1,1,0,1,0,0,15,11,1,3,7,0,6.3,4,26.7,6.7,2014,30
ARS,1,4,1,3,0,0,1,16,10,1,4,2,1,5.9,10,62.5,25.0,2014,31
AVL,2,4,3,1,1,0,2,26,17,2,10,6,0,7.3,9,34.6,15.4,2014,31
BUR,1,0,0,0,0,0,0,15,10,2,4,5,0,6.3,4,26.7,0.0,2014,31
CHE,1,2,2,0,2,1,0,19,13,5,4,3,0,5.0,10,52.6,10.5,2014,31
CRY,1,2,1,1,1,0,2,5,4,3,4,1,0,19.0,3,60.0,40.0,2014,31
EVE,1,1,1,0,1,0,1,10,6,1,7,4,0,9.5,1,10.0,10.0,2014,31
HUL,1,1,1,0,1,0,1,10,5,1,4,5,0,9.7,1,10.0,10.0,2014,31
LEI,1,2,1,1,1,0,0,20,14,5,4,5,0,4.8,6,30.0,10.0,2014,31
LIV,1,1,1,0,1,1,0,13,6,2,4,2,0,7.2,2,15.4,7.7,2014,31
MCI,1,1,0,1,0,0,0,22,9,0,7,8,1,4.3,4,18.2,4.5,2014,31
MUN,1,3,3,0,0,0,0,20,14,2,5,4,0,4.8,7,35.0,15.0,2014,31
NEW,1,0,0,0,0,0,0,10,4,1,3,4,0,9.6,1,10.0,0.0,2014,31
QPR,2,7,6,1,4,0,2,23,13,4,9,6,0,8.3,12,52.2,30.4,2014,31
SOU,1,0,0,0,0,0,0,11,5,0,5,2,0,8.6,2,18.2,0.0,2014,31
STK,1,1,0,1,0,0,0,7,3,0,2,2,1,13.6,2,28.6,14.3,2014,31
SUN,1,1,0,1,0,0,1,16,9,0,8,7,0,6.0,4,25.0,6.3,2014,31
SWA,1,3,3,0,3,0,1,9,4,3,2,1,0,10.8,4,44.4,33.3,2014,31
TOT,1,0,0,0,0,0,0,12,2,0,2,2,0,7.8,2,16.7,0.0,2014,31
WBA,1,1,1,0,0,0,0,21,13,2,4,4,0,4.6,6,28.6,4.8,2014,31
WHU,1,1,1,0,1,0,0,14,10,4,3,0,1,6.8,7,50.0,7.1,2014,31
ARS,1,1,1,0,1,0,0,17,7,1,5,6,0,5.6,5,29.4,5.9,2014,32
AVL,1,1,1,0,0,0,0,11,8,1,4,2,1,8.9,3,27.3,9.1,2014,32
BUR,1,0,0,0,0,0,0,8,3,0,3,3,0,11.9,4,50.0,0.0,2014,32
CHE,1,1,1,0,0,0,0,9,5,1,2,2,0,10.7,1,11.1,11.1,2014,32
CRY,1,4,4,0,4,0,0,14,10,4,2,6,0,6.7,5,35.7,28.6,2014,32
EVE,1,1,1,0,1,0,0,12,6,1,1,2,0,7.9,8,66.7,8.3,2014,32
HUL,1,0,0,0,0,0,0,15,8,0,4,6,0,6.3,3,20.0,0.0,2014,32
LEI,1,3,3,0,2,0,2,12,9,3,6,2,0,7.9,4,33.3,25.0,2014,32
LIV,1,2,2,0,0,0,1,14,11,1,7,3,0,6.8,6,42.9,14.3,2014,32
MCI,1,2,2,0,2,0,0,10,8,2,3,4,0,9.4,3,30.0,20.0,2014,32
MUN,1,4,4,0,4,0,1,11,9,7,4,3,0,8.5,7,63.6,36.4,2014,32
NEW,1,0,0,0,0,0,0,10,5,0,4,2,0,9.5,3,30.0,0.0,2014,32
QPR,1,0,0,0,0,0,0,15,6,1,4,6,0,6.4,4,26.7,0.0,2014,32
SOU,1,2,2,0,2,1,0,9,7,4,1,2,0,10.4,4,44.4,22.2,2014,32
STK,1,1,1,0,0,0,0,18,7,0,2,6,1,5.3,2,11.1,5.6,2014,32
SUN,1,1,1,0,0,0,0,12,7,0,2,4,0,7.8,3,25.0,8.3,2014,32
SWA,1,1,1,0,1,1,0,11,6,1,6,4,0,8.6,3,27.3,9.1,2014,32
TOT,1,0,0,0,0,0,0,14,9,0,4,2,0,7.0,3,21.4,0.0,2014,32
WBA,1,2,2,0,0,0,1,8,4,1,5,1,0,11.9,5,62.5,25.0,2014,32
WHU,1,1,0,1,0,0,1,11,6,0,4,3,0,8.7,3,27.3,9.1,2014,32
BUR,1,0,0,0,0,0,0,10,4,2,1,4,0,9.5,1,10.0,0.0,2014,33
CHE,1,1,1,0,1,0,0,7,3,2,2,3,1,13.7,2,28.6,14.3,2014,33
CRY,1,0,0,0,0,0,0,19,13,2,5,5,1,5.1,4,21.1,0.0,2014,33
EVE,1,1,1,0,1,0,0,21,10,4,4,4,0,4.5,8,38.1,4.8,2014,33
LEI,1,2,2,0,2,0,1,18,12,4,8,2,0,5.2,6,33.3,11.1,2014,33
MCI,1,2,1,1,1,0,0,18,14,2,3,8,0,5.5,3,16.7,11.1,2014,33
MUN,1,0,0,0,0,0,0,15,7,0,3,5,1,6.4,2,13.3,0.0,2014,33
NEW,1,1,1,0,1,0,0,11,7,1,3,3,0,8.5,5,45.5,9.1,2014,33
SOU,1,1,1,0,1,0,1,12,7,1,3,5,0,8.3,4,33.3,8.3,2014,33
STK,1,2,2,0,1,0,1,15,9,3,8,4,1,6.6,2,13.3,13.3,2014,33
SWA,1,0,0,0,0,0,0,10,3,1,3,2,0,9.4,6,60.0,0.0,2014,33
TOT,1,3,1,2,1,0,1,14,7,4,3,3,0,6.7,8,57.1,21.4,2014,33
WBA,1,2,1,1,1,0,2,8,4,1,3,2,0,12.1,3,37.5,25.0,2014,33
WHU,1,0,0,0,0,0,0,9,7,2,2,3,0,11.0,3,33.3,0.0,2014,33
ARS,1,0,0,0,0,0,0,11,9,1,2,4,0,8.6,1,9.1,0.0,2014,34
AVL,1,2,1,1,0,0,2,13,6,1,6,3,0,7.3,4,30.8,15.4,2014,34
BUR,1,0,0,0,0,0,0,12,11,2,3,6,1,8.0,4,33.3,0.0,2014,34
CHE,2,3,2,1,1,0,1,18,10,3,3,5,0,10.5,6,33.3,16.7,2014,34
CRY,1,0,0,0,0,0,0,7,5,1,1,1,0,13.6,3,42.9,0.0,2014,34
EVE,1,3,3,0,2,0,1,9,4,2,3,1,0,10.4,7,77.8,33.3,2014,34
HUL,2,3,3,0,2,0,1,28,14,4,7,5,1,6.8,11,39.3,10.7,2014,34
LEI,2,2,2,0,2,0,0,16,9,3,5,2,0,11.9,6,37.5,12.5,2014,34
LIV,2,0,0,0,0,0,0,34,13,1,6,11,1,5.6,13,38.2,0.0,2014,34
MCI,1,3,2,1,1,0,2,11,6,2,7,5,0,8.6,4,36.4,27.3,2014,34
MUN,1,0,0,0,0,0,0,17,7,0,4,10,0,5.5,4,23.5,0.0,2014,34
NEW,1,2,2,0,2,0,0,12,9,3,3,2,0,7.9,4,33.3,16.7,2014,34
QPR,1,0,0,0,0,0,0,18,12,2,5,5,0,5.2,7,38.9,0.0,2014,34
SOU,1,2,2,0,1,0,0,13,10,2,5,2,1,7.5,4,30.8,15.4,2014,34
STK,1,1,1,0,0,0,0,23,10,2,5,7,0,4.1,8,34.8,4.3,2014,34
SUN,1,1,1,0,1,0,0,15,10,2,6,2,0,6.3,5,33.3,6.7,2014,34
SWA,1,3,3,0,2,0,1,11,8,2,3,2,0,8.6,6,54.5,27.3,2014,34
TOT,1,2,2,0,0,0,0,7,4,0,1,3,0,14.0,2,28.6,28.6,2014,34
WBA,1,0,0,0,0,0,0,10,5,0,4,0,0,9.5,4,40.0,0.0,2014,34
WHU,1,0,0,0,0,0,0,8,4,1,3,1,0,11.8,2,25.0,0.0,2014,34
ARS,1,3,2,1,1,0,1,22,16,3,2,7,0,4.3,9,40.9,13.6,2014,35
AVL,1,3,3,0,1,0,1,11,7,2,4,3,0,8.6,4,36.4,27.3,2014,35
BUR,1,0,0,0,0,0,0,9,6,1,3,2,0,10.4,2,22.2,0.0,2014,35
CHE,1,1,1,0,1,0,1,17,9,2,7,2,0,5.5,7,41.2,5.9,2014,35
CRY,1,0,0,0,0,0,0,8,5,0,4,3,0,11.9,1,12.5,0.0,2014,35
EVE,1,2,2,0,2,1,1,9,6,2,3,3,0,10.6,5,55.6,22.2,2014,35
HUL,1,1,1,0,1,0,0,8,5,1,1,1,0,11.9,1,12.5,12.5,2014,35
LEI,1,3,3,0,2,1,2,19,16,6,9,4,0,4.9,7,36.8,15.8,2014,35
LIV,1,2,2,0,0,0,1,25,11,2,9,7,0,3.8,8,32.0,8.0,2014,35
MCI,1,1,1,0,1,0,0,15,10,2,2,5,0,6.4,4,26.7,6.7,2014,35
MUN,1,0,0,0,0,0,0,26,13,2,5,12,0,3.7,9,34.6,0.0,2014,35
NEW,1,0,0,0,0,0,0,12,5,0,4,2,0,7.8,3,25.0,0.0,2014,35
QPR,1,1,1,0,0,0,1,10,3,0,6,1,0,9.4,2,20.0,10.0,2014,35
SOU,1,1,1,0,1,0,0,11,6,1,3,3,0,8.6,2,18.2,9.1,2014,35
STK,1,0,0,0,0,0,0,9,3,0,1,2,0,10.6,3,33.3,0.0,2014,35
SUN,1,2,2,0,2,2,0,12,9,2,2,2,0,7.9,6,50.0,16.7,2014,35
SWA,1,2,2,0,1,0,0,17,10,3,4,6,1,5.6,4,23.5,11.8,2014,35
TOT,1,0,0,0,0,0,0,21,13,3,8,5,0,4.6,5,23.8,0.0,2014,35
WBA,1,1,1,0,0,0,1,6,3,0,4,1,0,15.8,3,50.0,16.7,2014,35
WHU,1,1,1,0,1,1,0,29,17,4,6,15,0,3.2,6,20.7,3.4,2014,35
ARS,1,0,0,0,0,0,0,23,14,2,1,8,0,4.1,9,39.1,0.0,2014,36
AVL,1,1,1,0,1,0,0,14,7,1,3,2,0,6.8,5,35.7,7.1,2014,36
BUR,1,1,1,0,1,0,0,8,7,1,2,1,0,11.9,2,25.0,12.5,2014,36
CHE,1,1,1,0,0,0,1,8,7,0,2,4,0,11.9,3,37.5,12.5,2014,36
CRY,1,1,0,1,0,0,1,13,11,1,5,3,0,7.3,4,30.8,7.7,2014,36
EVE,1,0,0,0,0,0,0,22,16,0,4,9,1,4.3,4,18.2,0.0,2014,36
HUL,1,0,0,0,0,0,0,21,9,1,5,11,2,4.5,3,14.3,0.0,2014,36
LEI,1,2,1,1,1,0,0,10,9,2,3,1,0,9.5,3,30.0,20.0,2014,36
LIV,1,1,1,0,1,0,1,15,9,1,4,3,0,6.3,4,26.7,6.7,2014,36
MCI,1,6,4,2,5,1,2,23,18,7,6,3,1,4.0,11,47.8,26.1,2014,36
MUN,1,2,2,0,2,1,0,13,11,3,1,5,0,7.3,4,30.8,15.4,2014,36
NEW,1,1,1,0,0,0,1,15,8,1,8,4,0,6.3,4,26.7,6.7,2014,36
QPR,1,0,0,0,0,0,0,9,4,2,5,1,1,10.2,3,33.3,0.0,2014,36
SOU,1,0,0,0,0,0,0,10,4,0,2,4,0,9.5,3,30.0,0.0,2014,36
STK,1,3,2,1,2,0,0,16,10,3,4,4,0,5.8,8,50.0,18.8,2014,36
SUN,1,2,2,0,1,0,0,10,6,1,1,3,0,9.5,3,30.0,20.0,2014,36
SWA,1,1,1,0,0,0,0,8,2,0,0,3,0,11.9,3,37.5,12.5,2014,36
TOT,1,0,0,0,0,0,0,9,4,0,3,3,0,10.3,3,33.3,0.0,2014,36
WBA,1,1,1,0,0,0,1,8,8,1,5,2,2,11.9,3,37.5,12.5,2014,36
WHU,1,0,0,0,0,0,0,6,3,0,5,1,0,15.8,1,16.7,0.0,2014,36
ARS,2,1,0,1,0,0,0,33,22,3,0,7,0,5.7,11,33.3,3.0,2014,37
AVL,1,1,1,0,1,0,0,9,6,3,1,1,0,10.4,4,44.4,11.1,2014,37
BUR,1,0,0,0,0,0,0,11,8,0,2,6,0,8.5,4,36.4,0.0,2014,37
CHE,1,0,0,0,0,0,0,12,5,1,3,5,1,7.8,3,25.0,0.0,2014,37
CRY,1,3,2,1,2,0,3,15,11,3,4,3,1,6.3,6,40.0,20.0,2014,37
EVE,1,2,2,0,2,0,0,21,12,3,10,6,0,4.5,5,23.8,9.5,2014,37
HUL,1,0,0,0,0,0,0,14,12,1,4,4,1,6.7,1,7.1,0.0,2014,37
LEI,1,0,0,0,0,0,0,11,6,0,5,7,0,8.5,0,0.0,0.0,2014,37
LIV,1,1,1,0,1,0,0,18,7,1,3,5,0,5.2,3,16.7,5.6,2014,37
MCI,1,4,3,1,1,0,0,22,15,2,5,6,0,4.4,11,50.0,18.2,2014,37
MUN,1,1,1,0,0,0,0,12,7,0,3,5,0,8.0,4,33.3,8.3,2014,37
NEW,1,1,1,0,1,0,1,22,14,3,8,10,0,4.3,7,31.8,4.5,2014,37
QPR,1,2,1,1,0,0,0,8,4,0,0,1,0,11.8,4,50.0,25.0,2014,37
SOU,1,6,5,1,4,0,0,18,16,8,2,3,0,5.2,11,61.1,33.3,2014,37
STK,1,0,0,0,0,0,0,11,5,2,5,3,0,8.5,3,27.3,0.0,2014,37
SUN,2,0,0,0,0,0,0,20,11,4,7,6,0,9.4,6,30.0,0.0,2014,37
SWA,1,2,1,1,0,0,0,13,7,2,4,2,0,7.4,9,69.2,15.4,2014,37
TOT,1,2,2,0,2,0,0,10,6,2,1,4,0,9.4,3,30.0,20.0,2014,37
WBA,1,3,2,1,1,1,1,9,5,1,1,1,0,10.4,5,55.6,33.3,2014,37
WHU,1,1,1,0,0,0,0,13,6,1,3,5,0,7.3,3,23.1,7.7,2014,37
ARS,1,4,3,1,1,0,1,24,18,2,6,7,1,3.9,13,54.2,16.7,2014,38
AVL,1,0,0,0,0,0,0,17,11,0,4,2,0,5.5,5,29.4,0.0,2014,38
BUR,1,1,1,0,0,0,0,6,4,1,1,2,0,15.5,3,50.0,16.7,2014,38
CHE,1,3,2,1,2,1,0,24,13,2,6,9,0,3.9,8,33.3,12.5,2014,38
CRY,1,1,1,0,1,0,1,13,7,1,3,4,0,7.4,7,53.8,7.7,2014,38
EVE,1,0,0,0,0,0,0,9,8,1,2,2,0,10.4,1,11.1,0.0,2014,38
HUL,1,0,0,0,0,0,0,16,11,0,7,5,0,6.1,6,37.5,0.0,2014,38
LEI,1,5,5,0,2,0,2,22,18,2,7,2,0,4.1,7,31.8,22.7,2014,38
LIV,1,1,1,0,1,0,0,13,6,2,3,4,0,7.2,4,30.8,7.7,2014,38
MCI,1,2,2,0,1,0,1,15,10,3,4,2,0,6.3,6,40.0,13.3,2014,38
MUN,1,0,0,0,0,0,0,7,3,0,1,3,1,14.0,1,14.3,0.0,2014,38
NEW,1,2,1,1,1,0,0,17,10,4,2,4,0,5.5,4,23.5,11.8,2014,38
QPR,1,1,1,0,0,0,1,18,5,2,6,7,0,5.1,2,11.1,5.6,2014,38
SOU,1,0,0,0,0,0,0,13,8,1,1,3,0,7.2,4,30.8,0.0,2014,38
STK,1,6,3,3,3,0,0,15,5,4,1,3,0,6.3,9,60.0,40.0,2014,38
SUN,1,1,1,0,1,0,1,17,7,2,4,2,0,5.5,8,47.1,5.9,2014,38
SWA,1,0,0,0,0,0,0,5,2,0,1,2,0,19.2,2,40.0,0.0,2014,38
TOT,1,1,1,0,1,0,0,16,9,2,2,9,0,5.9,3,18.8,6.3,2014,38
WBA,1,1,1,0,0,0,1,14,8,0,4,3,0,6.7,5,35.7,7.1,2014,38
WHU,1,0,0,0,0,0,0,4,2,1,0,1,0,23.5,1,25.0,0.0,2014,38
