Team,Games Played,GoalsTotal,GoalsIn,GoalsOut,GoalsBCS,GoalsPen,GoalsSP,AttemptsTotal,AttemptsIn,AttemptsBCT,AttemptsSP,AttemptsBlkd,AttemptsHit WW,AttemptsMins Per Chance,AttemptsOn Target,Conversion %Shots,Conversion %Goals,Season,GW ID
ARS,1,0,0,0,0,0,0,11,4,1,2,4,0,8.6,1,9.1,0.0,2011,1
AVL,1,0,0,0,0,0,0,7,5,0,3,1,0,13.4,1,14.3,0.0,2011,1
BLA,1,1,1,0,0,0,0,17,11,2,9,7,0,5.6,2,11.8,5.9,2011,1
BOL,1,4,2,2,0,0,3,18,9,2,8,7,0,5.2,5,27.8,22.2,2011,1
CHE,1,0,0,0,0,0,0,19,8,1,4,4,0,5.1,7,36.8,0.0,2011,1
FUL,1,0,0,0,0,0,0,15,10,2,3,5,0,6.3,5,33.3,0.0,2011,1
LIV,1,1,1,0,0,0,1,14,9,1,5,1,1,6.8,3,21.4,7.1,2011,1
MCI,1,4,3,1,3,0,0,30,23,5,7,6,2,3.1,15,50.0,13.3,2011,1
MUN,1,2,1,1,0,0,0,11,6,2,4,4,0,8.6,1,9.1,18.2,2011,1
NEW,1,0,0,0,0,0,0,8,3,0,2,2,0,11.9,1,12.5,0.0,2011,1
NOR,1,1,1,0,1,0,0,13,8,2,4,2,0,7.3,2,15.4,7.7,2011,1
QPR,1,0,0,0,0,0,0,17,5,1,3,8,0,5.5,2,11.8,0.0,2011,1
STK,1,0,0,0,0,0,0,6,1,0,1,2,0,16.0,1,16.7,0.0,2011,1
SUN,1,1,1,0,0,0,0,14,5,0,0,1,0,6.8,4,28.6,7.1,2011,1
SWA,1,0,0,0,0,0,0,8,2,0,2,2,0,11.8,3,37.5,0.0,2011,1
WBA,1,1,1,0,0,0,0,16,9,0,2,6,0,5.9,3,18.8,6.3,2011,1
WIG,1,1,1,0,1,1,0,20,14,4,2,6,1,4.8,6,30.0,5.0,2011,1
WOL,1,2,2,0,1,0,1,15,11,2,3,1,0,6.3,4,26.7,13.3,2011,1
ARS,1,0,0,0,0,0,0,12,5,1,5,4,0,7.9,3,25.0,0.0,2011,2
AVL,1,3,2,1,1,0,0,10,5,1,1,1,0,9.5,5,50.0,30.0,2011,2
BLA,1,1,1,0,1,0,0,12,5,1,3,4,0,7.9,2,16.7,8.3,2011,2
BOL,1,2,2,0,0,0,1,7,5,0,4,2,0,13.6,3,42.9,28.6,2011,2
CHE,1,2,2,0,0,0,0,24,16,2,5,8,0,4.0,8,33.3,8.3,2011,2
EVE,1,0,0,0,0,0,0,14,6,1,2,2,1,6.9,4,28.6,0.0,2011,2
FUL,1,0,0,0,0,0,0,12,8,2,4,3,0,7.8,4,33.3,0.0,2011,2
LIV,1,2,1,1,1,0,0,14,7,2,1,2,1,6.8,6,42.9,14.3,2011,2
MCI,1,3,1,2,1,0,2,18,11,3,4,3,0,5.3,7,38.9,16.7,2011,2
MUN,1,3,3,0,3,0,1,28,15,4,9,9,0,3.4,14,50.0,10.7,2011,2
NEW,1,1,0,1,0,0,1,13,8,3,8,3,0,7.4,5,38.5,7.7,2011,2
NOR,1,1,1,0,0,0,1,10,2,0,3,5,0,9.7,3,30.0,10.0,2011,2
QPR,1,1,1,0,0,0,0,4,2,0,0,2,0,24.0,1,25.0,25.0,2011,2
STK,1,1,1,0,0,0,0,18,10,2,2,4,0,5.4,5,27.8,5.6,2011,2
SUN,1,0,0,0,0,0,0,15,7,0,2,3,1,6.4,3,20.0,0.0,2011,2
SWA,1,0,0,0,0,0,0,13,6,0,2,1,0,7.2,4,30.8,0.0,2011,2
TOT,1,0,0,0,0,0,0,21,7,0,5,5,1,4.5,9,42.9,0.0,2011,2
WBA,1,1,1,0,1,0,0,6,4,2,0,0,0,15.8,4,66.7,16.7,2011,2
WIG,1,0,0,0,0,0,0,10,6,1,2,1,2,9.4,3,30.0,0.0,2011,2
WOL,1,2,2,0,1,0,1,20,10,3,3,3,1,4.7,6,30.0,10.0,2011,2
ARS,1,2,2,0,1,0,0,20,9,4,2,6,0,4.7,8,40.0,10.0,2011,3
AVL,1,0,0,0,0,0,0,18,11,0,9,4,0,5.2,3,16.7,0.0,2011,3
BLA,1,0,0,0,0,0,0,21,14,2,5,7,3,4.5,7,33.3,0.0,2011,3
BOL,1,1,1,0,1,0,0,10,6,1,3,3,0,9.3,3,30.0,10.0,2011,3
CHE,1,3,2,1,2,1,0,18,9,3,5,3,0,5.7,7,38.9,16.7,2011,3
EVE,1,1,1,0,1,1,0,11,8,2,1,3,0,8.5,3,27.3,9.1,2011,3
FUL,1,1,1,0,0,0,1,18,10,1,7,6,0,5.3,5,27.8,5.6,2011,3
LIV,1,3,2,1,1,0,1,20,12,3,5,6,0,4.7,6,30.0,15.0,2011,3
MCI,1,5,4,1,2,0,0,22,11,5,1,3,0,4.3,9,40.9,22.7,2011,3
MUN,1,8,5,3,2,1,2,25,15,6,4,1,1,3.8,14,56.0,32.0,2011,3
NEW,1,2,2,0,1,0,0,12,7,2,5,3,0,8.0,6,50.0,16.7,2011,3
NOR,1,1,1,0,0,0,0,11,6,2,2,1,0,9.3,6,54.5,9.1,2011,3
QPR,1,0,0,0,0,0,0,19,6,0,9,5,2,4.9,4,21.1,0.0,2011,3
STK,1,1,1,0,0,0,0,5,2,0,1,0,0,19.0,1,20.0,20.0,2011,3
SUN,1,0,0,0,0,0,0,12,8,2,2,6,1,7.9,2,16.7,0.0,2011,3
SWA,1,0,0,0,0,0,0,18,12,3,4,5,1,5.3,3,16.7,0.0,2011,3
TOT,1,1,1,0,0,0,1,21,8,2,4,10,0,4.5,5,23.8,4.8,2011,3
WBA,1,0,0,0,0,0,0,16,9,1,5,3,0,5.9,4,25.0,0.0,2011,3
WIG,1,2,0,2,0,0,0,12,5,0,2,5,0,7.8,5,41.7,16.7,2011,3
WOL,1,0,0,0,0,0,0,7,4,0,1,3,0,13.3,2,28.6,0.0,2011,3
ARS,1,1,0,1,0,0,0,19,8,3,2,7,1,5.0,3,15.8,5.3,2011,4
AVL,1,2,1,1,1,0,1,9,3,1,4,2,0,10.6,3,33.3,22.2,2011,4
BLA,1,1,0,1,0,0,0,11,4,0,3,3,0,9.3,3,27.3,9.1,2011,4
BOL,1,0,0,0,0,0,0,22,12,0,1,7,1,4.3,5,22.7,0.0,2011,4
CHE,1,2,2,0,0,0,0,19,7,0,4,6,1,4.9,5,26.3,10.5,2011,4
EVE,1,2,2,0,2,1,0,21,12,8,6,7,0,4.5,7,33.3,9.5,2011,4
FUL,1,1,1,0,0,0,0,14,7,0,6,6,0,7.3,3,21.4,7.1,2011,4
LIV,1,0,0,0,0,0,0,24,13,4,5,9,0,4.0,6,25.0,0.0,2011,4
MCI,1,3,3,0,2,0,0,26,18,5,7,5,2,3.6,7,26.9,11.5,2011,4
MUN,1,5,4,1,4,0,2,14,9,6,4,4,0,6.7,7,50.0,35.7,2011,4
NEW,1,0,0,0,0,0,0,8,6,0,4,2,0,11.9,1,12.5,0.0,2011,4
NOR,1,0,0,0,0,0,0,18,8,2,3,3,0,5.4,3,16.7,0.0,2011,4
QPR,1,0,0,0,0,0,0,16,12,5,3,5,0,5.9,2,12.5,0.0,2011,4
STK,1,1,1,0,1,1,0,3,2,1,1,1,0,32.0,1,33.3,33.3,2011,4
SUN,1,1,1,0,0,0,0,13,6,1,5,3,0,7.2,3,23.1,7.7,2011,4
SWA,1,0,0,0,0,0,0,12,7,2,6,4,1,7.9,2,16.7,0.0,2011,4
TOT,1,2,2,0,1,0,0,16,10,1,3,6,0,5.9,4,25.0,12.5,2011,4
WBA,1,1,1,0,1,0,0,15,5,4,3,3,1,6.5,6,40.0,6.7,2011,4
WIG,1,0,0,0,0,0,0,11,7,3,1,4,0,8.5,3,27.3,0.0,2011,4
WOL,1,0,0,0,0,0,0,10,6,1,3,1,0,9.5,5,50.0,0.0,2011,4
ARS,1,3,3,0,0,0,0,23,18,4,6,8,0,4.1,8,34.8,13.0,2011,5
AVL,1,1,1,0,1,0,0,11,8,2,1,3,0,8.5,1,9.1,9.1,2011,5
BLA,1,4,2,2,2,0,2,8,5,4,3,1,0,11.9,4,50.0,50.0,2011,5
BOL,1,1,1,0,1,1,0,9,5,1,4,4,0,10.6,4,44.4,11.1,2011,5
CHE,1,1,1,0,1,0,0,22,14,6,5,4,0,4.3,7,31.8,4.5,2011,5
EVE,1,3,3,0,2,0,1,19,12,2,5,6,1,5.3,5,26.3,15.8,2011,5
FUL,1,2,1,1,0,0,0,14,4,2,4,5,0,6.7,5,35.7,14.3,2011,5
LIV,1,0,0,0,0,0,0,3,0,0,1,0,0,31.3,1,33.3,0.0,2011,5
MCI,1,2,1,1,1,0,0,18,8,1,3,6,0,5.2,5,27.8,11.1,2011,5
MUN,1,3,2,1,1,0,1,14,9,5,4,4,1,6.9,5,35.7,21.4,2011,5
NEW,1,1,1,0,1,0,0,22,12,3,8,9,1,4.3,6,27.3,4.5,2011,5
NOR,1,2,2,0,1,0,2,14,9,2,7,2,0,6.8,6,42.9,14.3,2011,5
QPR,1,3,2,1,1,0,0,20,9,2,9,3,1,4.8,10,50.0,15.0,2011,5
STK,1,0,0,0,0,0,0,10,7,1,6,5,0,9.7,2,20.0,0.0,2011,5
SUN,1,4,1,3,0,0,2,9,4,0,3,2,0,10.8,6,66.7,44.4,2011,5
SWA,1,3,3,0,3,1,1,10,7,4,4,3,0,9.9,4,40.0,30.0,2011,5
TOT,1,4,3,1,2,0,0,26,14,5,5,7,0,3.6,9,34.6,15.4,2011,5
WBA,1,0,0,0,0,0,0,15,5,1,4,5,0,6.6,5,33.3,0.0,2011,5
WIG,1,1,1,0,0,0,1,10,4,1,3,3,1,10.0,1,10.0,10.0,2011,5
WOL,1,0,0,0,0,0,0,15,8,1,5,5,1,6.3,2,13.3,0.0,2011,5
ARS,1,3,3,0,1,0,0,28,15,3,5,8,0,3.3,11,39.3,10.7,2011,6
AVL,1,1,1,0,1,1,0,11,7,1,2,5,0,8.7,2,18.2,9.1,2011,6
BLA,1,1,1,0,0,0,0,3,2,0,1,0,1,31.7,1,33.3,33.3,2011,6
BOL,1,0,0,0,0,0,0,3,1,0,1,1,0,31.0,2,66.7,0.0,2011,6
CHE,1,4,4,0,1,0,0,15,9,1,2,1,1,6.3,7,46.7,26.7,2011,6
EVE,1,0,0,0,0,0,0,8,3,0,1,2,0,11.9,2,25.0,0.0,2011,6
FUL,1,0,0,0,0,0,0,18,8,1,2,4,1,5.3,5,27.8,0.0,2011,6
LIV,1,2,1,1,1,0,0,16,11,4,2,3,1,5.9,5,31.3,12.5,2011,6
MCI,1,2,1,1,1,0,0,19,7,1,4,2,1,5.0,7,36.8,10.5,2011,6
MUN,1,1,1,0,0,0,0,14,10,3,2,4,0,6.8,4,28.6,7.1,2011,6
NEW,1,3,3,0,1,0,0,21,9,2,6,6,0,4.5,4,19.0,14.3,2011,6
NOR,1,2,2,0,0,0,0,12,4,0,3,5,0,8.0,4,33.3,16.7,2011,6
QPR,1,1,0,1,0,0,0,19,9,0,11,9,1,5.1,2,10.5,5.3,2011,6
STK,1,1,1,0,0,0,1,13,8,4,5,3,0,7.3,5,38.5,7.7,2011,6
SUN,1,1,0,1,0,0,0,14,5,2,1,2,0,6.9,5,35.7,7.1,2011,6
SWA,1,1,1,0,1,0,1,7,6,2,6,3,0,13.6,1,14.3,14.3,2011,6
TOT,1,2,2,0,0,0,1,16,13,2,6,4,0,5.9,6,37.5,12.5,2011,6
WBA,1,0,0,0,0,0,0,9,5,1,0,3,1,10.6,3,33.3,0.0,2011,6
WIG,1,1,0,1,0,0,0,5,1,0,1,1,0,19.0,3,60.0,20.0,2011,6
WOL,1,1,1,0,1,0,0,17,7,1,7,8,0,5.5,2,11.8,5.9,2011,6
ARS,1,1,1,0,1,0,0,13,7,2,2,3,0,7.4,5,38.5,7.7,2011,7
AVL,1,2,2,0,1,0,0,16,7,3,2,4,0,5.9,6,37.5,12.5,2011,7
BLA,1,0,0,0,0,0,0,6,2,0,1,0,0,15.5,4,66.7,0.0,2011,7
BOL,1,1,1,0,0,0,1,15,7,1,6,8,0,6.3,3,20.0,6.7,2011,7
CHE,1,5,4,1,3,0,1,19,14,4,3,3,0,4.9,9,47.4,26.3,2011,7
EVE,1,0,0,0,0,0,0,12,3,0,4,3,0,7.8,3,25.0,0.0,2011,7
FUL,1,6,6,0,5,1,1,22,13,5,1,7,0,4.3,9,40.9,27.3,2011,7
LIV,1,2,2,0,2,0,0,16,9,4,7,4,2,5.9,6,37.5,12.5,2011,7
MCI,1,4,3,1,0,0,2,19,14,1,5,5,1,4.9,7,36.8,21.1,2011,7
MUN,1,2,2,0,1,0,1,20,10,2,6,8,0,4.7,4,20.0,10.0,2011,7
NEW,1,2,2,0,1,0,1,13,11,2,1,3,0,7.4,5,38.5,15.4,2011,7
NOR,1,0,0,0,0,0,0,17,8,1,4,5,0,5.5,3,17.6,0.0,2011,7
QPR,1,0,0,0,0,0,0,17,4,0,2,5,0,5.5,5,29.4,0.0,2011,7
STK,1,0,0,0,0,0,0,11,4,0,6,3,1,8.7,2,18.2,0.0,2011,7
SUN,1,2,2,0,0,0,0,14,8,1,3,1,0,6.6,7,50.0,14.3,2011,7
SWA,1,2,1,1,2,1,0,11,3,2,5,4,0,8.7,3,27.3,18.2,2011,7
TOT,1,2,1,1,0,0,0,18,12,4,6,4,0,5.3,6,33.3,11.1,2011,7
WBA,1,2,2,0,1,0,1,9,3,1,5,3,0,10.3,3,33.3,22.2,2011,7
WIG,1,0,0,0,0,0,0,15,7,0,3,5,0,6.3,4,26.7,0.0,2011,7
WOL,1,1,1,0,0,0,0,28,20,1,6,8,0,3.4,7,25.0,3.6,2011,7
ARS,1,2,1,1,0,0,1,21,13,0,9,7,1,4.5,5,23.8,9.5,2011,8
AVL,1,1,1,0,1,0,0,10,7,2,2,4,0,9.3,3,30.0,10.0,2011,8
BLA,1,1,1,0,0,0,1,12,8,0,6,5,0,7.8,5,41.7,8.3,2011,8
BOL,1,3,2,1,1,0,0,16,9,4,4,4,0,6.0,9,56.3,18.8,2011,8
CHE,1,3,3,0,3,0,1,7,3,3,2,0,0,13.4,5,71.4,42.9,2011,8
EVE,1,1,1,0,1,0,0,9,4,1,1,3,1,10.4,2,22.2,11.1,2011,8
FUL,1,0,0,0,0,0,0,7,2,0,0,3,1,13.6,1,14.3,0.0,2011,8
LIV,1,1,0,1,0,0,1,15,7,4,3,4,0,6.3,5,33.3,6.7,2011,8
MCI,1,4,3,1,1,0,2,14,8,2,2,2,0,6.6,8,57.1,28.6,2011,8
MUN,1,1,1,0,1,0,1,11,6,1,3,2,0,8.5,2,18.2,9.1,2011,8
NEW,1,2,2,0,1,0,0,14,7,2,5,2,0,6.9,6,42.9,14.3,2011,8
NOR,1,3,3,0,3,0,2,18,9,3,4,2,0,5.3,6,33.3,16.7,2011,8
QPR,1,1,1,0,0,0,1,13,6,0,5,3,0,7.2,3,23.1,7.7,2011,8
STK,1,2,2,0,2,0,2,17,9,5,7,7,1,5.6,3,17.6,11.8,2011,8
SUN,1,1,0,1,0,0,1,8,4,1,3,2,0,11.9,2,25.0,12.5,2011,8
SWA,1,1,1,0,0,0,0,12,4,0,1,2,0,8.0,3,25.0,8.3,2011,8
TOT,1,2,1,1,1,1,0,13,8,1,1,4,0,7.4,6,46.2,15.4,2011,8
WBA,1,2,2,0,1,0,0,18,9,1,0,5,0,5.3,7,38.9,11.1,2011,8
WIG,1,1,0,1,0,0,0,16,8,0,5,7,0,6.0,2,12.5,6.3,2011,8
WOL,1,0,0,0,0,0,0,19,16,2,7,7,0,5.1,7,36.8,0.0,2011,8
ARS,1,3,3,0,3,0,0,9,6,4,4,0,0,10.4,4,44.4,33.3,2011,9
AVL,1,1,1,0,1,1,0,8,4,2,2,2,0,11.8,1,12.5,12.5,2011,9
BLA,1,1,1,0,0,0,1,19,17,1,9,6,0,5.0,4,21.1,5.3,2011,9
BOL,1,0,0,0,0,0,0,14,5,0,4,3,0,6.8,6,42.9,0.0,2011,9
CHE,1,0,0,0,0,0,0,14,8,1,3,6,0,6.9,2,14.3,0.0,2011,9
EVE,1,3,1,2,1,0,1,12,5,3,5,3,0,7.8,5,41.7,25.0,2011,9
FUL,1,1,1,0,0,0,0,15,9,1,3,4,2,6.3,4,26.7,6.7,2011,9
LIV,1,1,1,0,0,0,0,29,21,2,7,8,1,3.3,9,31.0,3.4,2011,9
MCI,1,6,5,1,4,0,1,22,13,7,4,7,0,4.3,7,31.8,27.3,2011,9
MUN,1,1,0,1,0,0,0,11,5,0,4,4,0,8.5,4,36.4,9.1,2011,9
NEW,1,1,0,1,0,0,0,12,7,1,4,5,0,7.9,4,33.3,8.3,2011,9
NOR,1,1,1,0,1,0,0,12,5,2,1,4,0,7.9,7,58.3,8.3,2011,9
QPR,1,1,1,0,1,1,0,10,5,2,3,3,0,9.6,2,20.0,10.0,2011,9
STK,1,1,1,0,1,0,1,7,4,2,4,2,0,13.4,1,14.3,14.3,2011,9
SUN,1,2,2,0,0,0,1,19,12,0,8,7,0,5.0,4,21.1,10.5,2011,9
SWA,1,2,2,0,2,0,0,17,7,5,2,4,0,5.5,9,52.9,11.8,2011,9
TOT,1,2,1,1,1,0,0,9,5,3,1,1,0,10.6,6,66.7,22.2,2011,9
WBA,1,2,2,0,1,0,2,13,6,4,6,5,0,7.2,4,30.8,15.4,2011,9
WIG,1,0,0,0,0,0,0,14,6,0,2,3,0,6.8,2,14.3,0.0,2011,9
WOL,1,2,2,0,2,0,1,22,12,3,9,6,0,4.3,9,40.9,9.1,2011,9
ARS,1,5,5,0,2,0,1,13,12,4,3,1,0,7.3,7,53.8,38.5,2011,10
AVL,1,2,1,1,0,0,1,14,9,1,7,5,0,6.8,3,21.4,14.3,2011,10
BLA,1,3,2,1,1,0,1,11,5,2,3,4,0,8.7,3,27.3,27.3,2011,10
BOL,1,1,0,1,0,0,0,8,5,1,3,1,0,11.8,3,37.5,12.5,2011,10
CHE,1,3,2,1,1,0,1,14,7,2,5,3,0,6.8,6,42.9,21.4,2011,10
EVE,1,0,0,0,0,0,0,19,7,0,5,5,1,5.2,8,42.1,0.0,2011,10
FUL,1,2,1,1,1,0,0,6,4,1,0,1,1,16.0,3,50.0,33.3,2011,10
LIV,1,2,2,0,2,1,0,18,15,3,6,2,1,5.2,4,22.2,11.1,2011,10
MCI,1,3,1,2,2,0,0,19,8,3,2,2,0,5.1,7,36.8,15.8,2011,10
MUN,1,1,1,0,1,0,0,7,3,2,0,2,0,14.0,4,57.1,14.3,2011,10
NEW,1,3,3,0,3,1,0,8,5,3,2,0,0,12.0,3,37.5,37.5,2011,10
NOR,1,3,1,2,0,1,0,14,9,3,2,1,0,6.9,6,42.9,21.4,2011,10
QPR,1,1,1,0,1,0,1,14,6,1,3,6,0,6.7,2,14.3,7.1,2011,10
STK,1,1,1,0,1,1,0,12,11,1,7,3,0,8.0,3,25.0,8.3,2011,10
SUN,1,2,2,0,1,0,1,16,10,1,7,7,0,5.9,4,25.0,12.5,2011,10
SWA,1,3,3,0,2,1,1,23,13,6,4,10,2,4.1,7,30.4,13.0,2011,10
TOT,1,3,3,0,2,0,0,25,18,6,9,6,0,3.8,10,40.0,12.0,2011,10
WBA,1,0,0,0,0,0,0,12,3,0,4,7,0,7.8,1,8.3,0.0,2011,10
WIG,1,0,0,0,0,0,0,20,9,1,8,3,2,4.8,6,30.0,0.0,2011,10
WOL,1,1,1,0,1,1,0,13,5,1,2,2,0,7.4,4,30.8,7.7,2011,10
ARS,1,3,3,0,2,0,0,12,9,3,2,2,0,7.8,5,41.7,25.0,2011,11
AVL,1,3,3,0,3,0,0,16,12,4,5,4,0,5.9,5,31.3,18.8,2011,11
BLA,1,0,0,0,0,0,0,12,4,3,4,2,0,7.9,5,41.7,0.0,2011,11
BOL,1,5,3,2,2,0,2,22,9,3,10,9,0,4.3,9,40.9,22.7,2011,11
CHE,1,1,1,0,1,0,0,12,5,3,2,3,0,7.9,5,41.7,8.3,2011,11
EVE,1,1,1,0,1,0,1,15,9,2,2,3,1,6.3,4,26.7,6.7,2011,11
FUL,1,1,0,1,0,0,1,31,17,3,10,13,0,3.1,11,35.5,3.2,2011,11
LIV,1,0,0,0,0,0,0,25,15,1,9,8,1,3.8,5,20.0,0.0,2011,11
MCI,1,3,3,0,0,0,0,18,12,0,2,3,1,5.2,5,27.8,16.7,2011,11
MUN,1,1,0,1,0,0,1,13,8,1,8,4,0,7.2,5,38.5,7.7,2011,11
NEW,1,2,0,2,0,0,0,12,4,0,4,3,0,7.9,3,25.0,16.7,2011,11
NOR,1,2,1,1,1,0,1,11,7,1,4,3,0,8.6,7,63.6,18.2,2011,11
QPR,1,2,2,0,2,0,1,22,12,4,5,8,2,4.3,5,22.7,9.1,2011,11
STK,1,0,0,0,0,0,0,11,9,1,4,4,0,8.5,2,18.2,0.0,2011,11
SUN,1,0,0,0,0,0,0,9,3,0,0,2,0,10.4,1,11.1,0.0,2011,11
SWA,1,0,0,0,0,0,0,12,4,2,1,3,0,7.9,3,25.0,0.0,2011,11
TOT,1,3,2,1,0,0,1,9,3,0,3,3,0,10.7,4,44.4,33.3,2011,11
WBA,1,0,0,0,0,0,0,10,5,0,4,3,0,9.4,2,20.0,0.0,2011,11
WIG,1,1,1,0,1,0,1,17,8,5,2,3,0,5.6,7,41.2,5.9,2011,11
WOL,1,3,3,0,3,0,0,13,9,7,2,2,0,7.3,10,76.9,23.1,2011,11
ARS,1,2,2,0,2,0,0,20,18,6,1,6,1,4.7,9,45.0,10.0,2011,12
AVL,1,0,0,0,0,0,0,3,3,0,3,0,0,31.0,1,33.3,0.0,2011,12
BLA,1,3,3,0,3,1,1,9,4,4,5,1,1,11.1,3,33.3,33.3,2011,12
BOL,1,1,1,0,1,1,0,10,7,1,5,4,0,9.4,3,30.0,10.0,2011,12
CHE,1,1,1,0,1,0,0,19,12,1,5,2,0,4.9,3,15.8,5.3,2011,12
EVE,1,2,2,0,2,1,1,15,9,3,4,7,0,6.4,4,26.7,13.3,2011,12
FUL,1,0,0,0,0,0,0,15,8,2,5,7,0,6.3,3,20.0,0.0,2011,12
LIV,1,2,2,0,2,0,0,9,4,2,2,0,0,10.4,3,33.3,22.2,2011,12
MCI,1,3,3,0,2,2,0,14,9,2,1,7,0,6.8,5,35.7,21.4,2011,12
MUN,1,1,1,0,1,0,0,13,4,1,2,3,0,7.2,5,38.5,7.7,2011,12
NEW,1,1,1,0,1,0,0,9,8,3,3,1,1,10.6,4,44.4,11.1,2011,12
NOR,1,1,1,0,1,0,0,9,3,2,2,3,0,10.4,2,22.2,11.1,2011,12
QPR,1,3,3,0,1,0,1,8,5,1,2,2,1,12.0,5,62.5,37.5,2011,12
STK,1,2,2,0,1,0,1,19,15,4,10,4,0,5.1,4,21.1,10.5,2011,12
SUN,1,0,0,0,0,0,0,13,8,0,5,5,2,7.2,3,23.1,0.0,2011,12
SWA,1,0,0,0,0,0,0,10,5,1,1,5,0,9.4,1,10.0,0.0,2011,12
TOT,1,2,2,0,2,0,1,22,9,4,7,5,0,4.2,6,27.3,9.1,2011,12
WBA,1,2,2,0,1,0,0,16,12,1,3,3,0,5.9,6,37.5,12.5,2011,12
WIG,1,3,1,2,0,0,2,26,12,1,5,7,0,3.8,6,23.1,11.5,2011,12
WOL,1,1,1,0,1,1,0,5,1,1,1,1,0,19.2,1,20.0,20.0,2011,12
ARS,1,1,1,0,1,0,0,20,15,1,3,5,0,4.8,8,40.0,5.0,2011,13
AVL,1,0,0,0,0,0,0,12,7,0,4,5,0,7.8,2,16.7,0.0,2011,13
BLA,1,1,0,1,0,0,0,16,4,1,6,7,0,5.8,5,31.3,6.3,2011,13
BOL,1,0,0,0,0,0,0,8,2,0,2,5,0,11.8,3,37.5,0.0,2011,13
CHE,1,3,3,0,1,0,1,21,9,2,5,4,0,4.4,10,47.6,14.3,2011,13
EVE,1,2,2,0,1,0,0,19,12,3,3,6,0,4.9,9,47.4,10.5,2011,13
FUL,1,1,0,1,0,0,0,10,5,0,3,5,0,9.4,2,20.0,10.0,2011,13
LIV,1,1,0,1,0,0,0,17,13,1,4,2,0,5.5,6,35.3,5.9,2011,13
MCI,1,1,1,0,0,0,1,7,4,1,2,1,0,13.4,2,28.6,14.3,2011,13
MUN,1,1,1,0,0,0,1,28,23,1,14,10,1,3.4,6,21.4,3.6,2011,13
NEW,1,1,1,0,1,1,0,8,3,1,2,2,0,11.9,5,62.5,12.5,2011,13
NOR,1,2,2,0,0,0,1,17,9,1,9,4,0,5.5,4,23.5,11.8,2011,13
QPR,1,1,1,0,1,0,0,13,9,1,2,1,1,7.2,3,23.1,7.7,2011,13
STK,1,3,2,1,0,0,1,9,8,1,5,2,0,10.3,3,33.3,33.3,2011,13
SUN,1,1,1,0,1,0,0,19,11,4,5,3,0,5.0,9,47.4,5.3,2011,13
SWA,1,0,0,0,0,0,0,7,4,0,1,2,0,13.4,1,14.3,0.0,2011,13
TOT,1,3,2,1,2,0,0,26,16,4,7,6,0,3.6,11,42.3,11.5,2011,13
WBA,1,1,1,0,0,0,0,11,7,0,0,2,0,8.5,5,45.5,9.1,2011,13
WIG,1,2,2,0,2,1,0,12,6,2,1,3,0,7.9,4,33.3,16.7,2011,13
WOL,1,0,0,0,0,0,0,8,5,0,1,1,0,11.5,2,25.0,0.0,2011,13
ARS,1,4,3,1,2,0,1,16,12,3,4,2,0,5.8,7,43.8,25.0,2011,14
AVL,1,0,0,0,0,0,0,9,7,0,5,3,0,10.4,2,22.2,0.0,2011,14
BLA,1,4,4,0,4,1,2,15,9,4,8,4,0,6.3,5,33.3,26.7,2011,14
BOL,1,0,0,0,0,0,0,16,6,0,7,6,0,5.9,4,25.0,0.0,2011,14
CHE,1,3,3,0,0,0,1,22,15,4,3,5,1,4.3,9,40.9,13.6,2011,14
EVE,1,0,0,0,0,0,0,14,8,1,5,7,0,7.0,0,0.0,0.0,2011,14
FUL,1,1,1,0,1,0,1,19,7,2,3,5,1,5.1,8,42.1,5.3,2011,14
LIV,1,0,0,0,0,0,0,20,9,2,4,5,1,4.8,6,30.0,0.0,2011,14
MCI,1,5,4,1,2,0,2,26,18,6,5,10,0,3.6,10,38.5,19.2,2011,14
MUN,1,1,1,0,0,0,0,14,7,0,4,4,0,6.7,4,28.6,7.1,2011,14
NEW,1,0,0,0,0,0,0,16,8,0,2,7,2,5.9,2,12.5,0.0,2011,14
NOR,1,1,1,0,0,0,1,6,4,0,2,0,0,15.7,2,33.3,16.7,2011,14
QPR,1,1,1,0,0,0,0,11,3,1,0,1,0,8.5,2,18.2,9.1,2011,14
STK,1,1,1,0,0,0,1,6,3,1,5,2,0,16.3,2,33.3,16.7,2011,14
SUN,1,1,1,0,0,0,0,20,12,2,3,6,0,4.8,8,40.0,5.0,2011,14
SWA,1,2,2,0,2,0,0,10,7,3,1,2,0,9.4,3,30.0,20.0,2011,14
TOT,1,3,3,0,1,0,2,27,19,7,7,4,1,3.5,12,44.4,11.1,2011,14
WBA,1,1,1,0,1,0,0,16,5,1,5,5,0,5.9,5,31.3,6.3,2011,14
WIG,1,0,0,0,0,0,0,7,2,1,0,3,0,13.3,2,28.6,0.0,2011,14
WOL,1,2,2,0,2,0,0,17,9,4,6,9,0,5.6,5,29.4,11.8,2011,14
ARS,1,1,1,0,0,0,0,14,11,0,4,5,0,6.7,3,21.4,7.1,2011,15
AVL,1,2,1,1,1,0,0,15,11,5,4,4,0,6.4,5,33.3,13.3,2011,15
BLA,1,1,1,0,1,0,1,3,2,1,2,0,0,34.0,2,66.7,33.3,2011,15
BOL,1,1,1,0,0,0,1,17,10,1,7,7,0,5.6,7,41.2,5.9,2011,15
CHE,1,2,2,0,2,1,0,16,5,2,3,6,0,5.9,4,25.0,12.5,2011,15
EVE,1,0,0,0,0,0,0,10,7,0,3,1,0,9.4,0,0.0,0.0,2011,15
FUL,1,0,0,0,0,0,0,13,7,2,3,1,0,7.4,7,53.8,0.0,2011,15
LIV,1,1,1,0,1,0,1,25,17,5,9,10,1,3.8,8,32.0,4.0,2011,15
MCI,1,1,1,0,1,0,0,7,3,1,1,1,0,13.6,2,28.6,14.3,2011,15
MUN,1,4,2,2,1,0,0,20,8,2,2,5,0,4.7,13,65.0,20.0,2011,15
NEW,1,2,1,1,1,0,0,13,3,1,0,5,1,7.2,6,46.2,15.4,2011,15
NOR,1,4,4,0,0,0,3,14,8,0,7,7,0,6.7,5,35.7,28.6,2011,15
QPR,1,0,0,0,0,0,0,7,3,0,2,2,0,13.4,1,14.3,0.0,2011,15
STK,1,2,2,0,1,0,1,13,10,1,7,3,1,7.3,6,46.2,15.4,2011,15
SUN,1,2,0,2,0,0,1,23,6,1,4,8,0,4.4,5,21.7,8.7,2011,15
SWA,1,2,2,0,0,0,2,17,9,0,8,3,1,5.6,5,29.4,11.8,2011,15
TOT,1,1,1,0,1,1,0,19,8,1,5,7,0,5.1,8,42.1,5.3,2011,15
WBA,1,1,0,1,0,0,1,23,17,1,9,11,0,4.1,3,13.0,4.3,2011,15
WIG,1,2,2,0,0,1,0,10,2,0,1,3,0,9.5,4,40.0,20.0,2011,15
WOL,1,1,1,0,0,0,0,11,5,0,1,3,0,8.5,5,45.5,9.1,2011,15
ARS,1,0,0,0,0,0,0,14,6,0,6,5,0,6.7,6,42.9,0.0,2011,16
AVL,1,0,0,0,0,0,0,16,3,2,4,6,0,5.9,4,25.0,0.0,2011,16
BLA,1,1,1,0,1,0,0,16,8,1,4,6,0,5.9,6,37.5,6.3,2011,16
BOL,1,0,0,0,0,0,0,16,6,1,4,2,0,5.8,6,37.5,0.0,2011,16
CHE,1,1,1,0,0,0,0,12,6,0,1,3,0,7.9,2,16.7,8.3,2011,16
EVE,1,1,1,0,0,0,0,29,13,3,7,10,0,3.2,7,24.1,3.4,2011,16
FUL,1,2,2,0,1,0,0,23,16,4,6,10,0,4.0,4,17.4,8.7,2011,16
LIV,1,2,2,0,1,0,2,17,12,2,4,3,2,5.5,7,41.2,11.8,2011,16
MCI,1,1,1,0,1,0,0,15,11,6,1,4,1,6.3,6,40.0,6.7,2011,16
MUN,1,2,1,1,0,0,0,22,18,3,8,5,2,4.3,7,31.8,9.1,2011,16
NEW,1,0,0,0,0,0,0,22,13,0,10,5,2,4.3,3,13.6,0.0,2011,16
NOR,1,1,1,0,0,0,1,7,4,0,2,0,0,13.4,1,14.3,14.3,2011,16
QPR,1,0,0,0,0,0,0,11,7,1,2,1,0,8.5,2,18.2,0.0,2011,16
STK,1,2,1,1,1,0,1,10,5,2,4,0,0,9.6,4,40.0,20.0,2011,16
SUN,1,0,0,0,0,0,0,8,2,1,1,1,0,11.9,4,50.0,0.0,2011,16
SWA,1,0,0,0,0,0,0,3,1,0,0,0,0,31.7,0,0.0,0.0,2011,16
TOT,1,1,0,1,1,0,0,19,10,3,3,8,0,5.0,4,21.1,5.3,2011,16
WBA,1,2,0,2,0,0,1,14,8,1,3,4,0,6.7,4,28.6,14.3,2011,16
WIG,1,1,1,0,1,0,0,14,9,1,2,3,0,6.8,5,35.7,7.1,2011,16
WOL,1,1,1,0,1,1,0,11,6,1,2,4,0,8.7,3,27.3,9.1,2011,16
ARS,1,2,2,0,1,1,1,11,5,2,3,3,0,8.6,5,45.5,18.2,2011,17
AVL,1,1,1,0,1,0,0,9,3,2,6,1,0,10.6,3,33.3,11.1,2011,17
BLA,1,1,1,0,1,0,0,18,8,2,4,6,0,5.3,2,11.1,5.6,2011,17
BOL,1,2,2,0,0,0,0,8,6,1,2,4,0,11.9,2,25.0,25.0,2011,17
CHE,1,1,1,0,1,0,0,22,10,5,6,4,1,4.3,7,31.8,4.5,2011,17
EVE,1,1,1,0,0,0,1,15,10,2,9,4,0,6.3,4,26.7,6.7,2011,17
FUL,1,0,0,0,0,0,0,15,6,1,2,5,0,6.2,5,33.3,0.0,2011,17
LIV,1,0,0,0,0,0,0,21,10,2,8,4,0,4.5,9,42.9,0.0,2011,17
MCI,1,3,2,1,2,0,1,22,11,5,2,8,0,4.3,11,50.0,13.6,2011,17
MUN,1,5,4,1,2,0,1,18,11,3,2,7,0,5.2,8,44.4,27.8,2011,17
NEW,1,2,1,1,0,0,1,26,11,1,5,10,1,3.6,5,19.2,7.7,2011,17
NOR,1,2,2,0,1,0,0,19,11,1,1,5,0,4.9,9,47.4,10.5,2011,17
QPR,1,2,2,0,2,0,0,21,11,3,5,9,0,4.7,5,23.8,9.5,2011,17
STK,1,0,0,0,0,0,0,3,3,0,2,0,0,31.3,0,0.0,0.0,2011,17
SUN,1,3,3,0,1,0,2,19,9,3,10,8,1,5.2,6,31.6,15.8,2011,17
SWA,1,0,0,0,0,0,0,5,2,0,1,4,0,18.8,1,20.0,0.0,2011,17
TOT,1,1,1,0,1,0,0,16,12,3,5,8,0,5.9,3,18.8,6.3,2011,17
WBA,1,3,3,0,2,0,1,15,9,3,3,3,1,6.3,5,33.3,20.0,2011,17
WIG,1,0,0,0,0,0,0,19,7,0,4,8,0,5.0,6,31.6,0.0,2011,17
WOL,1,2,2,0,1,0,1,21,14,3,6,4,0,4.5,6,28.6,9.5,2011,17
ARS,1,1,1,0,1,0,0,27,18,4,11,10,0,3.6,10,37.0,3.7,2011,18
AVL,1,0,0,0,0,0,0,10,5,1,5,2,1,9.4,2,20.0,0.0,2011,18
BLA,1,1,0,1,0,0,1,6,4,0,1,1,0,16.0,1,16.7,16.7,2011,18
BOL,1,0,0,0,0,0,0,4,2,0,2,0,0,23.8,1,25.0,0.0,2011,18
CHE,1,1,1,0,0,0,0,25,15,1,6,3,0,3.8,12,48.0,4.0,2011,18
EVE,1,1,1,0,1,1,0,11,8,1,5,3,0,8.5,2,18.2,9.1,2011,18
FUL,1,1,1,0,1,0,0,9,6,2,2,1,0,10.4,5,55.6,11.1,2011,18
LIV,1,1,1,0,1,0,1,27,17,5,8,6,0,3.6,6,22.2,3.7,2011,18
MCI,1,0,0,0,0,0,0,17,7,2,5,5,1,5.5,4,23.5,0.0,2011,18
MUN,1,5,5,0,1,1,1,20,10,2,3,3,0,4.7,8,40.0,25.0,2011,18
NEW,1,2,2,0,0,0,0,11,7,0,4,3,0,8.6,5,45.5,18.2,2011,18
NOR,1,0,0,0,0,0,0,9,4,0,4,3,0,10.6,2,22.2,0.0,2011,18
QPR,1,1,1,0,1,0,0,14,8,1,5,4,0,6.7,4,28.6,7.1,2011,18
STK,1,0,0,0,0,0,0,10,9,0,9,4,0,9.4,0,0.0,0.0,2011,18
SUN,1,1,1,0,0,0,0,12,6,0,3,7,0,7.8,2,16.7,8.3,2011,18
SWA,1,1,1,1,0,0,0,8,5,0,4,3,0,11.8,2,25.0,12.5,2011,18
TOT,1,2,2,0,1,0,0,20,11,2,3,3,0,4.8,6,30.0,10.0,2011,18
WBA,1,0,0,0,0,0,0,8,2,1,5,2,1,11.6,1,12.5,0.0,2011,18
WIG,1,0,0,0,0,0,0,9,4,0,2,3,0,10.3,2,22.2,0.0,2011,18
WOL,1,1,1,0,1,0,1,6,3,1,2,3,0,16.2,1,16.7,16.7,2011,18
ARS,1,1,1,0,1,0,0,18,12,4,5,7,0,5.3,3,16.7,5.6,2011,19
AVL,1,3,3,0,3,0,0,10,8,6,2,2,0,9.4,6,60.0,30.0,2011,19
BLA,1,3,3,0,2,1,1,11,6,2,2,3,0,8.6,3,27.3,27.3,2011,19
BOL,1,1,0,1,0,0,0,13,7,0,4,1,0,7.2,8,61.5,7.7,2011,19
CHE,1,1,1,0,1,1,0,18,6,1,6,3,1,5.2,2,11.1,5.6,2011,19
EVE,1,1,1,0,0,0,0,15,11,0,7,6,0,6.3,4,26.7,6.7,2011,19
FUL,1,1,0,1,0,0,0,11,5,1,3,4,1,8.7,2,18.2,9.1,2011,19
LIV,1,3,2,1,2,0,1,16,7,2,2,3,1,5.9,4,25.0,18.8,2011,19
MCI,1,0,0,0,0,0,0,27,14,3,6,7,2,3.5,5,18.5,0.0,2011,19
MUN,1,2,2,0,1,0,0,27,15,2,5,9,0,3.5,5,18.5,7.4,2011,19
NEW,1,1,0,1,0,0,0,4,1,1,1,1,0,23.8,0,0.0,25.0,2011,19
NOR,1,1,1,0,1,0,0,20,11,2,6,8,1,4.8,4,20.0,5.0,2011,19
QPR,1,0,0,0,0,0,0,8,2,0,2,1,0,11.9,4,50.0,0.0,2011,19
STK,1,2,2,0,1,1,0,13,9,2,6,2,1,7.4,2,15.4,15.4,2011,19
SUN,1,1,1,0,1,0,0,8,3,3,2,2,0,11.9,3,37.5,12.5,2011,19
SWA,1,1,1,0,1,0,0,13,8,2,3,4,0,7.2,3,23.1,7.7,2011,19
TOT,1,1,1,0,1,0,0,10,5,2,2,0,0,9.4,5,50.0,10.0,2011,19
WBA,1,0,0,0,0,0,0,13,8,2,1,3,0,7.3,0,0.0,0.0,2011,19
WIG,1,2,2,0,1,1,0,11,3,2,1,2,0,8.8,6,54.5,18.2,2011,19
WOL,1,1,1,0,1,0,1,9,4,1,3,1,1,10.4,2,22.2,11.1,2011,19
ARS,1,1,1,0,1,0,0,19,11,3,2,4,0,4.9,9,47.4,5.3,2011,20
AVL,1,0,0,0,0,0,0,11,10,1,7,3,1,8.7,1,9.1,0.0,2011,20
BLA,1,1,1,0,1,0,1,17,13,4,11,5,1,5.6,5,29.4,5.9,2011,20
BOL,1,2,2,0,0,0,1,15,12,0,7,5,0,6.3,7,46.7,13.3,2011,20
CHE,1,2,2,0,1,0,1,17,10,2,5,4,0,5.5,7,41.2,11.8,2011,20
EVE,2,1,0,1,0,0,0,23,15,3,5,6,1,8.2,3,13.0,4.3,2011,20
FUL,1,2,2,0,1,0,1,22,11,4,7,4,0,4.3,5,22.7,9.1,2011,20
LIV,1,0,0,0,0,0,0,16,7,2,3,3,0,5.9,6,37.5,0.0,2011,20
MCI,1,3,2,1,1,1,1,11,5,1,3,3,1,8.6,6,54.5,27.3,2011,20
MUN,1,0,0,0,0,0,0,6,2,1,2,3,1,15.8,2,33.3,0.0,2011,20
NEW,1,3,1,2,0,0,3,10,4,1,4,1,0,9.5,5,50.0,30.0,2011,20
NOR,1,2,1,1,0,0,0,15,7,0,3,2,0,6.3,5,33.3,13.3,2011,20
QPR,1,1,1,0,0,0,0,8,2,0,2,3,0,11.8,3,37.5,12.5,2011,20
STK,1,2,2,0,2,0,0,9,5,2,0,1,0,10.6,3,33.3,22.2,2011,20
SUN,1,4,2,2,2,0,1,11,7,4,2,3,0,8.5,6,54.5,36.4,2011,20
SWA,1,2,2,0,1,0,0,9,7,3,0,0,1,10.7,5,55.6,22.2,2011,20
TOT,2,3,2,1,0,0,0,36,15,2,4,15,0,5.3,9,25.0,8.3,2011,20
WBA,1,0,0,0,0,0,0,8,4,0,2,3,0,12.0,1,12.5,0.0,2011,20
WIG,1,1,0,1,0,0,0,23,7,1,4,7,2,4.1,4,17.4,4.3,2011,20
WOL,1,1,1,0,0,0,0,9,7,2,4,1,1,10.4,4,44.4,11.1,2011,20
ARS,1,2,2,0,1,0,0,18,13,3,3,5,0,5.3,7,38.9,11.1,2011,21
AVL,1,1,1,0,1,0,0,16,10,1,10,4,0,5.9,7,43.8,6.3,2011,21
BLA,1,3,2,1,1,0,1,14,8,1,1,4,0,6.7,6,42.9,21.4,2011,21
BOL,1,0,0,0,0,0,0,10,6,0,2,5,0,9.3,0,0.0,0.0,2011,21
CHE,1,1,1,0,1,0,0,25,12,1,9,6,1,3.8,7,28.0,4.0,2011,21
EVE,1,1,1,0,1,0,0,8,6,4,5,2,0,11.9,4,50.0,12.5,2011,21
FUL,1,1,1,0,0,0,0,18,8,0,4,3,1,5.2,5,27.8,5.6,2011,21
LIV,1,0,0,0,0,0,0,15,7,2,4,5,0,6.3,1,6.7,0.0,2011,21
MCI,1,1,1,0,0,0,1,14,11,3,2,3,0,6.8,6,42.9,7.1,2011,21
MUN,1,3,2,1,2,0,0,23,16,5,4,5,0,4.0,7,30.4,13.0,2011,21
NEW,1,1,1,0,1,0,0,11,5,1,2,5,0,8.5,1,9.1,9.1,2011,21
NOR,1,2,2,0,1,0,0,8,7,1,3,2,0,11.9,3,37.5,25.0,2011,21
QPR,1,0,0,0,0,0,0,15,5,0,0,4,2,6.3,6,40.0,0.0,2011,21
STK,1,0,0,0,0,0,0,3,0,0,0,0,0,31.7,1,33.3,0.0,2011,21
SUN,1,0,0,0,0,0,0,9,6,3,1,1,0,10.4,3,33.3,0.0,2011,21
SWA,1,3,3,0,2,1,0,10,4,2,2,2,0,9.5,4,40.0,30.0,2011,21
TOT,1,1,0,1,0,0,0,28,10,2,5,8,0,3.4,7,25.0,3.6,2011,21
WBA,1,1,1,0,1,1,0,19,11,3,5,3,0,5.0,6,31.6,5.3,2011,21
WIG,1,0,0,0,0,0,0,7,2,1,1,2,0,13.6,2,28.6,0.0,2011,21
WOL,1,1,1,0,1,0,1,5,5,1,2,0,0,19.2,3,60.0,20.0,2011,21
ARS,1,1,1,0,0,0,0,14,7,1,0,4,0,6.9,3,21.4,7.1,2011,22
AVL,1,3,1,2,1,1,0,13,4,2,3,3,0,7.6,4,30.8,23.1,2011,22
BLA,1,1,1,0,0,0,1,16,8,1,3,7,1,5.9,3,18.8,6.3,2011,22
BOL,1,3,3,0,1,0,1,16,7,1,6,3,0,5.8,5,31.3,18.8,2011,22
CHE,1,0,0,0,0,0,0,20,10,1,4,3,0,4.7,6,30.0,0.0,2011,22
EVE,1,1,1,0,1,0,1,16,13,2,9,4,1,5.9,5,31.3,6.3,2011,22
FUL,1,5,5,0,5,2,0,12,8,5,3,0,0,8.0,9,75.0,41.7,2011,22
LIV,1,1,1,0,1,0,0,11,7,2,1,3,1,8.5,5,45.5,9.1,2011,22
MCI,1,3,3,0,3,1,1,16,12,4,4,7,0,6.0,4,25.0,18.8,2011,22
MUN,1,2,2,0,2,0,0,9,9,4,1,1,0,10.7,5,55.6,22.2,2011,22
NEW,1,2,1,1,0,0,0,17,5,1,3,3,0,5.6,8,47.1,11.8,2011,22
NOR,1,0,0,0,0,0,0,6,3,0,1,1,0,15.7,2,33.3,0.0,2011,22
QPR,1,3,1,2,1,1,1,19,6,2,3,5,0,4.9,7,36.8,15.8,2011,22
STK,1,1,1,0,0,0,1,12,6,1,5,4,0,7.8,2,16.7,8.3,2011,22
SUN,1,2,1,1,0,0,0,15,9,1,2,6,1,6.3,3,20.0,13.3,2011,22
SWA,1,0,0,0,0,0,0,16,5,2,2,6,0,5.9,3,18.8,0.0,2011,22
TOT,1,2,1,1,1,0,0,14,3,2,3,5,0,6.9,3,21.4,14.3,2011,22
WBA,1,2,0,2,0,0,1,16,5,1,1,2,1,5.9,5,31.3,12.5,2011,22
WIG,1,1,0,1,0,0,1,9,3,1,3,3,0,10.4,2,22.2,11.1,2011,22
WOL,1,2,2,0,1,0,1,14,11,2,6,6,0,7.1,5,35.7,14.3,2011,22
ARS,1,0,0,0,0,0,0,16,13,4,3,4,2,5.9,3,18.8,0.0,2011,23
AVL,1,2,2,0,2,0,0,26,18,2,9,9,1,3.7,11,42.3,7.7,2011,23
BLA,1,0,0,0,0,0,0,26,14,9,8,9,0,3.7,4,15.4,0.0,2011,23
BOL,1,0,0,0,0,0,0,12,6,1,2,4,0,7.8,3,25.0,0.0,2011,23
CHE,1,1,0,1,0,0,0,19,9,0,6,6,0,5.0,4,21.1,5.3,2011,23
EVE,1,1,1,0,0,0,0,11,7,1,2,4,0,8.6,2,18.2,9.1,2011,23
FUL,1,1,1,0,0,0,0,15,5,1,3,4,0,6.3,4,26.7,6.7,2011,23
LIV,1,3,2,1,1,0,1,24,13,1,7,3,0,3.9,13,54.2,12.5,2011,23
MCI,1,0,0,0,0,0,0,21,12,0,4,10,1,4.5,3,14.3,0.0,2011,23
MUN,1,2,2,0,2,2,0,12,7,3,3,8,0,7.8,2,16.7,16.7,2011,23
NEW,1,2,1,1,1,0,0,9,6,1,2,3,0,10.6,3,33.3,22.2,2011,23
NOR,1,0,0,0,0,0,0,14,6,0,5,4,0,6.7,2,14.3,0.0,2011,23
QPR,1,2,1,1,0,0,0,4,2,1,0,1,0,23.8,3,75.0,50.0,2011,23
STK,1,0,0,0,0,0,0,9,1,0,1,2,0,10.4,2,22.2,0.0,2011,23
SUN,1,3,1,2,1,0,0,12,5,2,2,4,0,7.8,5,41.7,25.0,2011,23
SWA,1,1,1,0,0,0,1,8,5,1,3,3,0,11.9,3,37.5,12.5,2011,23
TOT,1,3,2,1,1,0,0,20,12,2,3,4,0,4.8,9,45.0,15.0,2011,23
WBA,1,1,1,0,0,0,0,14,7,0,1,4,0,6.7,5,35.7,7.1,2011,23
WIG,1,1,1,0,0,0,0,9,3,1,0,2,0,10.6,3,33.3,11.1,2011,23
WOL,1,0,0,0,0,0,0,6,3,0,2,1,1,15.7,1,16.7,0.0,2011,23
ARS,1,7,5,2,3,0,1,19,12,5,6,3,1,5.0,7,36.8,36.8,2011,24
AVL,1,1,1,0,1,0,0,14,7,4,4,2,0,6.7,7,50.0,7.1,2011,24
BLA,1,1,0,1,0,0,1,5,1,0,3,2,0,19.0,2,40.0,20.0,2011,24
BOL,1,0,0,0,0,0,0,13,4,1,4,7,1,7.2,2,15.4,0.0,2011,24
CHE,1,3,2,1,0,0,1,20,7,1,4,3,0,4.8,8,40.0,15.0,2011,24
EVE,1,1,1,0,0,0,1,10,4,0,5,1,0,9.4,4,40.0,10.0,2011,24
FUL,1,0,0,0,0,0,0,13,4,0,3,3,0,7.3,5,38.5,0.0,2011,24
LIV,1,0,0,0,0,0,0,17,6,1,5,7,0,5.6,4,23.5,0.0,2011,24
MCI,1,3,2,1,2,1,0,16,10,2,2,7,0,5.9,4,25.0,18.8,2011,24
MUN,1,3,3,0,3,2,0,16,7,3,3,3,0,5.9,9,56.3,18.8,2011,24
NEW,1,2,2,0,1,0,0,18,12,2,2,8,0,5.2,3,16.7,11.1,2011,24
NOR,1,2,2,0,1,0,1,24,19,3,8,4,1,3.9,6,25.0,8.3,2011,24
QPR,1,1,1,0,1,0,0,13,3,1,1,2,0,7.3,6,46.2,7.7,2011,24
STK,1,0,0,0,0,0,0,9,3,0,2,3,0,10.4,3,33.3,0.0,2011,24
SUN,1,1,1,0,1,0,0,6,4,2,2,2,0,15.7,1,16.7,16.7,2011,24
SWA,1,2,2,0,2,0,0,16,9,4,3,7,0,5.9,2,12.5,12.5,2011,24
TOT,1,0,0,0,0,0,0,10,5,1,3,3,0,9.5,3,30.0,0.0,2011,24
WBA,1,1,1,0,0,0,1,21,14,1,7,4,0,4.5,6,28.6,4.8,2011,24
WIG,1,1,0,1,0,0,0,10,5,0,5,6,0,9.5,2,20.0,10.0,2011,24
WOL,1,2,2,0,0,0,0,13,5,0,2,0,1,7.3,5,38.5,15.4,2011,24
ARS,1,2,1,1,1,0,0,14,6,1,3,6,0,6.9,4,28.6,14.3,2011,25
AVL,1,0,0,0,0,0,0,9,5,2,4,3,0,10.8,3,33.3,0.0,2011,25
BLA,1,3,2,1,0,0,2,8,4,0,3,3,1,11.9,2,25.0,37.5,2011,25
BOL,1,1,0,1,0,0,0,13,7,0,4,4,0,7.3,4,30.8,7.7,2011,25
CHE,1,0,0,0,0,0,0,14,8,0,3,9,0,6.8,4,28.6,0.0,2011,25
EVE,1,2,2,0,2,0,0,9,4,3,1,3,0,10.6,4,44.4,22.2,2011,25
FUL,1,2,1,1,0,0,0,10,5,1,3,2,1,9.6,3,30.0,20.0,2011,25
LIV,1,1,1,0,1,0,1,10,4,2,3,3,0,9.4,3,30.0,10.0,2011,25
MCI,1,1,1,0,1,0,1,18,10,2,6,3,1,5.4,7,38.9,5.6,2011,25
MUN,1,2,2,0,2,0,1,11,10,4,2,0,0,8.6,6,54.5,18.2,2011,25
NEW,1,0,0,0,0,0,0,8,5,2,1,2,0,11.6,2,25.0,0.0,2011,25
NOR,1,3,3,0,1,0,1,16,10,4,7,1,0,6.0,9,56.3,18.8,2011,25
QPR,1,2,2,0,1,0,0,29,15,2,4,12,0,3.3,7,24.1,6.9,2011,25
STK,1,1,1,0,0,0,1,13,8,1,4,3,0,7.4,2,15.4,7.7,2011,25
SUN,1,1,1,0,0,0,0,10,5,0,3,3,0,9.6,3,30.0,10.0,2011,25
SWA,1,2,2,0,2,1,0,17,11,3,6,7,1,5.6,4,23.5,11.8,2011,25
TOT,1,5,5,0,4,0,0,18,11,5,1,2,0,5.2,7,38.9,27.8,2011,25
WBA,1,5,3,2,2,0,2,29,19,4,7,5,1,3.2,13,44.8,17.2,2011,25
WIG,1,2,2,0,1,0,1,13,9,2,4,2,0,7.3,6,46.2,15.4,2011,25
WOL,1,1,1,0,0,0,0,12,5,0,4,7,0,7.8,4,33.3,8.3,2011,25
ARS,1,5,4,1,3,0,0,23,15,5,6,7,1,4.1,8,34.8,21.7,2011,26
AVL,1,0,0,0,0,0,0,10,5,3,5,1,0,9.8,3,30.0,0.0,2011,26
BLA,1,0,0,0,0,0,0,5,1,0,3,4,0,18.8,1,20.0,0.0,2011,26
BOL,1,0,0,0,0,0,0,11,4,0,1,4,0,8.5,1,9.1,0.0,2011,26
CHE,1,3,3,0,0,0,1,26,13,0,10,4,2,3.6,13,50.0,11.5,2011,26
FUL,1,1,1,0,1,0,0,8,6,1,2,2,0,11.9,2,25.0,12.5,2011,26
MCI,1,3,3,0,3,0,1,28,21,5,6,7,0,3.4,9,32.1,10.7,2011,26
MUN,1,2,2,0,1,0,0,11,8,5,1,3,1,8.6,6,54.5,18.2,2011,26
NEW,1,2,1,1,1,0,1,15,6,1,1,5,0,6.5,5,33.3,13.3,2011,26
NOR,1,1,1,0,0,0,0,16,10,2,3,3,0,5.9,5,31.3,6.3,2011,26
QPR,1,0,0,0,0,0,0,17,6,2,4,2,0,5.6,7,41.2,0.0,2011,26
STK,1,2,2,0,1,0,2,9,8,1,6,4,0,10.4,2,22.2,22.2,2011,26
SUN,1,0,0,0,0,0,0,10,2,1,1,2,0,9.4,3,30.0,0.0,2011,26
SWA,1,0,0,0,0,0,0,9,4,2,2,2,0,10.4,2,22.2,0.0,2011,26
TOT,1,2,2,0,1,1,0,11,6,1,2,0,0,8.5,5,45.5,18.2,2011,26
WBA,1,4,4,0,1,0,0,20,13,3,6,4,1,4.7,10,50.0,20.0,2011,26
WIG,1,0,0,0,0,0,0,18,9,1,6,6,0,5.4,2,11.1,0.0,2011,26
WOL,1,2,1,1,1,0,1,10,4,1,2,5,0,9.7,4,40.0,20.0,2011,26
ARS,1,2,2,0,2,0,0,10,7,2,0,0,0,9.9,7,70.0,20.0,2011,27
AVL,1,1,1,0,1,0,0,16,7,4,0,7,0,5.9,5,31.3,6.3,2011,27
BLA,1,1,1,0,1,0,0,15,5,2,3,4,0,6.3,4,26.7,6.7,2011,27
BOL,1,0,0,0,0,0,0,8,6,0,2,0,0,11.6,5,62.5,0.0,2011,27
CHE,1,0,0,0,0,0,0,13,6,3,4,5,0,7.3,2,15.4,0.0,2011,27
EVE,1,1,0,1,0,0,0,9,5,0,4,2,1,10.6,2,22.2,11.1,2011,27
FUL,1,5,5,0,3,0,1,27,16,5,7,8,1,3.4,12,44.4,18.5,2011,27
LIV,1,1,0,1,0,0,0,12,10,4,2,0,2,8.3,4,33.3,8.3,2011,27
MCI,1,2,1,1,1,0,0,24,16,7,3,4,0,3.9,8,33.3,8.3,2011,27
MUN,1,3,2,1,2,0,2,6,4,2,3,0,0,15.7,5,83.3,50.0,2011,27
NEW,1,1,1,0,1,0,0,30,16,2,19,11,1,3.2,5,16.7,3.3,2011,27
NOR,1,0,0,0,0,0,0,8,2,0,3,3,0,11.8,3,37.5,0.0,2011,27
QPR,1,1,1,0,1,0,1,22,12,4,12,5,2,4.3,5,22.7,4.5,2011,27
STK,1,1,1,0,0,0,0,12,9,2,1,2,0,7.8,4,33.3,8.3,2011,27
SUN,1,1,1,0,1,1,0,8,3,3,2,3,0,12.0,4,50.0,12.5,2011,27
SWA,1,2,0,2,0,0,1,12,6,1,3,3,0,8.0,5,41.7,16.7,2011,27
TOT,1,1,0,1,0,0,0,18,9,1,7,4,1,5.2,6,33.3,5.6,2011,27
WBA,1,1,1,0,1,0,1,25,13,2,9,7,0,3.8,7,28.0,4.0,2011,27
WIG,1,0,0,0,0,0,0,16,9,1,4,6,0,6.0,2,12.5,0.0,2011,27
WOL,1,0,0,0,0,0,0,13,8,0,3,7,0,7.2,1,7.7,0.0,2011,27
ARS,1,2,2,0,2,0,0,23,16,7,7,8,0,4.3,7,30.4,8.7,2011,28
AVL,1,1,1,0,1,0,0,16,9,2,6,2,1,5.9,6,37.5,6.3,2011,28
BLA,1,2,1,1,0,0,1,14,9,1,5,5,0,6.7,5,35.7,14.3,2011,28
BOL,1,2,2,0,2,0,1,12,9,2,7,3,0,7.9,3,25.0,16.7,2011,28
CHE,1,1,1,0,1,0,0,23,7,1,6,5,3,4.1,8,34.8,4.3,2011,28
EVE,2,1,1,0,0,0,0,17,8,1,2,6,0,11.2,6,35.3,5.9,2011,28
FUL,1,0,0,0,0,0,0,7,3,0,1,2,1,13.4,1,14.3,0.0,2011,28
LIV,2,3,3,0,1,0,0,26,16,4,3,4,0,7.3,12,46.2,11.5,2011,28
MCI,1,0,0,0,0,0,0,22,15,0,10,9,0,4.3,6,27.3,0.0,2011,28
MUN,1,2,2,0,2,1,0,23,18,6,3,5,1,4.1,8,34.8,8.7,2011,28
NEW,1,1,1,0,0,0,0,4,3,0,1,2,0,24.8,2,50.0,25.0,2011,28
NOR,1,1,1,0,0,0,1,14,8,0,4,5,0,6.9,2,14.3,7.1,2011,28
QPR,1,1,1,0,1,0,0,20,12,2,5,8,1,4.8,4,20.0,5.0,2011,28
STK,1,0,0,0,0,0,0,8,3,0,2,3,0,11.8,0,0.0,0.0,2011,28
SUN,1,1,1,0,1,0,0,7,3,2,3,0,1,13.6,2,28.6,14.3,2011,28
SWA,1,1,1,0,1,0,0,12,7,2,3,2,0,7.9,5,41.7,8.3,2011,28
TOT,1,0,0,0,0,0,0,24,15,1,12,7,1,4.0,5,20.8,0.0,2011,28
WBA,1,0,0,0,0,0,0,7,4,1,2,1,0,13.4,3,42.9,0.0,2011,28
WIG,1,1,1,0,1,0,0,20,14,4,3,2,0,4.8,7,35.0,5.0,2011,28
WOL,1,0,0,0,0,0,0,14,10,2,1,4,0,6.7,3,21.4,0.0,2011,28
ARS,1,1,1,0,1,0,1,14,10,3,5,5,1,6.7,4,28.6,7.1,2011,29
BLA,1,2,2,0,2,0,1,16,9,4,8,4,0,5.9,5,31.3,12.5,2011,29
CHE,1,1,1,0,0,0,1,7,4,0,1,3,0,13.6,2,28.6,14.3,2011,29
EVE,1,0,0,0,0,0,0,7,4,1,4,2,0,13.4,1,14.3,0.0,2011,29
FUL,1,0,0,0,0,0,0,16,5,0,5,4,1,5.9,5,31.3,0.0,2011,29
LIV,1,2,2,0,1,0,1,19,14,2,8,5,1,4.9,7,36.8,10.5,2011,29
MCI,1,2,2,0,2,1,0,21,11,3,4,7,1,4.5,5,23.8,9.5,2011,29
MUN,1,5,5,0,4,0,2,22,10,6,5,9,0,4.2,9,40.9,22.7,2011,29
NEW,1,1,1,0,0,0,0,14,8,2,1,2,0,6.7,6,42.9,7.1,2011,29
NOR,1,0,0,0,0,0,0,11,6,2,2,2,0,8.5,4,36.4,0.0,2011,29
QPR,1,3,3,0,2,0,1,11,4,2,2,2,0,8.5,5,45.5,27.3,2011,29
STK,1,1,1,0,1,0,1,10,8,2,4,2,0,9.6,2,20.0,10.0,2011,29
SUN,1,0,0,0,0,0,0,3,2,1,2,0,0,31.3,1,33.3,0.0,2011,29
SWA,1,3,2,1,1,0,0,10,7,1,0,2,0,9.4,5,50.0,30.0,2011,29
TOT,1,1,1,0,1,0,0,26,9,1,8,12,1,3.7,7,26.9,3.8,2011,29
WBA,1,1,1,0,1,0,1,10,7,1,4,3,0,9.5,1,10.0,10.0,2011,29
WIG,1,1,1,0,1,0,0,21,15,6,7,2,1,4.5,5,23.8,4.8,2011,29
WOL,1,0,0,0,0,0,0,7,4,1,3,0,0,13.3,3,42.9,0.0,2011,29
ARS,1,3,2,1,1,0,1,19,13,3,6,5,0,5.0,7,36.8,15.8,2011,30
AVL,1,0,0,0,0,0,0,3,2,0,1,2,0,31.7,0,0.0,0.0,2011,30
BLA,1,1,1,0,0,0,1,11,10,0,7,2,0,8.6,3,27.3,9.1,2011,30
BOL,1,2,2,0,2,0,2,17,13,4,6,4,0,5.6,4,23.5,11.8,2011,30
CHE,1,0,0,0,0,0,0,9,4,0,4,4,1,10.7,2,22.2,0.0,2011,30
EVE,1,2,1,1,1,0,1,15,8,5,3,3,0,6.3,5,33.3,13.3,2011,30
FUL,1,0,0,0,0,0,0,7,3,0,0,4,0,13.4,2,28.6,0.0,2011,30
LIV,1,1,1,0,1,0,0,19,8,1,3,8,0,5.1,5,26.3,5.3,2011,30
MCI,1,1,0,1,0,0,0,16,9,2,1,5,0,6.0,6,37.5,6.3,2011,30
MUN,1,1,1,0,1,0,1,21,14,4,3,9,0,4.5,8,38.1,4.8,2011,30
NEW,1,3,3,0,2,0,1,11,4,3,2,1,0,8.9,7,63.6,27.3,2011,30
NOR,1,2,2,0,2,1,0,14,8,2,3,7,0,6.8,3,21.4,14.3,2011,30
QPR,1,1,0,1,0,0,1,11,3,0,4,5,0,8.6,1,9.1,9.1,2011,30
STK,1,1,0,1,0,0,0,11,5,1,5,2,0,8.7,2,18.2,9.1,2011,30
SUN,1,3,3,0,1,0,0,17,14,1,5,5,2,5.6,4,23.5,17.6,2011,30
SWA,1,0,0,0,0,0,0,11,4,0,2,3,0,8.6,1,9.1,0.0,2011,30
TOT,1,0,0,0,0,0,0,20,12,5,6,6,1,4.8,3,15.0,0.0,2011,30
WBA,1,1,1,0,1,0,0,17,10,1,6,6,0,5.8,2,11.8,5.9,2011,30
WIG,1,2,2,0,1,1,1,8,4,3,1,4,0,12.0,2,25.0,25.0,2011,30
WOL,1,1,1,0,0,0,0,13,7,0,5,6,0,7.3,2,15.4,7.7,2011,30
ARS,1,1,1,0,1,0,0,13,5,2,6,2,1,7.4,6,46.2,7.7,2011,31
AVL,1,2,2,0,1,0,1,9,8,1,5,0,0,10.6,5,55.6,22.2,2011,31
BLA,1,0,0,0,0,0,0,11,4,0,4,2,0,8.5,4,36.4,0.0,2011,31
BOL,1,3,3,0,2,1,0,20,16,6,2,4,1,4.8,7,35.0,15.0,2011,31
CHE,1,4,4,0,3,0,2,13,9,4,3,4,1,7.3,6,46.2,30.8,2011,31
EVE,1,2,0,2,0,0,0,17,8,1,2,4,0,5.5,7,41.2,11.8,2011,31
FUL,1,2,2,0,2,0,0,15,12,3,3,4,1,6.4,7,46.7,13.3,2011,31
LIV,1,0,0,0,0,0,0,9,5,1,3,5,0,10.6,1,11.1,0.0,2011,31
MCI,1,3,2,1,1,1,0,26,14,2,10,11,0,3.7,7,26.9,11.5,2011,31
MUN,1,2,1,1,0,0,0,13,7,1,4,3,0,7.2,5,38.5,15.4,2011,31
NEW,2,4,4,0,3,0,0,15,10,3,4,4,1,12.5,6,40.0,26.7,2011,31
NOR,1,1,1,0,0,0,0,16,9,0,5,4,0,6.0,4,25.0,6.3,2011,31
QPR,1,2,2,0,0,0,0,11,7,0,3,2,0,8.7,6,54.5,18.2,2011,31
STK,1,0,0,0,0,0,0,5,4,0,2,0,0,19.0,1,20.0,0.0,2011,31
SUN,1,3,2,1,1,0,0,9,5,2,1,2,0,10.6,3,33.3,33.3,2011,31
SWA,2,1,0,1,0,0,0,30,12,0,9,10,0,6.2,10,33.3,3.3,2011,31
TOT,1,3,2,1,2,0,1,20,13,2,5,2,0,4.7,9,45.0,15.0,2011,31
WBA,1,0,0,0,0,0,0,9,4,1,0,4,0,10.4,2,22.2,0.0,2011,31
WIG,1,2,2,0,1,0,1,14,9,4,5,5,0,6.8,6,42.9,14.3,2011,31
WOL,1,2,1,1,0,0,0,16,11,2,4,4,1,6.0,5,31.3,12.5,2011,31
ARS,1,1,0,1,0,0,0,13,10,5,3,4,1,7.4,3,23.1,7.7,2011,32
AVL,1,1,1,0,0,0,0,5,3,1,2,1,0,19.2,2,40.0,20.0,2011,32
BLA,1,0,0,0,0,0,0,16,7,3,2,4,0,5.9,7,43.8,0.0,2011,32
BOL,1,0,0,0,0,0,0,12,8,0,3,4,0,7.8,1,8.3,0.0,2011,32
CHE,1,2,2,0,1,0,1,20,15,2,3,4,1,4.8,7,35.0,10.0,2011,32
EVE,1,2,2,0,0,0,1,10,7,1,2,3,0,9.5,5,50.0,20.0,2011,32
FUL,1,3,2,1,2,0,1,11,7,4,1,2,0,8.5,6,54.5,27.3,2011,32
LIV,1,1,1,0,1,0,1,24,17,2,7,2,3,4.0,5,20.8,4.2,2011,32
MCI,1,0,0,0,0,0,0,6,4,1,4,3,0,16.0,0,0.0,0.0,2011,32
MUN,1,2,1,1,1,1,1,27,14,4,6,5,1,3.5,10,37.0,7.4,2011,32
NOR,1,2,2,0,1,0,0,15,6,1,4,6,0,6.3,6,40.0,13.3,2011,32
QPR,1,0,0,0,0,0,0,9,2,0,2,7,0,10.3,0,0.0,0.0,2011,32
STK,1,2,2,0,0,0,2,13,9,2,6,2,0,7.2,4,30.8,15.4,2011,32
SUN,1,0,0,0,0,0,0,12,10,0,4,5,0,8.0,3,25.0,0.0,2011,32
TOT,1,0,0,0,0,0,0,16,6,2,2,7,0,6.0,1,6.3,0.0,2011,32
WBA,1,3,2,1,2,0,3,13,7,3,9,3,0,7.2,5,38.5,23.1,2011,32
WIG,1,1,0,1,0,0,0,11,4,1,3,3,0,8.7,3,27.3,9.1,2011,32
WOL,1,1,0,1,0,0,0,12,5,1,4,5,0,7.8,4,33.3,8.3,2011,32
ARS,1,3,2,1,2,1,0,12,11,3,0,3,0,7.8,7,58.3,25.0,2011,33
AVL,1,1,0,1,0,0,0,7,4,0,2,0,0,13.7,3,42.9,14.3,2011,33
BLA,1,2,2,0,2,1,1,15,8,3,5,4,0,6.4,6,40.0,13.3,2011,33
BOL,1,0,0,0,0,0,0,9,5,2,2,3,0,10.3,3,33.3,0.0,2011,33
CHE,1,1,1,0,1,1,0,15,6,2,4,4,0,6.3,3,20.0,6.7,2011,33
EVE,1,4,3,1,0,0,1,22,11,0,5,8,0,4.3,5,22.7,18.2,2011,33
FUL,1,1,1,0,0,0,1,10,6,1,4,2,0,9.4,7,70.0,10.0,2011,33
LIV,1,3,3,0,3,0,1,16,7,3,5,6,0,6.0,5,31.3,18.8,2011,33
MCI,1,4,3,1,3,0,0,19,12,4,1,9,0,4.9,5,26.3,21.1,2011,33
MUN,1,0,0,0,0,0,0,9,3,1,2,2,0,10.7,1,11.1,0.0,2011,33
NEW,1,2,2,0,2,0,0,8,2,2,2,3,0,11.6,3,37.5,25.0,2011,33
NOR,1,2,1,1,1,0,0,12,6,2,5,2,0,8.0,4,33.3,16.7,2011,33
QPR,1,3,1,2,0,0,1,18,9,1,5,4,0,5.2,6,33.3,16.7,2011,33
STK,1,1,1,0,1,0,1,8,8,1,5,1,0,12.0,2,25.0,12.5,2011,33
SUN,1,0,0,0,0,0,0,3,2,0,1,0,0,31.3,0,0.0,0.0,2011,33
SWA,1,0,0,0,0,0,0,11,8,1,5,6,0,8.5,2,18.2,0.0,2011,33
TOT,1,1,1,0,1,0,0,15,9,5,5,7,1,6.4,3,20.0,6.7,2011,33
WBA,1,0,0,0,0,0,0,5,3,0,1,1,0,18.6,1,20.0,0.0,2011,33
WIG,1,1,0,1,0,0,1,13,5,0,4,7,0,7.4,3,23.1,7.7,2011,33
WOL,1,0,0,0,0,0,0,10,7,1,1,4,0,9.4,2,20.0,0.0,2011,33
ARS,1,1,1,0,1,0,0,23,15,3,8,9,0,4.2,4,17.4,4.3,2011,34
AVL,1,0,0,0,0,0,0,12,7,0,4,2,0,7.9,2,16.7,0.0,2011,34
BLA,1,0,0,0,0,0,0,8,5,0,4,0,1,11.6,2,25.0,0.0,2011,34
MCI,1,6,4,2,3,0,0,23,16,4,4,7,2,4.1,11,47.8,26.1,2011,34
MUN,1,4,4,0,3,1,0,29,23,6,10,11,0,3.3,9,31.0,13.8,2011,34
NOR,1,1,1,0,0,0,0,16,8,2,3,6,0,5.9,5,31.3,6.3,2011,34
QPR,1,0,0,0,0,0,0,18,11,0,6,3,0,5.3,2,11.1,0.0,2011,34
SUN,1,0,0,0,0,0,0,15,12,3,3,2,0,6.2,3,20.0,0.0,2011,34
SWA,1,3,2,1,0,0,0,22,13,1,5,4,1,4.2,8,36.4,13.6,2011,34
WBA,1,1,0,1,0,0,1,15,8,1,4,5,2,6.3,5,33.3,6.7,2011,34
WIG,1,2,2,0,2,0,0,15,10,4,3,4,0,6.4,7,46.7,13.3,2011,34
WOL,1,0,0,0,0,0,0,11,6,0,0,2,0,8.5,5,45.5,0.0,2011,34
ARS,1,0,0,0,0,0,0,13,9,2,5,3,2,7.3,4,30.8,0.0,2011,35
AVL,2,1,1,0,1,0,0,31,17,1,9,7,1,6.1,8,25.8,3.2,2011,35
BLA,1,2,1,1,1,0,0,8,5,2,3,2,1,11.9,3,37.5,25.0,2011,35
BOL,2,3,3,0,3,1,0,25,14,3,6,12,0,7.6,8,32.0,12.0,2011,35
CHE,1,0,0,0,0,0,0,14,10,1,8,7,0,6.8,2,14.3,0.0,2011,35
EVE,1,4,4,0,1,0,0,17,11,1,1,3,0,5.6,7,41.2,23.5,2011,35
FUL,1,2,1,1,0,0,1,14,8,2,4,4,2,6.8,4,28.6,14.3,2011,35
LIV,1,0,0,0,0,0,0,30,18,3,8,10,1,3.2,4,13.3,0.0,2011,35
MCI,1,2,2,0,2,0,1,17,12,5,2,4,0,5.5,5,29.4,11.8,2011,35
MUN,1,4,3,1,3,0,0,24,14,4,8,7,1,4.0,7,29.2,16.7,2011,35
NEW,1,3,2,1,2,0,0,17,9,3,4,3,1,5.5,9,52.9,17.6,2011,35
NOR,1,0,0,0,0,0,0,13,9,0,4,1,0,7.3,3,23.1,0.0,2011,35
QPR,1,1,0,1,0,0,1,12,5,0,3,2,0,8.0,3,25.0,8.3,2011,35
STK,1,0,0,0,0,0,0,8,4,1,3,2,0,11.6,0,0.0,0.0,2011,35
SUN,1,0,0,0,0,0,0,13,8,3,2,5,0,7.2,2,15.4,0.0,2011,35
SWA,1,1,0,1,0,0,0,26,16,1,4,13,1,3.7,4,15.4,3.8,2011,35
TOT,1,0,0,0,0,0,0,20,9,2,8,7,0,4.8,6,30.0,0.0,2011,35
WBA,1,1,1,0,1,0,0,9,4,2,2,2,0,10.7,3,33.3,11.1,2011,35
WIG,1,1,0,1,0,0,0,10,5,0,2,1,0,9.5,4,40.0,10.0,2011,35
WOL,1,0,0,0,0,0,0,6,2,0,3,1,0,15.5,3,50.0,0.0,2011,35
ARS,1,1,1,0,1,0,0,17,9,4,4,5,0,5.6,5,29.4,5.9,2011,36
AVL,1,0,0,0,0,0,0,12,11,4,3,4,0,7.9,3,25.0,0.0,2011,36
BLA,1,0,0,0,0,0,0,0,0,0,0,0,0,0.0,0,0.0,0.0,2011,36
BOL,2,3,3,0,3,0,1,31,21,5,12,6,0,6.1,11,35.5,9.7,2011,36
CHE,2,6,5,1,5,0,1,48,24,5,12,15,0,4.1,15,31.3,12.5,2011,36
EVE,2,5,4,1,2,1,2,23,15,4,10,4,1,8.2,11,47.8,21.7,2011,36
FUL,2,1,0,1,0,0,0,16,8,1,2,5,1,11.8,6,37.5,6.3,2011,36
LIV,2,3,2,1,0,0,0,37,24,4,5,7,1,5.1,8,21.6,8.1,2011,36
MCI,1,1,1,0,0,0,1,15,11,1,4,5,0,6.4,3,20.0,6.7,2011,36
MUN,1,0,0,0,0,0,0,5,4,0,2,3,0,19.2,0,0.0,0.0,2011,36
NEW,2,2,1,1,0,0,1,24,11,1,10,2,3,8.2,6,25.0,8.3,2011,36
NOR,1,0,0,0,0,0,0,9,4,0,2,2,0,10.3,1,11.1,0.0,2011,36
QPR,1,1,1,0,0,0,0,13,4,0,2,5,0,7.2,2,15.4,7.7,2011,36
STK,2,2,2,0,0,0,0,16,12,0,8,4,0,11.9,5,31.3,12.5,2011,36
SUN,1,2,1,1,1,0,1,12,6,1,3,3,0,7.9,3,25.0,16.7,2011,36
SWA,1,4,3,1,1,0,0,11,8,2,0,2,1,8.5,7,63.6,36.4,2011,36
TOT,2,6,4,2,3,0,2,33,18,6,6,7,2,5.7,11,33.3,18.2,2011,36
WBA,1,0,0,0,0,0,0,20,14,3,5,12,0,4.8,2,10.0,0.0,2011,36
WIG,1,4,3,1,1,0,0,10,7,1,1,2,0,9.4,6,60.0,40.0,2011,36
WOL,1,4,4,0,2,0,0,17,12,3,4,3,0,5.5,6,35.3,23.5,2011,36
ARS,1,3,3,0,2,0,0,23,21,9,6,5,0,4.1,11,47.8,13.0,2011,37
AVL,1,1,0,1,0,0,0,4,2,1,1,2,0,24.3,1,25.0,25.0,2011,37
BLA,1,0,0,0,0,0,0,12,3,1,3,4,0,7.8,2,16.7,0.0,2011,37
BOL,1,2,1,1,1,1,0,15,8,3,2,4,0,6.5,5,33.3,13.3,2011,37
CHE,1,1,1,0,0,0,1,11,6,1,6,4,2,8.5,2,18.2,9.1,2011,37
EVE,1,0,0,0,0,0,0,21,13,2,3,8,0,4.5,4,19.0,0.0,2011,37
FUL,1,2,0,2,0,0,1,22,14,1,10,9,0,4.2,7,31.8,9.1,2011,37
LIV,1,4,1,3,3,0,1,23,12,9,7,6,2,4.1,6,26.1,17.4,2011,37
MCI,1,2,1,1,1,0,0,21,12,5,5,6,0,4.4,7,33.3,9.5,2011,37
MUN,1,2,2,0,0,0,0,28,18,3,8,12,0,3.4,7,25.0,7.1,2011,37
NEW,1,0,0,0,0,0,0,15,8,1,3,7,0,6.2,3,20.0,0.0,2011,37
NOR,1,3,3,0,2,0,0,13,11,4,1,3,0,7.3,4,30.8,23.1,2011,37
QPR,1,1,1,0,1,0,1,22,9,1,8,8,0,4.3,6,27.3,4.5,2011,37
STK,1,0,0,0,0,0,0,8,6,2,3,1,0,11.9,0,0.0,0.0,2011,37
SUN,1,1,0,1,0,0,0,13,6,1,4,2,0,7.2,6,46.2,7.7,2011,37
SWA,1,0,0,0,0,0,0,13,4,0,2,3,0,7.2,6,46.2,0.0,2011,37
TOT,1,1,1,0,1,1,0,22,10,2,4,8,0,4.4,4,18.2,4.5,2011,37
WBA,1,2,2,0,1,0,0,19,15,2,5,4,0,5.1,10,52.6,10.5,2011,37
WIG,1,1,1,0,0,0,1,20,13,1,5,4,0,4.7,6,30.0,5.0,2011,37
WOL,1,0,0,0,0,0,0,9,5,0,3,2,0,10.4,0,0.0,0.0,2011,37
ARS,1,3,2,1,1,0,1,13,9,1,2,6,0,7.4,3,23.1,23.1,2011,38
AVL,1,0,0,0,0,0,0,10,5,1,4,0,0,9.3,5,50.0,0.0,2011,38
BLA,1,1,1,0,1,0,1,10,3,1,4,2,0,9.4,4,40.0,10.0,2011,38
BOL,1,2,1,1,0,0,0,20,8,0,5,6,1,4.8,4,20.0,10.0,2011,38
CHE,1,2,1,1,0,0,0,19,9,2,2,2,1,4.9,4,21.1,10.5,2011,38
EVE,1,3,2,1,2,0,1,17,9,4,6,1,2,5.6,10,58.8,17.6,2011,38
FUL,1,0,0,0,0,0,0,11,3,0,2,2,1,8.5,5,45.5,0.0,2011,38
LIV,1,0,0,0,0,0,0,13,7,1,5,3,0,7.2,5,38.5,0.0,2011,38
MCI,1,3,3,0,2,0,1,44,27,5,17,19,0,2.2,15,34.1,6.8,2011,38
MUN,1,1,1,0,1,0,0,21,13,4,8,5,3,4.5,7,33.3,4.8,2011,38
NEW,1,1,0,1,0,0,0,11,6,1,0,3,0,8.6,3,27.3,9.1,2011,38
NOR,1,2,2,0,2,0,1,23,12,4,7,3,0,4.0,8,34.8,8.7,2011,38
QPR,1,2,2,0,1,0,0,3,2,1,1,0,0,32.0,3,100.0,66.7,2011,38
STK,1,2,2,0,2,1,0,17,11,5,3,4,0,5.6,7,41.2,11.8,2011,38
SUN,1,0,0,0,0,0,0,8,3,0,2,4,0,11.8,2,25.0,0.0,2011,38
SWA,1,1,1,0,0,0,0,13,9,1,6,5,0,7.2,4,30.8,7.7,2011,38
TOT,1,2,2,0,2,0,0,17,10,4,4,4,0,5.5,6,35.3,11.8,2011,38
WBA,1,2,0,2,1,0,0,13,6,1,3,5,0,7.4,5,38.5,15.4,2011,38
WIG,1,3,2,1,0,0,1,14,9,1,5,2,1,6.7,8,57.1,21.4,2011,38
WOL,1,2,2,0,1,0,0,9,7,2,2,3,0,10.4,4,44.4,22.2,2011,38
