Team,Games Played,GoalsTotal,GoalsIn,GoalsOut,GoalsBCS,GoalsPen,GoalsSP,AttemptsTotal,AttemptsIn,AttemptsBCT,AttemptsSP,AttemptsBlkd,AttemptsHit WW,AttemptsMins Per Chance,AttemptsOn Target,Conversion %Shots,Conversion %Goals,Season,GW ID
ARS,1,0,0,0,0,0,0,22,15,1,4,8,0,4.4,6,27.3,0.0,2015,1
AVL,1,1,1,0,1,0,1,7,4,1,2,2,0,13.7,3,42.9,14.3,2015,1
BOU,1,0,0,0,0,0,0,11,8,1,2,2,0,8.7,2,18.2,0.0,2015,1
CHE,1,2,0,2,0,0,1,11,6,0,2,3,0,8.6,3,27.3,18.2,2015,1
CRY,1,3,3,0,3,0,1,11,8,4,1,2,0,8.6,7,63.6,27.3,2015,1
EVE,1,2,1,1,0,0,0,10,6,1,2,2,0,9.6,5,50.0,20.0,2015,1
LEI,1,4,4,0,1,1,1,19,15,4,4,4,1,5.1,8,42.1,21.1,2015,1
LIV,1,1,0,1,0,0,0,8,4,0,2,4,0,11.8,3,37.5,12.5,2015,1
MCI,1,3,2,1,0,0,1,20,11,2,3,11,0,4.7,7,35.0,15.0,2015,1
MUN,1,1,0,1,0,0,0,9,5,0,3,4,0,10.6,1,11.1,11.1,2015,1
NEW,1,2,2,0,1,0,1,9,6,1,5,3,0,10.7,3,33.3,22.2,2015,1
NOR,1,1,0,1,0,0,0,17,6,1,3,3,0,5.6,5,29.4,5.9,2015,1
SOU,1,2,2,0,0,0,0,14,10,1,2,3,0,6.9,4,28.6,14.3,2015,1
STK,1,0,0,0,0,0,0,7,4,0,0,2,0,13.4,1,14.3,0.0,2015,1
SUN,1,2,2,0,2,0,0,11,7,2,3,2,0,8.7,5,45.5,18.2,2015,1
SWA,1,2,2,0,2,1,0,17,12,5,5,6,1,5.6,9,52.9,11.8,2015,1
TOT,1,0,0,0,0,0,0,9,8,1,4,3,0,10.6,4,44.4,0.0,2015,1
WAT,1,2,2,0,0,0,0,11,5,0,0,3,0,8.7,5,45.5,18.2,2015,1
WBA,1,0,0,0,0,0,0,9,4,0,3,1,0,10.3,2,22.2,0.0,2015,1
WHU,1,2,1,1,1,0,1,8,4,1,2,2,0,12.0,4,50.0,25.0,2015,1
ARS,1,2,1,1,0,0,0,20,16,2,1,8,0,4.7,6,30.0,10.0,2015,2
AVL,1,0,0,0,0,0,0,5,4,0,2,1,0,18.8,1,20.0,0.0,2015,2
BOU,1,0,0,0,0,0,0,13,8,0,4,5,1,7.3,2,15.4,0.0,2015,2
CHE,1,0,0,0,0,0,0,10,5,0,2,3,1,9.4,3,30.0,0.0,2015,2
CRY,1,1,0,1,0,0,0,11,6,1,4,3,1,8.5,4,36.4,9.1,2015,2
EVE,1,3,2,1,1,0,0,10,7,3,3,4,0,9.5,4,40.0,30.0,2015,2
LEI,1,2,2,0,1,0,0,10,7,3,3,2,0,9.6,5,50.0,20.0,2015,2
LIV,1,1,1,0,1,0,1,18,8,3,5,5,1,5.3,2,11.1,5.6,2015,2
MCI,1,3,2,1,0,0,1,18,11,3,2,4,0,5.2,8,44.4,16.7,2015,2
MUN,1,1,1,0,0,0,0,9,5,1,3,3,0,10.4,2,22.2,11.1,2015,2
NEW,1,0,0,0,0,0,0,4,1,0,1,0,0,23.8,2,50.0,0.0,2015,2
NOR,1,3,3,0,1,0,1,18,9,1,4,8,0,5.2,6,33.3,16.7,2015,2
SOU,1,0,0,0,0,0,0,17,14,0,4,4,0,5.6,4,23.5,0.0,2015,2
STK,1,2,2,0,2,1,0,15,11,5,3,2,0,6.3,7,46.7,13.3,2015,2
SUN,1,1,1,0,0,0,1,6,3,0,2,1,0,15.7,2,33.3,16.7,2015,2
SWA,1,2,2,0,1,0,0,19,7,2,4,7,2,5.0,6,31.6,10.5,2015,2
TOT,1,2,2,0,1,0,1,13,7,4,2,4,0,7.3,7,53.8,15.4,2015,2
WAT,1,0,0,0,0,0,0,16,7,0,1,3,0,5.9,5,31.3,0.0,2015,2
WBA,1,0,0,0,0,0,0,6,4,1,4,1,0,15.7,0,0.0,0.0,2015,2
WHU,1,1,1,0,0,0,0,10,7,0,2,4,0,9.6,3,30.0,10.0,2015,2
ARS,1,0,0,0,0,0,0,19,10,2,4,5,1,4.9,5,26.3,0.0,2015,3
AVL,1,1,0,1,0,0,0,11,6,1,3,3,0,8.6,2,18.2,9.1,2015,3
BOU,1,4,4,0,2,1,0,15,9,4,1,2,0,6.5,7,46.7,26.7,2015,3
CHE,1,3,3,0,1,0,0,15,10,2,2,3,0,6.4,5,33.3,20.0,2015,3
CRY,1,2,2,0,0,0,1,16,10,2,4,3,0,5.9,6,37.5,12.5,2015,3
EVE,1,0,0,0,0,0,0,10,5,0,3,4,1,9.5,1,10.0,0.0,2015,3
LEI,1,1,1,0,0,0,0,13,7,1,6,6,1,7.3,2,15.4,7.7,2015,3
LIV,1,0,0,0,0,0,0,15,11,1,3,3,1,6.3,8,53.3,0.0,2015,3
MCI,1,2,2,0,1,0,0,16,9,3,2,4,1,5.9,9,56.3,12.5,2015,3
MUN,1,0,0,0,0,0,0,20,9,1,3,9,1,4.8,8,40.0,0.0,2015,3
NEW,1,0,0,0,0,0,0,7,5,0,3,3,1,13.6,0,0.0,0.0,2015,3
NOR,1,1,1,0,0,0,1,20,10,6,7,5,0,4.8,7,35.0,5.0,2015,3
SOU,1,0,0,0,0,0,0,14,8,0,4,0,0,6.6,5,35.7,0.0,2015,3
STK,1,1,1,0,1,0,1,6,4,2,2,1,0,15.8,1,16.7,16.7,2015,3
SUN,1,1,1,0,0,0,0,10,4,0,6,3,0,9.5,2,20.0,10.0,2015,3
SWA,1,1,1,0,0,0,0,20,10,2,3,5,1,4.8,9,45.0,5.0,2015,3
TOT,1,1,1,0,1,0,0,19,12,2,4,4,0,5.0,6,31.6,5.3,2015,3
WAT,1,0,0,0,0,0,0,13,6,2,4,7,0,7.2,0,0.0,0.0,2015,3
WBA,1,2,2,0,0,0,0,15,8,1,6,3,0,6.4,6,40.0,13.3,2015,3
WHU,1,3,3,0,2,1,1,10,6,2,5,3,0,9.7,4,40.0,30.0,2015,3
ARS,1,1,0,1,0,0,0,22,14,3,5,7,0,4.3,9,40.9,4.5,2015,4
AVL,1,2,2,0,2,1,0,21,14,3,2,4,0,4.5,6,28.6,9.5,2015,4
BOU,1,1,1,0,0,0,0,5,2,0,2,3,0,19.8,2,40.0,20.0,2015,4
CHE,1,1,1,0,0,0,0,26,17,0,7,9,0,3.7,8,30.8,3.8,2015,4
CRY,1,2,2,0,2,0,0,13,9,4,1,2,0,7.4,5,38.5,15.4,2015,4
EVE,1,0,0,0,0,0,0,8,4,1,2,1,0,11.8,3,37.5,0.0,2015,4
LEI,1,1,1,0,1,1,0,4,4,1,0,0,0,24.8,2,50.0,25.0,2015,4
LIV,1,0,0,0,0,0,0,13,4,0,2,5,1,7.5,1,7.7,0.0,2015,4
MCI,1,2,2,0,1,0,1,18,8,1,5,5,0,5.2,5,27.8,11.1,2015,4
MUN,1,1,1,0,1,0,0,11,7,1,1,1,0,8.6,4,36.4,9.1,2015,4
NEW,1,0,0,0,0,0,0,1,1,0,0,0,0,94.0,0,0.0,0.0,2015,4
NOR,1,0,0,0,0,0,0,6,3,1,1,2,0,15.7,1,16.7,0.0,2015,4
SOU,1,3,3,0,3,0,0,23,17,4,6,2,0,4.1,8,34.8,13.0,2015,4
STK,1,0,0,0,0,0,0,13,3,1,5,4,0,7.3,4,30.8,0.0,2015,4
SUN,1,2,1,1,0,0,1,7,4,1,3,1,0,13.6,3,42.9,28.6,2015,4
SWA,1,2,2,0,0,0,0,9,4,1,2,1,1,10.6,4,44.4,22.2,2015,4
TOT,1,0,0,0,0,0,0,20,10,3,1,6,0,4.7,6,30.0,0.0,2015,4
WAT,1,0,0,0,0,0,0,7,3,0,3,5,0,13.3,0,0.0,0.0,2015,4
WBA,1,1,1,0,1,0,0,15,8,1,2,4,0,6.3,5,33.3,6.7,2015,4
WHU,1,3,3,0,1,0,0,12,8,1,3,3,0,8.2,5,41.7,25.0,2015,4
ARS,1,2,2,0,2,0,1,29,23,10,8,8,1,3.2,12,41.4,6.9,2015,5
AVL,1,2,0,2,0,0,1,11,5,1,5,4,0,8.8,4,36.4,18.2,2015,5
BOU,1,1,1,0,0,0,1,7,5,0,3,2,0,13.6,2,28.6,14.3,2015,5
CHE,1,1,0,1,0,0,0,15,9,0,5,7,0,6.3,2,13.3,6.7,2015,5
CRY,1,0,0,0,0,0,0,10,5,1,1,2,0,9.6,2,20.0,0.0,2015,5
EVE,1,3,2,1,1,0,0,14,9,1,3,0,0,6.8,9,64.3,21.4,2015,5
LEI,1,3,3,0,1,0,1,21,9,1,3,6,0,4.7,6,28.6,14.3,2015,5
LIV,1,1,1,0,0,0,1,8,6,2,4,1,0,11.9,3,37.5,12.5,2015,5
MCI,1,1,1,0,1,0,0,21,12,4,4,5,0,4.6,7,33.3,4.8,2015,5
MUN,1,3,3,0,2,1,1,9,3,2,3,3,0,10.6,3,33.3,33.3,2015,5
NEW,1,0,0,0,0,0,0,14,6,1,3,5,0,6.7,4,28.6,0.0,2015,5
NOR,1,3,2,1,2,0,0,12,7,2,3,0,1,7.9,4,33.3,25.0,2015,5
SOU,1,0,0,0,0,0,0,15,10,1,2,5,0,6.3,4,26.7,0.0,2015,5
STK,1,0,0,0,0,0,0,8,2,0,0,3,0,11.8,3,37.5,0.0,2015,5
SUN,1,0,0,0,0,0,0,12,6,1,0,5,2,8.0,2,16.7,0.0,2015,5
SWA,1,0,0,0,0,0,0,8,3,1,0,1,0,12.3,3,37.5,0.0,2015,5
TOT,1,1,1,0,1,0,0,15,8,3,2,5,0,6.4,4,26.7,6.7,2015,5
WAT,1,1,1,0,1,0,1,17,9,2,3,4,0,5.8,6,35.3,5.9,2015,5
WBA,1,0,0,0,0,0,0,8,5,0,2,3,0,11.9,1,12.5,0.0,2015,5
WHU,1,2,1,1,1,0,0,17,9,2,4,6,1,5.5,3,17.6,11.8,2015,5
ARS,1,0,0,0,0,0,0,9,4,1,3,3,0,10.7,2,22.2,0.0,2015,6
AVL,1,0,0,0,0,0,0,13,3,1,4,5,0,7.4,3,23.1,0.0,2015,6
BOU,1,2,1,1,0,0,1,15,7,0,8,6,1,6.3,5,33.3,13.3,2015,6
CHE,1,2,1,1,1,0,1,22,8,2,2,10,0,4.4,6,27.3,9.1,2015,6
CRY,1,0,0,0,0,0,0,12,6,0,5,4,1,7.9,4,33.3,0.0,2015,6
EVE,1,0,0,0,0,0,0,17,11,4,5,9,0,5.6,1,5.9,0.0,2015,6
LEI,1,2,2,0,1,1,0,12,7,1,2,1,0,8.0,5,41.7,16.7,2015,6
LIV,1,1,1,0,1,0,0,23,14,3,2,9,0,4.1,7,30.4,4.3,2015,6
MCI,1,1,0,1,0,0,0,27,18,5,6,10,0,3.5,8,29.6,3.7,2015,6
MUN,1,3,3,0,3,0,0,10,6,4,3,2,1,9.6,3,30.0,30.0,2015,6
NEW,1,1,1,0,0,0,0,15,9,1,2,3,0,6.3,5,33.3,6.7,2015,6
NOR,1,1,1,0,0,0,1,7,2,1,1,1,0,13.6,2,28.6,14.3,2015,6
SOU,1,2,2,0,2,0,0,15,11,3,5,1,1,6.4,8,53.3,13.3,2015,6
STK,1,2,2,0,2,0,0,11,5,2,3,2,0,8.7,4,36.4,18.2,2015,6
SUN,1,0,0,0,0,0,0,9,3,2,3,4,0,10.6,2,22.2,0.0,2015,6
SWA,1,0,0,0,0,0,0,12,7,1,3,3,0,7.9,3,25.0,0.0,2015,6
TOT,1,1,1,0,0,0,0,21,8,0,5,9,0,4.5,6,28.6,4.8,2015,6
WAT,1,2,2,0,1,0,0,13,7,2,2,3,0,7.3,4,30.8,15.4,2015,6
WBA,1,1,1,0,0,0,0,11,7,0,2,3,0,8.7,6,54.5,9.1,2015,6
WHU,1,2,1,1,1,0,1,6,4,2,2,0,0,15.8,3,50.0,33.3,2015,6
ARS,1,5,4,1,3,0,1,27,23,5,2,14,0,3.5,11,40.7,18.5,2015,7
AVL,1,2,2,0,1,0,0,10,8,1,2,1,0,9.6,4,40.0,20.0,2015,7
BOU,1,1,1,0,0,0,0,12,5,1,4,4,0,7.9,6,50.0,8.3,2015,7
CHE,1,2,0,2,0,0,1,16,7,2,5,4,0,6.1,4,25.0,12.5,2015,7
CRY,1,1,1,0,1,1,0,16,8,4,7,5,1,6.0,3,18.8,6.3,2015,7
EVE,1,3,3,0,3,0,0,12,7,5,3,3,0,8.0,4,33.3,25.0,2015,7
LEI,1,2,2,0,0,0,0,16,11,2,3,3,2,5.9,7,43.8,12.5,2015,7
LIV,1,3,2,1,1,0,0,21,14,1,4,7,0,4.6,12,57.1,14.3,2015,7
MCI,1,1,1,0,1,0,0,22,13,1,7,8,0,4.3,8,36.4,4.5,2015,7
MUN,1,3,3,0,3,0,0,12,6,4,3,4,0,7.9,7,58.3,25.0,2015,7
NEW,1,2,2,0,0,0,1,11,6,1,1,3,0,8.9,5,45.5,18.2,2015,7
NOR,1,2,2,0,1,0,0,16,9,2,4,4,0,5.9,7,43.8,12.5,2015,7
SOU,1,3,2,1,1,0,1,17,12,1,5,3,0,5.6,6,35.3,17.6,2015,7
STK,1,2,2,0,2,0,1,8,7,4,3,1,0,11.9,5,62.5,25.0,2015,7
SUN,1,0,0,0,0,0,0,9,5,1,3,4,0,10.6,4,44.4,0.0,2015,7
SWA,1,1,1,0,1,1,0,11,4,2,1,3,0,8.6,4,36.4,9.1,2015,7
TOT,1,4,3,1,2,0,2,15,12,3,4,4,1,6.3,8,53.3,26.7,2015,7
WAT,1,0,0,0,0,0,0,15,6,0,7,4,1,6.4,2,13.3,0.0,2015,7
WBA,1,2,2,0,2,0,1,9,4,2,2,1,0,10.7,4,44.4,22.2,2015,7
WHU,1,2,2,0,2,0,1,19,13,5,6,4,0,5.0,7,36.8,10.5,2015,7
ARS,1,3,3,0,1,0,0,12,9,3,2,2,1,7.8,5,41.7,25.0,2015,8
AVL,1,0,0,0,0,0,0,13,6,1,5,7,0,7.4,2,15.4,0.0,2015,8
BOU,1,1,1,0,1,0,0,12,6,2,2,2,0,7.9,6,50.0,8.3,2015,8
CHE,1,1,0,1,0,0,1,10,4,0,3,3,0,9.5,3,30.0,10.0,2015,8
CRY,1,2,2,0,2,1,1,21,8,2,8,6,0,4.5,8,38.1,9.5,2015,8
EVE,1,1,1,0,1,0,0,14,6,2,4,8,0,6.7,4,28.6,7.1,2015,8
LEI,1,2,2,0,2,1,0,16,15,5,3,3,0,6.1,5,31.3,12.5,2015,8
LIV,1,1,1,0,1,0,1,13,11,1,6,4,0,7.2,4,30.8,7.7,2015,8
MCI,1,6,4,2,3,0,1,23,14,4,6,4,1,4.1,11,47.8,26.1,2015,8
MUN,1,0,0,0,0,0,0,9,2,2,1,1,0,10.3,5,55.6,0.0,2015,8
NEW,1,1,1,0,1,0,0,6,4,2,0,1,0,15.8,4,66.7,16.7,2015,8
NOR,1,1,1,0,1,0,1,17,11,1,7,6,1,5.7,2,11.8,5.9,2015,8
SOU,1,3,2,1,1,0,1,13,8,3,4,4,0,7.3,5,38.5,23.1,2015,8
STK,1,1,1,0,1,0,0,12,8,1,3,3,0,8.0,5,41.7,8.3,2015,8
SUN,1,2,1,1,0,0,1,12,6,1,2,4,0,8.0,3,25.0,16.7,2015,8
SWA,1,2,1,1,0,0,1,11,7,1,3,4,0,8.6,2,18.2,18.2,2015,8
TOT,1,2,0,2,0,0,2,19,9,1,4,4,0,5.0,11,57.9,10.5,2015,8
WAT,1,1,1,0,1,0,0,11,6,2,4,4,1,8.6,2,18.2,9.1,2015,8
WBA,1,0,0,0,0,0,0,7,3,0,2,2,0,13.6,2,28.6,0.0,2015,8
WHU,1,2,2,0,1,0,0,20,12,2,5,5,0,4.8,6,30.0,10.0,2015,8
ARS,1,3,3,0,3,0,0,17,13,4,2,6,1,5.5,6,35.3,17.6,2015,9
AVL,1,0,0,0,0,0,0,10,7,1,5,3,0,9.5,1,10.0,0.0,2015,9
BOU,1,1,0,1,0,0,0,5,1,0,0,1,0,18.8,1,20.0,20.0,2015,9
CHE,1,2,1,1,1,0,0,9,6,2,4,3,0,10.4,3,33.3,22.2,2015,9
CRY,1,1,1,0,1,1,0,6,5,1,2,2,0,15.8,1,16.7,16.7,2015,9
EVE,1,0,0,0,0,0,0,12,7,0,5,3,0,7.8,3,25.0,0.0,2015,9
LEI,1,2,2,0,2,0,0,27,16,5,9,8,0,3.6,7,25.9,7.4,2015,9
LIV,1,0,0,0,0,0,0,12,4,1,3,5,1,7.8,3,25.0,0.0,2015,9
MCI,1,5,5,0,4,0,0,16,12,7,0,0,0,5.9,11,68.8,31.3,2015,9
MUN,1,3,3,0,3,0,1,10,7,4,2,2,0,9.3,6,60.0,30.0,2015,9
NEW,1,6,5,1,4,0,0,11,10,4,1,3,0,8.5,6,54.5,54.5,2015,9
NOR,1,2,2,0,1,0,0,18,8,1,6,7,2,5.2,5,27.8,11.1,2015,9
SOU,1,2,2,0,1,0,2,13,9,2,4,3,1,7.4,5,38.5,15.4,2015,9
STK,1,1,1,0,1,1,0,9,6,2,1,1,0,10.4,2,22.2,11.1,2015,9
SUN,1,0,0,0,0,0,0,9,4,1,4,6,0,10.4,2,22.2,0.0,2015,9
SWA,1,0,0,0,0,0,0,14,5,0,2,2,1,6.7,2,14.3,0.0,2015,9
TOT,1,0,0,0,0,0,0,13,5,0,3,5,0,7.2,4,30.8,0.0,2015,9
WAT,1,0,0,0,0,0,0,8,2,0,1,1,0,11.8,1,12.5,0.0,2015,9
WBA,1,1,1,0,1,0,0,9,7,2,0,2,0,10.4,2,22.2,11.1,2015,9
WHU,1,3,3,0,3,0,0,24,12,4,6,8,1,4.0,4,16.7,12.5,2015,9
ARS,1,2,2,0,2,0,1,20,15,3,6,6,2,4.8,5,25.0,10.0,2015,10
AVL,1,1,1,0,1,0,0,9,6,2,3,1,0,10.6,3,33.3,11.1,2015,10
BOU,1,1,1,0,0,0,0,11,6,0,3,3,1,8.4,2,18.2,9.1,2015,10
CHE,1,1,1,0,1,0,1,8,5,1,4,1,0,11.9,3,37.5,12.5,2015,10
CRY,1,0,0,0,0,0,0,9,3,0,2,2,0,10.6,4,44.4,0.0,2015,10
EVE,1,1,0,1,0,0,0,10,5,0,3,2,1,9.5,5,50.0,10.0,2015,10
LEI,1,1,1,0,1,0,0,12,3,1,3,4,1,7.9,3,25.0,8.3,2015,10
LIV,1,1,1,0,0,0,0,15,8,0,3,5,0,6.3,2,13.3,6.7,2015,10
MCI,1,0,0,0,0,0,0,6,3,0,3,3,0,15.7,1,16.7,0.0,2015,10
MUN,1,0,0,0,0,0,0,6,4,0,3,3,1,15.7,1,16.7,0.0,2015,10
NEW,1,0,0,0,0,0,0,21,13,1,5,5,0,4.5,8,38.1,0.0,2015,10
NOR,1,0,0,0,0,0,0,16,8,1,4,4,0,5.9,3,18.8,0.0,2015,10
SOU,1,1,1,0,1,0,1,8,7,3,3,2,0,11.9,3,37.5,12.5,2015,10
STK,1,0,0,0,0,0,0,11,4,2,2,3,0,8.6,1,9.1,0.0,2015,10
SUN,1,3,3,0,3,1,1,9,6,3,2,5,1,10.6,3,33.3,33.3,2015,10
SWA,1,2,1,1,1,0,1,10,5,3,3,1,0,9.5,4,40.0,20.0,2015,10
TOT,1,5,5,0,5,1,2,14,9,5,5,3,1,6.6,9,64.3,35.7,2015,10
WAT,1,2,1,1,0,0,0,13,6,1,2,5,2,7.3,3,23.1,15.4,2015,10
WBA,1,1,1,0,1,0,0,7,4,3,1,0,0,13.4,4,57.1,14.3,2015,10
WHU,1,2,2,0,0,0,1,12,6,1,3,3,0,8.0,5,41.7,16.7,2015,10
ARS,1,3,3,0,3,0,1,14,9,4,5,2,0,6.8,5,35.7,21.4,2015,11
AVL,1,1,0,1,0,0,0,13,5,0,3,6,1,7.3,2,15.4,7.7,2015,11
BOU,1,0,0,0,0,0,0,16,7,0,6,5,0,5.9,2,12.5,0.0,2015,11
CHE,1,1,1,0,1,0,0,8,5,1,0,4,0,11.9,2,25.0,12.5,2015,11
CRY,1,0,0,0,0,0,0,10,10,1,5,2,0,9.4,5,50.0,0.0,2015,11
EVE,1,6,5,1,4,0,0,15,8,4,1,2,0,6.3,8,53.3,40.0,2015,11
LEI,1,3,3,0,3,0,0,13,10,4,2,5,0,7.4,5,38.5,23.1,2015,11
LIV,1,3,2,1,0,0,0,16,10,0,2,4,0,5.9,7,43.8,18.8,2015,11
MCI,1,2,2,0,1,1,1,21,15,3,7,6,0,4.6,5,23.8,9.5,2015,11
MUN,1,0,0,0,0,0,0,5,2,0,2,2,0,18.8,1,20.0,0.0,2015,11
NEW,1,0,0,0,0,0,0,15,11,1,6,4,1,6.3,6,40.0,0.0,2015,11
NOR,1,1,1,0,1,0,1,5,4,1,4,1,0,19.4,3,60.0,20.0,2015,11
SOU,1,2,2,0,1,0,0,11,7,1,4,5,0,8.6,2,18.2,18.2,2015,11
STK,1,0,0,0,0,0,0,9,8,2,0,1,0,10.6,2,22.2,0.0,2015,11
SUN,1,2,2,0,0,0,0,17,11,1,1,5,2,5.5,9,52.9,11.8,2015,11
SWA,1,0,0,0,0,0,0,7,2,1,3,3,0,13.6,3,42.9,0.0,2015,11
TOT,1,3,3,0,1,0,0,17,10,1,6,7,0,5.6,6,35.3,17.6,2015,11
WAT,1,2,2,0,0,0,0,20,15,1,7,9,0,4.8,5,25.0,10.0,2015,11
WBA,1,2,2,0,1,1,1,14,8,1,4,3,0,6.9,6,42.9,14.3,2015,11
WHU,1,0,0,0,0,0,0,8,5,1,3,0,1,12.0,3,37.5,0.0,2015,11
ARS,1,1,1,0,1,0,0,10,9,4,6,1,1,9.4,4,40.0,10.0,2015,12
AVL,1,0,0,0,0,0,0,3,1,0,2,0,0,31.7,0,0.0,0.0,2015,12
BOU,1,0,0,0,0,0,0,20,10,1,5,7,0,4.9,5,25.0,0.0,2015,12
CHE,1,0,0,0,0,0,0,19,10,0,1,7,1,5.0,4,21.1,0.0,2015,12
CRY,1,2,2,0,1,0,1,9,5,2,3,1,0,10.6,4,44.4,22.2,2015,12
EVE,1,1,1,0,1,0,0,13,7,1,5,3,0,7.4,4,30.8,7.7,2015,12
LEI,1,2,2,0,1,1,0,12,7,1,3,2,0,7.9,6,50.0,16.7,2015,12
LIV,1,1,1,0,1,0,0,22,16,2,6,9,0,4.3,4,18.2,4.5,2015,12
MCI,1,0,0,0,0,0,0,13,10,3,7,5,1,7.3,3,23.1,0.0,2015,12
MUN,1,2,1,1,1,1,0,13,7,1,3,5,0,7.3,3,23.1,15.4,2015,12
NEW,1,1,1,0,0,0,0,2,2,1,1,0,0,48.5,1,50.0,50.0,2015,12
NOR,1,1,1,0,1,0,1,9,4,2,3,0,0,10.7,5,55.6,11.1,2015,12
SOU,1,1,1,0,1,1,0,14,9,2,1,5,0,6.9,4,28.6,7.1,2015,12
STK,1,1,1,0,1,0,0,8,6,1,0,1,0,11.9,2,25.0,12.5,2015,12
SUN,1,0,0,0,0,0,0,9,5,0,4,1,0,10.7,3,33.3,0.0,2015,12
SWA,1,0,0,0,0,0,0,8,4,0,1,1,1,12.0,0,0.0,0.0,2015,12
TOT,1,1,1,0,1,0,0,14,10,1,3,3,0,6.7,4,28.6,7.1,2015,12
WAT,1,1,1,0,1,1,0,8,3,1,1,0,1,11.9,4,50.0,12.5,2015,12
WBA,1,0,0,0,0,0,0,4,3,1,2,1,0,23.8,0,0.0,0.0,2015,12
WHU,1,1,1,0,0,0,0,16,8,0,2,3,0,6.0,5,31.3,6.3,2015,12
ARS,1,1,1,0,1,0,1,11,7,3,3,1,1,8.6,3,27.3,9.1,2015,13
AVL,1,0,0,0,0,0,0,10,3,0,2,4,0,9.4,3,30.0,0.0,2015,13
BOU,1,2,2,0,1,0,0,16,9,1,3,6,0,5.9,4,25.0,12.5,2015,13
CHE,1,1,1,0,1,0,1,21,12,3,6,5,1,4.5,7,33.3,4.8,2015,13
CRY,1,0,0,0,0,0,0,19,6,0,4,4,0,5.1,7,36.8,0.0,2015,13
EVE,1,4,4,0,3,0,0,16,11,4,1,3,0,5.9,9,56.3,25.0,2015,13
LEI,1,3,3,0,2,0,0,18,15,4,6,6,1,5.2,7,38.9,16.7,2015,13
LIV,1,4,3,1,2,0,1,14,10,5,4,3,0,6.8,9,64.3,28.6,2015,13
MCI,1,1,0,1,0,0,0,11,5,1,3,3,0,8.6,3,27.3,9.1,2015,13
MUN,1,2,1,1,1,0,1,13,8,2,4,2,0,7.4,6,46.2,15.4,2015,13
NEW,1,0,0,0,0,0,0,9,6,0,5,5,0,10.4,0,0.0,0.0,2015,13
NOR,1,0,0,0,0,0,0,4,3,0,1,1,0,23.8,2,50.0,0.0,2015,13
SOU,1,0,0,0,0,0,0,15,9,0,5,1,0,6.3,1,6.7,0.0,2015,13
STK,1,1,1,0,0,0,0,16,8,1,0,2,0,5.9,3,18.8,6.3,2015,13
SUN,1,1,1,0,1,0,0,12,9,1,4,3,0,8.0,3,25.0,8.3,2015,13
SWA,1,2,2,0,2,1,0,11,7,3,2,5,0,8.6,4,36.4,18.2,2015,13
TOT,1,4,3,1,2,0,1,22,14,6,3,5,2,4.3,12,54.5,18.2,2015,13
WAT,1,1,1,0,1,1,0,10,8,1,1,3,0,9.6,5,50.0,10.0,2015,13
WBA,1,2,1,1,0,0,1,4,3,0,3,1,1,23.8,1,25.0,50.0,2015,13
WHU,1,1,1,0,0,0,0,10,4,1,4,3,1,9.4,4,40.0,10.0,2015,13
ARS,1,1,1,0,1,0,0,12,7,2,1,5,0,7.8,2,16.7,8.3,2015,14
AVL,1,2,1,1,0,0,1,12,6,2,6,2,0,8.5,6,50.0,16.7,2015,14
BOU,1,3,2,1,2,0,1,19,13,3,6,5,0,5.2,9,47.4,15.8,2015,14
CHE,1,0,0,0,0,0,0,5,3,0,0,1,0,19.0,1,20.0,0.0,2015,14
CRY,1,5,4,1,1,0,1,19,9,1,3,5,0,4.9,8,42.1,26.3,2015,14
EVE,1,3,3,0,0,0,1,11,7,2,2,4,0,9.0,6,54.5,27.3,2015,14
LEI,1,1,1,0,0,0,0,7,3,1,0,2,0,13.1,3,42.9,14.3,2015,14
LIV,1,1,1,0,1,1,0,10,8,2,3,5,0,9.6,2,20.0,10.0,2015,14
MCI,1,3,2,1,1,0,1,16,8,2,6,7,0,5.9,8,50.0,18.8,2015,14
MUN,1,1,1,0,1,0,1,10,6,1,4,4,0,9.2,2,20.0,10.0,2015,14
NEW,1,1,1,0,1,0,0,7,5,1,2,4,0,13.4,2,28.6,14.3,2015,14
NOR,1,1,1,0,1,0,0,7,3,2,2,1,0,13.4,2,28.6,14.3,2015,14
SOU,1,1,1,0,1,0,1,12,7,2,4,2,1,7.8,8,66.7,8.3,2015,14
STK,1,0,0,0,0,0,0,7,4,1,2,1,0,13.6,3,42.9,0.0,2015,14
SUN,1,2,1,1,0,0,1,18,9,0,6,6,0,5.3,5,27.8,11.1,2015,14
SWA,1,0,0,0,0,0,0,9,4,0,3,4,0,10.7,0,0.0,0.0,2015,14
TOT,1,0,0,0,0,0,0,9,2,0,0,3,0,10.6,4,44.4,0.0,2015,14
WAT,1,3,2,1,1,0,0,14,8,2,2,6,0,7.3,6,42.9,21.4,2015,14
WBA,1,1,0,1,0,0,0,7,5,1,1,0,0,13.6,3,42.9,14.3,2015,14
WHU,1,1,0,1,0,0,1,17,12,1,6,3,0,5.6,6,35.3,5.9,2015,14
ARS,1,3,3,0,2,0,0,16,10,4,1,6,0,6.0,6,37.5,18.8,2015,15
AVL,1,1,1,0,1,0,1,9,5,2,3,3,0,10.9,2,22.2,11.1,2015,15
BOU,1,1,1,0,1,0,1,15,10,2,3,6,0,6.3,5,33.3,6.7,2015,15
CHE,1,0,0,0,0,0,0,19,13,1,3,4,0,5.0,6,31.6,0.0,2015,15
CRY,1,1,1,0,0,0,1,14,9,1,6,1,0,6.7,5,35.7,7.1,2015,15
EVE,1,1,1,0,1,0,0,19,8,1,2,7,2,4.9,4,21.1,5.3,2015,15
LEI,1,3,3,0,1,0,1,16,10,3,3,6,0,5.9,5,31.3,18.8,2015,15
LIV,1,0,0,0,0,0,0,10,5,1,4,2,0,9.7,1,10.0,0.0,2015,15
MCI,1,0,0,0,0,0,0,11,5,0,2,1,0,8.5,4,36.4,0.0,2015,15
MUN,1,0,0,0,0,0,0,21,13,1,8,9,0,4.5,1,4.8,0.0,2015,15
NEW,1,2,1,1,1,0,0,6,4,1,2,1,0,16.2,1,16.7,33.3,2015,15
NOR,1,0,0,0,0,0,0,7,4,0,1,2,0,13.9,1,14.3,0.0,2015,15
SOU,1,1,1,0,0,0,1,23,17,3,9,7,0,4.3,4,17.4,4.3,2015,15
STK,1,2,2,0,2,0,0,7,6,5,0,0,2,13.4,4,57.1,28.6,2015,15
SUN,1,1,0,1,0,0,1,11,6,3,2,1,0,8.6,4,36.4,9.1,2015,15
SWA,1,0,0,0,0,0,0,10,8,1,2,0,2,9.4,2,20.0,0.0,2015,15
TOT,1,1,1,0,1,0,0,9,4,2,2,4,0,10.4,3,33.3,11.1,2015,15
WAT,1,2,2,0,2,1,0,14,9,3,2,3,0,6.9,7,50.0,14.3,2015,15
WBA,1,1,1,0,1,0,0,11,6,2,3,4,0,8.5,4,36.4,9.1,2015,15
WHU,1,0,0,0,0,0,0,9,5,3,3,2,1,10.4,2,22.2,0.0,2015,15
ARS,1,2,2,0,2,1,0,8,7,2,1,1,0,11.9,4,50.0,25.0,2015,16
AVL,1,0,0,0,0,0,0,18,7,1,2,4,0,5.3,2,11.1,0.0,2015,16
BOU,1,2,1,1,0,0,2,11,6,2,5,0,0,8.8,5,45.5,18.2,2015,16
CHE,1,1,1,0,1,0,0,11,8,4,5,5,1,8.7,3,27.3,9.1,2015,16
CRY,1,1,1,0,1,0,0,12,9,1,3,4,0,7.8,5,41.7,8.3,2015,16
EVE,1,1,1,0,1,0,1,15,11,4,2,2,1,6.3,3,20.0,6.7,2015,16
LEI,1,2,2,0,1,0,0,9,5,1,1,1,0,10.7,5,55.6,22.2,2015,16
LIV,1,2,1,1,1,0,0,28,12,2,2,9,0,3.6,8,28.6,7.1,2015,16
MCI,1,2,2,0,1,0,1,13,8,1,5,4,0,7.3,5,38.5,15.4,2015,16
MUN,1,1,1,0,1,0,0,11,9,3,5,3,0,8.8,5,45.5,9.1,2015,16
NEW,1,2,2,0,1,0,1,8,8,2,2,2,0,11.9,4,50.0,25.0,2015,16
NOR,1,1,1,0,1,0,1,9,5,2,3,3,0,10.4,1,11.1,11.1,2015,16
SOU,1,0,0,0,0,0,0,15,9,1,5,4,0,6.3,3,20.0,0.0,2015,16
STK,1,0,0,0,0,0,0,12,9,3,4,5,0,7.9,3,25.0,0.0,2015,16
SUN,1,0,0,0,0,0,0,14,8,1,1,1,0,6.7,2,14.3,0.0,2015,16
SWA,1,1,1,0,0,0,0,13,10,1,5,3,0,7.3,7,53.8,7.7,2015,16
TOT,1,1,1,0,0,0,1,20,7,1,5,5,0,4.8,8,40.0,5.0,2015,16
WAT,1,1,1,0,1,0,0,13,9,3,0,4,1,7.2,7,53.8,7.7,2015,16
WBA,1,2,2,0,1,0,2,4,3,1,2,0,0,25.0,2,50.0,50.0,2015,16
WHU,1,0,0,0,0,0,0,24,13,0,6,9,1,4.0,9,37.5,0.0,2015,16
ARS,1,2,1,1,0,0,0,8,6,3,0,0,0,11.9,5,62.5,25.0,2015,17
AVL,1,1,1,0,0,0,1,10,5,1,4,0,0,9.4,7,70.0,10.0,2015,17
BOU,1,2,1,1,1,1,0,16,7,3,2,5,1,6.1,6,37.5,12.5,2015,17
CHE,1,3,3,0,2,1,1,17,11,4,4,4,0,5.5,7,41.2,17.6,2015,17
CRY,1,2,1,1,1,1,1,12,8,3,4,2,0,8.0,3,25.0,16.7,2015,17
EVE,1,2,2,0,1,0,0,13,10,3,4,4,0,7.3,4,30.8,15.4,2015,17
LEI,1,3,3,0,2,2,0,10,7,2,3,0,0,9.5,5,50.0,30.0,2015,17
LIV,1,0,0,0,0,0,0,12,7,0,1,4,0,7.8,4,33.3,0.0,2015,17
MCI,1,1,0,1,0,0,0,20,11,1,7,6,0,4.8,6,30.0,5.0,2015,17
MUN,1,1,1,0,1,0,0,11,6,2,3,3,0,8.6,2,18.2,9.1,2015,17
NEW,1,1,1,0,0,0,1,8,8,2,3,0,0,11.8,4,50.0,12.5,2015,17
NOR,1,2,1,1,0,0,0,6,2,0,0,0,0,15.8,4,66.7,33.3,2015,17
SOU,1,0,0,0,0,0,0,11,8,2,1,5,0,8.6,4,36.4,0.0,2015,17
STK,1,1,1,0,1,1,0,26,11,2,10,11,1,3.7,5,19.2,3.8,2015,17
SUN,1,1,1,0,1,0,1,11,7,1,4,2,0,8.5,3,27.3,9.1,2015,17
SWA,1,0,0,0,0,0,0,22,11,0,10,11,0,4.3,2,9.1,0.0,2015,17
TOT,1,2,2,0,2,0,0,12,8,2,3,3,0,7.9,5,41.7,16.7,2015,17
WAT,1,3,3,0,2,0,1,6,5,3,1,1,0,15.7,5,83.3,50.0,2015,17
WBA,1,1,1,0,0,0,1,7,5,1,3,3,0,13.9,2,28.6,14.3,2015,17
WHU,1,0,0,0,0,0,0,11,6,0,4,3,0,8.7,2,18.2,0.0,2015,17
ARS,1,0,0,0,0,0,0,8,7,1,2,0,0,11.9,5,62.5,0.0,2015,18
AVL,1,1,1,0,1,1,0,15,9,2,6,3,0,6.4,7,46.7,6.7,2015,18
BOU,1,0,0,0,0,0,0,10,5,1,2,2,0,9.4,4,40.0,0.0,2015,18
CHE,1,2,2,0,1,0,1,17,10,2,5,7,0,5.6,2,11.8,11.8,2015,18
CRY,1,0,0,0,0,0,0,8,6,0,4,4,0,11.8,0,0.0,0.0,2015,18
EVE,1,1,1,0,0,0,1,20,11,2,5,8,0,4.7,7,35.0,5.0,2015,18
LEI,1,0,0,0,0,0,0,7,5,0,2,1,0,13.7,3,42.9,0.0,2015,18
LIV,1,1,1,0,0,0,0,26,13,2,7,10,0,3.7,4,15.4,3.8,2015,18
MCI,1,4,3,1,1,0,1,19,12,3,6,4,0,4.9,9,47.4,21.1,2015,18
MUN,1,0,0,0,0,0,0,11,6,2,3,2,0,8.5,6,54.5,0.0,2015,18
NEW,1,0,0,0,0,0,0,10,7,2,1,3,0,9.4,1,10.0,0.0,2015,18
NOR,1,0,0,0,0,0,0,11,7,0,3,1,0,8.5,3,27.3,0.0,2015,18
SOU,1,4,3,1,3,0,1,14,9,4,1,4,1,6.8,5,35.7,28.6,2015,18
STK,1,2,1,1,1,0,1,13,3,1,7,2,0,7.2,3,23.1,15.4,2015,18
SUN,1,1,1,0,1,0,1,11,9,2,6,0,0,8.5,3,27.3,9.1,2015,18
SWA,1,1,1,0,1,0,0,7,5,1,1,2,1,13.7,2,28.6,14.3,2015,18
TOT,1,3,2,1,1,1,0,15,12,3,4,2,0,6.2,10,66.7,20.0,2015,18
WAT,1,2,1,1,1,1,0,12,7,2,3,5,0,7.9,2,16.7,16.7,2015,18
WBA,1,0,0,0,0,0,0,9,7,0,2,3,0,10.7,3,33.3,0.0,2015,18
WHU,1,1,0,1,0,0,0,10,6,1,3,2,1,9.6,4,40.0,10.0,2015,18
ARS,1,2,2,0,2,0,1,12,11,6,5,2,0,7.8,6,50.0,16.7,2015,19
AVL,1,0,0,0,0,0,0,6,2,0,2,1,0,16.2,3,50.0,0.0,2015,19
BOU,1,0,0,0,0,0,0,10,4,0,2,4,0,9.4,3,30.0,0.0,2015,19
CHE,1,0,0,0,0,0,0,8,6,2,2,0,0,11.8,3,37.5,0.0,2015,19
CRY,1,0,0,0,0,0,0,10,6,1,5,2,0,9.5,2,20.0,0.0,2015,19
EVE,1,3,3,0,3,0,0,15,10,3,1,6,0,6.3,3,20.0,20.0,2015,19
LEI,1,0,0,0,0,0,0,11,5,1,2,0,0,8.5,4,36.4,0.0,2015,19
LIV,1,1,1,0,1,0,0,17,10,3,5,4,0,5.6,6,35.3,5.9,2015,19
MCI,1,0,0,0,0,0,0,21,14,1,9,7,0,4.5,5,23.8,0.0,2015,19
MUN,1,0,0,0,0,0,0,12,4,2,1,5,2,7.8,2,16.7,0.0,2015,19
NEW,1,0,0,0,0,0,0,7,7,0,2,2,1,13.6,2,28.6,0.0,2015,19
NOR,1,2,2,0,2,0,0,9,4,2,4,1,0,10.8,4,44.4,22.2,2015,19
SOU,1,1,0,1,0,0,0,14,7,1,4,3,0,6.8,3,21.4,7.1,2015,19
STK,1,4,4,0,2,1,0,8,6,2,2,2,0,11.8,5,62.5,50.0,2015,19
SUN,1,0,0,0,0,0,0,8,3,0,3,2,0,12.0,3,37.5,0.0,2015,19
SWA,1,0,0,0,0,0,0,5,1,0,2,2,0,19.0,3,60.0,0.0,2015,19
TOT,1,2,1,1,0,0,0,10,5,0,1,0,0,9.5,3,30.0,20.0,2015,19
WAT,1,1,1,0,1,0,0,9,5,1,4,4,0,10.6,1,11.1,11.1,2015,19
WBA,1,1,1,0,1,0,0,22,17,2,8,13,1,4.3,4,18.2,4.5,2015,19
WHU,1,2,2,0,1,0,0,13,9,4,3,2,1,7.3,4,30.8,15.4,2015,19
ARS,1,1,1,0,1,0,1,15,12,2,4,2,0,6.3,3,20.0,6.7,2015,20
AVL,1,1,1,0,0,0,0,8,5,0,0,0,0,11.9,3,37.5,12.5,2015,20
BOU,1,0,0,0,0,0,0,9,5,2,1,5,0,10.6,0,0.0,0.0,2015,20
CHE,1,3,2,1,2,0,0,10,7,3,1,4,0,9.4,4,40.0,30.0,2015,20
CRY,1,0,0,0,0,0,0,8,4,1,2,2,0,11.8,4,50.0,0.0,2015,20
EVE,1,1,1,0,0,0,0,12,8,0,2,5,0,7.8,3,25.0,8.3,2015,20
LEI,1,0,0,0,0,0,0,16,9,3,5,2,1,5.9,2,12.5,0.0,2015,20
LIV,1,0,0,0,0,0,0,23,9,3,8,13,1,4.1,1,4.3,0.0,2015,20
MCI,1,2,2,0,0,0,1,16,8,0,3,4,0,5.9,5,31.3,12.5,2015,20
MUN,1,2,2,0,1,0,0,19,16,1,4,8,0,5.0,6,31.6,10.5,2015,20
NEW,1,0,0,0,0,0,0,15,11,1,2,4,0,6.3,6,40.0,0.0,2015,20
NOR,1,1,1,0,0,0,0,10,6,2,1,2,0,9.4,1,10.0,10.0,2015,20
SOU,1,0,0,0,0,0,0,10,8,1,2,1,0,9.4,4,40.0,0.0,2015,20
STK,1,1,1,0,1,0,0,10,6,1,5,5,0,9.7,3,30.0,10.0,2015,20
SUN,1,3,2,1,0,0,0,13,7,0,4,3,0,7.3,5,38.5,23.1,2015,20
SWA,1,1,1,0,0,0,0,9,8,1,1,2,1,10.6,4,44.4,11.1,2015,20
TOT,1,1,1,0,0,0,0,19,4,0,3,11,2,4.9,4,21.1,5.3,2015,20
WAT,1,1,0,1,0,0,1,12,6,2,4,2,0,7.9,4,33.3,8.3,2015,20
WBA,1,2,2,0,1,0,1,17,11,1,6,6,0,5.7,5,29.4,11.8,2015,20
WHU,1,2,2,0,0,0,0,18,14,1,4,3,1,5.2,10,55.6,11.1,2015,20
ARS,1,3,3,0,1,0,1,14,11,4,3,5,0,6.7,4,28.6,21.4,2015,21
AVL,1,1,1,1,0,0,1,13,6,0,4,7,0,7.2,3,23.1,7.7,2015,21
BOU,1,1,0,1,0,0,0,11,2,2,1,4,0,8.6,4,36.4,9.1,2015,21
CHE,1,2,1,1,1,0,0,14,7,1,2,4,0,6.9,2,14.3,14.3,2015,21
CRY,1,0,0,0,0,0,0,9,4,1,3,1,1,10.4,1,11.1,0.0,2015,21
EVE,1,0,0,0,0,0,0,7,6,0,1,2,0,13.4,2,28.6,0.0,2015,21
LEI,1,1,1,0,0,0,1,10,7,0,5,5,0,9.5,2,20.0,10.0,2015,21
LIV,1,3,2,1,0,0,1,22,12,1,5,10,1,4.3,6,27.3,13.6,2015,21
MCI,1,0,0,0,0,0,0,22,15,1,6,10,0,4.3,5,22.7,0.0,2015,21
MUN,1,3,2,1,1,1,0,12,8,4,3,3,0,7.9,4,33.3,25.0,2015,21
NEW,1,3,3,0,1,1,0,14,10,2,1,4,0,6.8,6,42.9,21.4,2015,21
NOR,1,1,0,1,0,0,0,5,2,0,1,0,0,18.8,2,40.0,20.0,2015,21
SOU,1,2,2,0,0,0,0,15,10,3,4,2,1,6.4,6,40.0,13.3,2015,21
STK,1,3,1,2,1,0,1,14,7,2,3,3,0,6.7,4,28.6,21.4,2015,21
SUN,1,4,3,1,3,0,0,7,7,4,0,0,1,13.6,4,57.1,57.1,2015,21
SWA,1,2,2,0,1,1,0,10,4,1,1,2,0,9.5,5,50.0,20.0,2015,21
TOT,1,0,0,0,0,0,0,21,10,1,5,11,0,4.5,5,23.8,0.0,2015,21
WAT,1,0,0,0,0,0,0,4,1,0,0,3,0,24.0,1,25.0,0.0,2015,21
WBA,1,2,0,2,0,0,0,13,7,0,2,2,0,7.4,5,38.5,15.4,2015,21
WHU,1,3,1,2,1,0,2,10,3,3,4,1,0,9.5,5,50.0,30.0,2015,21
ARS,1,0,0,0,0,0,0,8,4,1,2,4,0,11.8,3,37.5,0.0,2015,22
AVL,1,1,1,0,0,0,0,14,9,0,3,4,0,6.9,5,35.7,7.1,2015,22
BOU,1,3,3,0,3,1,0,15,8,4,3,3,0,6.3,6,40.0,20.0,2015,22
CHE,1,3,3,0,2,0,0,14,8,3,2,4,0,7.1,7,50.0,21.4,2015,22
CRY,1,0,0,0,0,0,0,9,5,1,4,1,0,10.3,3,33.3,0.0,2015,22
EVE,1,3,2,1,1,0,1,9,6,3,1,2,1,11.1,4,44.4,33.3,2015,22
LEI,1,1,1,0,1,0,0,12,7,3,4,2,0,8.0,5,41.7,8.3,2015,22
LIV,1,0,0,0,0,0,0,19,7,1,2,5,0,4.9,4,21.1,0.0,2015,22
MCI,1,4,2,2,2,0,0,17,9,2,6,7,0,5.5,4,23.5,23.5,2015,22
MUN,1,1,1,0,1,0,1,7,4,1,3,1,1,13.4,1,14.3,14.3,2015,22
NEW,1,2,1,1,1,0,0,23,13,1,1,5,0,4.3,10,43.5,8.7,2015,22
NOR,1,0,0,0,0,0,0,10,6,1,2,4,0,9.5,3,30.0,0.0,2015,22
SOU,1,3,2,1,1,1,1,9,6,1,1,3,0,10.4,4,44.4,33.3,2015,22
STK,1,0,0,0,0,0,0,14,7,0,3,6,0,6.7,5,35.7,0.0,2015,22
SUN,1,1,1,0,1,0,0,5,2,1,1,1,0,18.6,2,40.0,20.0,2015,22
SWA,1,1,1,0,0,0,1,10,4,0,2,4,1,9.4,2,20.0,10.0,2015,22
TOT,1,4,3,1,1,1,1,26,14,2,9,6,0,3.6,11,42.3,15.4,2015,22
WAT,1,0,0,0,0,0,0,13,3,0,5,3,0,7.2,2,15.4,0.0,2015,22
WBA,1,0,0,0,0,0,0,10,3,0,3,3,0,9.4,0,0.0,0.0,2015,22
WHU,1,1,1,0,1,0,0,10,6,1,2,2,0,9.8,3,30.0,10.0,2015,22
ARS,1,0,0,0,0,0,0,9,7,2,2,1,0,10.7,1,11.1,0.0,2015,23
AVL,1,0,0,0,0,0,0,15,6,0,1,4,0,6.3,4,26.7,0.0,2015,23
BOU,1,1,1,0,0,0,0,15,8,1,2,3,0,6.3,5,33.3,6.7,2015,23
CHE,1,1,1,0,1,0,0,12,10,2,3,4,0,8.0,5,41.7,8.3,2015,23
CRY,1,1,0,1,0,0,0,11,7,1,6,5,1,8.7,3,27.3,9.1,2015,23
EVE,1,1,0,1,0,0,1,20,13,3,6,7,1,4.8,2,10.0,5.0,2015,23
LEI,1,3,2,1,2,0,1,15,11,3,4,3,0,6.3,5,33.3,20.0,2015,23
LIV,1,5,5,0,2,0,0,13,8,3,1,4,0,7.4,7,53.8,38.5,2015,23
MCI,1,2,2,0,2,1,0,16,10,2,2,9,1,5.9,3,18.8,12.5,2015,23
MUN,1,0,0,0,0,0,0,8,1,0,2,2,0,12.0,1,12.5,0.0,2015,23
NEW,1,1,1,0,0,0,1,11,10,2,4,1,0,8.6,2,18.2,9.1,2015,23
NOR,1,4,3,1,1,1,2,6,5,1,3,1,0,16.0,5,83.3,66.7,2015,23
SOU,1,1,1,0,1,0,1,7,5,2,5,0,0,13.7,2,28.6,14.3,2015,23
STK,1,0,0,0,0,0,0,3,1,1,1,1,0,31.3,2,66.7,0.0,2015,23
SUN,1,1,1,0,0,0,0,10,5,1,3,4,0,9.5,5,50.0,10.0,2015,23
SWA,1,2,2,0,1,1,0,7,4,1,1,1,0,13.6,5,71.4,28.6,2015,23
TOT,1,3,1,2,1,0,1,24,8,3,5,7,0,4.0,11,45.8,12.5,2015,23
WAT,1,2,2,0,2,0,1,13,10,5,2,1,0,7.3,5,38.5,15.4,2015,23
WBA,1,0,0,0,0,0,0,4,2,0,1,1,0,23.5,0,0.0,0.0,2015,23
WHU,1,2,2,0,1,0,1,10,7,1,6,2,1,9.4,3,30.0,20.0,2015,23
ARS,1,0,0,0,0,0,0,22,21,5,7,6,0,4.4,10,45.5,0.0,2015,24
AVL,1,0,0,0,0,0,0,5,0,0,0,2,0,18.8,2,40.0,0.0,2015,24
BOU,1,2,2,0,1,0,0,8,4,2,2,2,0,12.1,4,50.0,25.0,2015,24
CHE,1,0,0,0,0,0,0,12,9,1,1,5,0,7.8,4,33.3,0.0,2015,24
CRY,1,1,1,0,1,0,1,14,8,2,5,5,0,6.9,3,21.4,7.1,2015,24
EVE,1,3,2,1,2,2,0,18,9,2,5,3,0,5.3,7,38.9,16.7,2015,24
LEI,1,2,1,1,1,0,0,13,3,2,3,3,0,7.2,6,46.2,15.4,2015,24
LIV,1,0,0,0,0,0,0,14,5,0,1,8,0,6.7,1,7.1,0.0,2015,24
MCI,1,1,1,0,1,0,0,7,4,1,2,2,0,13.9,2,28.6,14.3,2015,24
MUN,1,3,3,0,2,0,0,15,11,3,0,5,0,6.3,5,33.3,20.0,2015,24
NEW,1,0,0,0,0,0,0,7,3,1,1,2,0,13.6,3,42.9,0.0,2015,24
NOR,1,0,0,0,0,0,0,11,7,1,5,3,0,8.6,2,18.2,0.0,2015,24
SOU,1,0,0,0,0,0,0,14,6,1,1,7,0,6.9,3,21.4,0.0,2015,24
STK,1,0,0,0,0,0,0,10,2,0,2,3,0,9.4,0,0.0,0.0,2015,24
SUN,1,0,0,0,0,0,0,11,6,1,6,4,1,8.8,2,18.2,0.0,2015,24
SWA,1,1,1,0,0,0,0,18,9,1,3,6,1,5.3,4,22.2,5.6,2015,24
TOT,1,3,3,0,3,1,1,17,12,4,7,2,3,5.6,6,35.3,17.6,2015,24
WAT,1,0,0,0,0,0,0,12,7,0,4,7,0,7.8,3,25.0,0.0,2015,24
WBA,1,1,1,0,1,0,1,17,13,4,5,4,0,5.6,6,35.3,5.9,2015,24
WHU,1,2,2,0,1,0,0,25,14,2,6,3,0,3.8,6,24.0,8.0,2015,24
ARS,1,2,2,0,1,0,0,10,6,2,1,3,0,9.4,5,50.0,20.0,2015,25
AVL,1,2,1,1,1,0,1,10,7,1,2,3,0,9.5,2,20.0,20.0,2015,25
BOU,1,0,0,0,0,0,0,17,6,0,4,6,0,5.5,4,23.5,0.0,2015,25
CHE,1,1,1,0,1,0,0,16,12,2,4,5,0,6.1,5,31.3,6.3,2015,25
CRY,1,1,1,0,1,0,1,12,7,1,4,4,0,7.9,2,16.7,8.3,2015,25
EVE,1,3,3,0,2,1,1,14,13,7,3,5,0,6.7,6,42.9,21.4,2015,25
LEI,1,3,3,0,1,0,2,14,12,4,5,2,0,6.8,7,50.0,21.4,2015,25
LIV,1,2,2,0,2,0,0,16,9,2,1,4,0,5.9,5,31.3,12.5,2015,25
MCI,1,1,1,0,1,0,1,22,16,3,8,6,0,4.3,4,18.2,4.5,2015,25
MUN,1,1,1,0,0,0,0,17,9,0,6,4,0,5.7,7,41.2,5.9,2015,25
NEW,1,1,0,1,1,0,0,19,9,4,4,7,1,5.1,7,36.8,5.3,2015,25
NOR,1,0,0,0,0,0,0,13,9,2,1,5,0,7.3,3,23.1,0.0,2015,25
SOU,1,1,1,0,1,0,0,8,7,1,2,3,0,12.0,2,25.0,12.5,2015,25
STK,1,0,0,0,0,0,0,12,8,0,1,4,0,7.8,3,25.0,0.0,2015,25
SUN,1,2,1,1,0,0,1,7,2,1,2,1,0,13.6,2,28.6,28.6,2015,25
SWA,1,1,0,1,0,0,1,18,11,0,10,7,0,5.3,3,16.7,5.6,2015,25
TOT,1,1,1,0,1,0,0,25,19,2,8,8,0,3.8,8,32.0,4.0,2015,25
WAT,1,0,0,0,0,0,0,3,1,0,0,1,0,32.0,0,0.0,0.0,2015,25
WBA,1,0,0,0,0,0,0,7,3,0,3,4,0,13.7,0,0.0,0.0,2015,25
WHU,1,0,0,0,0,0,0,18,10,1,5,10,0,5.3,2,11.1,0.0,2015,25
ARS,1,2,2,0,1,0,1,24,22,2,6,6,0,4.0,6,25.0,8.3,2015,26
AVL,1,0,0,0,0,0,0,6,3,0,0,1,1,15.7,1,16.7,0.0,2015,26
BOU,1,1,1,0,0,0,0,11,7,2,5,5,0,8.7,2,18.2,9.1,2015,26
CHE,1,5,4,1,3,0,0,14,7,4,4,3,0,6.8,7,50.0,35.7,2015,26
CRY,1,1,1,0,0,0,1,15,5,1,6,2,1,6.5,5,33.3,6.7,2015,26
EVE,1,0,0,0,0,0,0,33,16,1,7,16,1,2.9,5,15.2,0.0,2015,26
LEI,1,1,1,0,1,1,0,7,3,2,1,0,0,13.7,3,42.9,14.3,2015,26
LIV,1,6,3,3,3,0,3,11,7,3,6,1,0,8.5,9,81.8,54.5,2015,26
MCI,1,1,1,0,1,0,0,19,14,3,7,8,0,5.1,4,21.1,5.3,2015,26
MUN,1,1,1,0,1,0,0,12,8,1,0,5,0,7.9,6,50.0,8.3,2015,26
NEW,1,1,0,1,0,0,0,10,5,0,1,5,0,9.5,3,30.0,10.0,2015,26
NOR,1,2,1,1,1,0,0,13,6,1,4,3,0,7.4,3,23.1,15.4,2015,26
SOU,1,1,1,0,1,0,0,14,7,2,2,5,0,6.7,5,35.7,7.1,2015,26
STK,1,3,1,2,1,0,1,11,4,1,3,1,0,8.7,6,54.5,27.3,2015,26
SUN,1,2,0,2,0,0,2,21,12,1,9,7,0,4.5,4,19.0,9.5,2015,26
SWA,1,0,0,0,0,0,0,13,7,1,4,3,0,7.2,2,15.4,0.0,2015,26
TOT,1,2,2,0,2,1,0,6,3,2,0,1,0,16.0,3,50.0,33.3,2015,26
WAT,1,2,2,0,2,1,1,10,5,3,1,4,0,9.8,4,40.0,20.0,2015,26
WBA,1,1,1,0,1,0,1,5,4,1,3,1,0,19.2,1,20.0,20.0,2015,26
WHU,1,2,1,1,1,0,0,11,6,1,3,0,0,8.7,6,54.5,18.2,2015,26
ARS,1,2,2,0,1,0,1,13,10,3,6,3,0,7.4,5,38.5,15.4,2015,27
AVL,1,1,1,0,1,0,0,5,3,1,0,0,0,19.0,1,20.0,20.0,2015,27
BOU,1,0,0,0,0,0,0,11,6,1,2,4,0,8.5,3,27.3,0.0,2015,27
CHE,1,2,2,0,0,0,1,16,7,0,4,3,0,5.9,4,25.0,12.5,2015,27
CRY,1,2,2,0,1,0,1,15,11,1,9,5,0,6.4,2,13.3,13.3,2015,27
LEI,1,1,1,0,1,0,0,13,6,2,3,5,0,7.4,3,23.1,7.7,2015,27
MUN,1,3,2,1,2,0,0,7,3,2,2,1,0,13.7,5,71.4,42.9,2015,27
NOR,1,0,0,0,0,0,0,9,5,1,3,3,0,10.6,1,11.1,0.0,2015,27
SOU,1,1,1,0,1,0,0,7,2,2,2,2,0,13.6,2,28.6,14.3,2015,27
STK,1,2,2,0,2,1,0,11,7,2,6,2,0,8.6,3,27.3,18.2,2015,27
SUN,1,0,0,0,0,0,0,13,6,1,4,3,1,7.2,4,30.8,0.0,2015,27
SWA,1,1,1,0,1,0,1,10,4,2,6,4,0,9.6,4,40.0,10.0,2015,27
TOT,1,2,2,0,1,0,2,34,19,5,10,6,0,2.8,15,44.1,5.9,2015,27
WAT,1,0,0,0,0,0,0,14,6,1,5,4,0,6.7,1,7.1,0.0,2015,27
WBA,1,3,3,0,3,0,1,11,7,4,3,1,1,8.7,5,45.5,27.3,2015,27
WHU,1,1,1,0,0,0,0,9,5,0,1,0,1,10.4,3,33.3,11.1,2015,27
ARS,1,1,1,0,1,0,0,17,12,2,5,6,2,5.6,4,23.5,5.9,2015,28
AVL,1,1,1,0,0,0,0,14,7,0,5,5,0,6.9,5,35.7,7.1,2015,28
BOU,1,2,2,0,2,0,2,9,4,2,3,3,0,10.6,4,44.4,22.2,2015,28
CHE,1,2,1,1,1,0,0,10,7,2,2,4,0,9.7,2,20.0,20.0,2015,28
CRY,1,2,2,0,0,0,1,13,12,0,5,4,0,7.3,5,38.5,15.4,2015,28
EVE,1,3,3,0,3,0,2,10,9,6,5,3,0,9.6,6,60.0,30.0,2015,28
LEI,1,2,1,1,1,0,1,22,16,6,9,7,2,4.3,4,18.2,9.1,2015,28
LIV,1,3,2,1,2,0,0,11,4,2,1,1,0,8.5,7,63.6,27.3,2015,28
MCI,1,0,0,0,0,0,0,4,2,0,2,1,0,23.5,1,25.0,0.0,2015,28
MUN,1,1,0,1,0,0,1,14,6,1,5,5,0,6.8,3,21.4,7.1,2015,28
NEW,1,0,0,0,0,0,0,5,4,0,1,1,0,19.0,3,60.0,0.0,2015,28
NOR,1,1,1,0,0,0,0,13,7,2,1,4,1,7.5,2,15.4,7.7,2015,28
SOU,1,0,0,0,0,0,0,6,4,2,0,2,0,15.8,1,16.7,0.0,2015,28
STK,1,1,0,1,0,0,0,9,3,0,1,2,1,10.6,2,22.2,11.1,2015,28
SUN,1,2,1,1,0,0,0,17,6,0,2,4,0,5.6,6,35.3,11.8,2015,28
SWA,1,2,1,1,2,0,1,11,3,3,2,4,0,8.7,2,18.2,18.2,2015,28
TOT,1,0,0,0,0,0,0,9,4,2,0,1,0,10.6,2,22.2,0.0,2015,28
WAT,1,0,0,0,0,0,0,13,9,4,4,4,0,7.3,3,23.1,0.0,2015,28
WBA,1,2,1,1,1,0,1,11,5,2,6,2,0,8.6,3,27.3,18.2,2015,28
WHU,1,1,1,0,0,0,1,14,5,0,5,5,0,6.8,3,21.4,7.1,2015,28
ARS,1,2,2,0,0,0,0,10,5,0,1,4,0,9.5,4,40.0,20.0,2015,29
AVL,1,0,0,0,0,0,0,2,2,0,0,1,0,47.0,1,50.0,0.0,2015,29
BOU,1,3,2,1,1,0,0,16,11,1,4,7,0,5.9,5,31.3,18.8,2015,29
CHE,1,1,0,1,0,0,0,20,11,0,4,5,0,4.8,7,35.0,5.0,2015,29
CRY,1,1,1,0,0,0,1,14,9,2,6,4,1,6.9,4,28.6,7.1,2015,29
EVE,1,2,2,0,1,0,0,15,8,3,6,5,0,6.4,8,53.3,13.3,2015,29
LEI,1,1,1,0,0,0,0,14,10,2,5,1,0,6.8,6,42.9,7.1,2015,29
LIV,1,2,2,0,2,1,0,19,9,3,3,8,1,5.1,5,26.3,10.5,2015,29
MCI,1,4,4,0,1,0,0,22,16,4,7,3,1,4.3,9,40.9,18.2,2015,29
MUN,1,0,0,0,0,0,0,7,3,0,1,4,0,13.6,1,14.3,0.0,2015,29
NEW,1,1,1,0,1,0,0,14,7,1,1,6,0,6.8,3,21.4,7.1,2015,29
NOR,1,0,0,0,0,0,0,8,7,0,1,2,0,11.9,3,37.5,0.0,2015,29
SOU,1,1,1,0,0,0,0,16,10,1,2,7,0,5.9,5,31.3,6.3,2015,29
STK,1,1,1,0,1,0,0,17,12,3,3,4,0,5.6,5,29.4,5.9,2015,29
SUN,1,1,1,0,1,0,1,11,7,2,4,4,0,8.6,3,27.3,9.1,2015,29
SWA,1,1,1,0,0,0,0,10,7,0,2,2,0,9.5,3,30.0,10.0,2015,29
TOT,1,2,1,1,1,0,1,26,12,2,8,8,0,3.7,11,42.3,7.7,2015,29
WAT,1,0,0,0,0,0,0,11,6,1,1,3,1,8.6,4,36.4,0.0,2015,29
WBA,1,1,1,0,0,0,0,9,6,0,1,4,0,10.6,2,22.2,11.1,2015,29
WHU,1,3,3,0,3,0,1,17,10,4,5,5,0,5.6,5,29.4,17.6,2015,29
AVL,1,0,0,0,0,0,0,12,8,3,5,4,3,7.8,2,16.7,0.0,2015,30
BOU,1,3,3,0,0,0,1,12,8,0,4,2,1,7.9,4,33.3,25.0,2015,30
LEI,1,1,1,0,0,0,1,10,7,0,4,6,0,9.4,1,10.0,10.0,2015,30
MCI,1,0,0,0,0,0,0,15,6,0,6,7,0,6.3,3,20.0,0.0,2015,30
NEW,1,0,0,0,0,0,0,12,8,0,1,5,0,7.8,2,16.7,0.0,2015,30
NOR,1,0,0,0,0,0,0,5,2,0,2,1,1,18.8,0,0.0,0.0,2015,30
SOU,1,2,2,0,0,0,1,11,6,2,3,2,1,8.8,4,36.4,18.2,2015,30
STK,1,1,1,0,1,0,0,13,5,2,2,4,0,7.5,2,15.4,7.7,2015,30
SWA,1,2,2,0,0,0,0,13,8,1,5,2,0,7.3,4,30.8,15.4,2015,30
TOT,1,2,2,0,1,0,1,19,11,3,1,5,1,4.9,8,42.1,10.5,2015,30
ARS,1,2,2,0,2,0,0,11,9,2,1,4,0,8.6,3,27.3,18.2,2015,31
AVL,1,0,0,0,0,0,0,12,8,0,6,6,0,7.9,2,16.7,0.0,2015,31
BOU,1,0,0,0,0,0,0,2,2,0,1,0,0,47.0,0,0.0,0.0,2015,31
CHE,1,2,1,1,1,1,1,22,16,1,9,6,0,4.5,5,22.7,9.1,2015,31
CRY,1,0,0,0,0,0,0,13,7,1,3,2,1,7.2,4,30.8,0.0,2015,31
EVE,1,0,0,0,0,0,0,8,5,1,4,1,1,12.0,2,25.0,0.0,2015,31
LEI,1,1,1,0,1,0,0,8,6,3,3,2,0,11.8,3,37.5,12.5,2015,31
LIV,1,2,1,1,0,0,0,17,10,1,2,6,0,5.6,8,47.1,11.8,2015,31
MCI,1,0,0,0,0,0,0,26,21,2,10,7,1,3.7,3,11.5,0.0,2015,31
MUN,1,1,1,0,1,0,0,5,3,2,0,1,0,19.4,4,80.0,20.0,2015,31
NEW,1,1,1,0,0,0,0,17,9,0,3,3,0,5.6,7,41.2,5.9,2015,31
NOR,1,1,1,0,1,0,0,7,4,1,2,2,0,13.9,1,14.3,14.3,2015,31
SOU,1,3,2,1,0,0,0,16,9,2,3,5,0,5.9,5,31.3,18.8,2015,31
STK,1,2,1,1,2,0,0,9,3,3,0,1,0,10.6,6,66.7,22.2,2015,31
SUN,1,1,1,0,0,0,1,14,7,0,5,3,0,6.9,4,28.6,7.1,2015,31
SWA,1,1,1,0,0,0,1,10,3,0,5,3,0,9.5,1,10.0,10.0,2015,31
TOT,1,3,3,0,2,0,0,17,9,3,1,2,0,5.5,7,41.2,17.6,2015,31
WAT,1,1,1,0,1,0,0,9,6,1,2,1,0,10.6,4,44.4,11.1,2015,31
WBA,1,0,0,0,0,0,0,10,5,0,1,4,1,9.7,0,0.0,0.0,2015,31
WHU,1,2,1,1,0,0,0,13,9,0,5,5,1,7.5,5,38.5,15.4,2015,31
ARS,1,4,4,0,2,0,0,19,14,5,2,3,1,4.9,12,63.2,21.1,2015,32
AVL,1,0,0,0,0,0,0,15,6,0,4,5,0,6.3,4,26.7,0.0,2015,32
BOU,1,0,0,0,0,0,0,11,6,2,4,4,0,8.5,2,18.2,0.0,2015,32
CHE,1,4,4,0,3,1,0,11,7,3,2,0,0,8.5,8,72.7,36.4,2015,32
CRY,1,2,2,0,2,0,1,12,10,3,6,4,0,7.9,4,33.3,16.7,2015,32
EVE,1,0,0,0,0,0,0,7,6,1,5,5,1,13.6,1,14.3,0.0,2015,32
LEI,1,1,1,0,0,0,1,11,8,2,5,5,0,8.7,4,36.4,9.1,2015,32
LIV,1,1,1,0,0,0,0,15,9,2,4,6,0,6.3,7,46.7,6.7,2015,32
MCI,1,4,4,0,0,0,2,15,10,0,3,0,1,6.3,7,46.7,26.7,2015,32
MUN,1,1,1,0,1,0,0,10,5,1,2,5,0,9.5,2,20.0,10.0,2015,32
NEW,1,2,2,0,1,1,0,13,10,1,2,1,0,7.3,5,38.5,15.4,2015,32
NOR,1,3,3,0,1,0,1,13,8,2,3,2,0,7.3,6,46.2,23.1,2015,32
SOU,1,0,0,0,0,0,0,10,7,1,3,4,0,9.6,1,10.0,0.0,2015,32
STK,1,2,1,1,1,0,0,12,5,2,3,2,0,7.8,5,41.7,16.7,2015,32
SUN,1,0,0,0,0,0,0,22,13,3,3,7,0,4.3,6,27.3,0.0,2015,32
SWA,1,2,0,2,0,0,0,12,6,0,2,4,0,7.8,3,25.0,16.7,2015,32
TOT,1,1,1,0,0,0,0,18,8,2,4,6,0,5.2,5,27.8,5.6,2015,32
WAT,1,0,0,0,0,0,0,7,5,0,4,2,0,13.4,2,28.6,0.0,2015,32
WBA,1,0,0,0,0,0,0,3,1,0,1,1,0,31.7,0,0.0,0.0,2015,32
WHU,1,2,1,1,1,0,1,18,9,2,6,6,0,5.3,6,33.3,11.1,2015,32
ARS,1,3,3,0,2,0,1,11,9,3,3,3,0,8.5,5,45.5,27.3,2015,33
AVL,1,1,0,1,0,0,0,6,3,1,2,0,0,15.7,1,16.7,16.7,2015,33
BOU,1,2,2,0,1,0,1,12,7,1,8,3,0,7.8,3,25.0,16.7,2015,33
CHE,1,0,0,0,0,0,0,8,7,2,1,3,0,12.0,2,25.0,0.0,2015,33
CRY,2,1,0,1,0,0,0,32,22,5,10,6,0,5.9,12,37.5,3.1,2015,33
EVE,2,1,1,0,1,0,0,21,11,4,4,4,2,9.0,12,57.1,4.8,2015,33
LEI,1,2,2,0,2,0,0,16,12,5,4,2,0,6.1,7,43.8,12.5,2015,33
LIV,1,4,2,2,2,0,2,14,6,3,4,4,0,6.6,6,42.9,28.6,2015,33
MCI,1,2,2,0,2,1,0,13,8,2,2,5,1,7.3,4,30.8,15.4,2015,33
MUN,1,0,0,0,0,0,0,5,2,0,1,3,0,19.0,1,20.0,0.0,2015,33
NEW,1,1,0,1,0,0,0,5,1,0,0,1,0,18.8,3,60.0,20.0,2015,33
NOR,1,0,0,0,0,0,0,13,8,0,1,3,0,7.3,4,30.8,0.0,2015,33
SOU,1,3,3,0,1,0,1,20,14,2,7,5,0,4.7,6,30.0,15.0,2015,33
STK,1,1,1,0,1,0,1,11,5,2,4,2,0,8.5,3,27.3,9.1,2015,33
SUN,1,0,0,0,0,0,0,15,8,1,2,6,0,6.5,1,6.7,0.0,2015,33
SWA,1,1,1,0,0,0,0,12,8,3,1,3,0,8.0,6,50.0,8.3,2015,33
TOT,1,3,3,0,1,0,1,16,9,3,4,1,0,5.9,8,50.0,18.8,2015,33
WAT,1,1,1,1,0,0,1,13,5,0,8,3,0,7.3,4,30.8,7.7,2015,33
WBA,1,1,1,0,0,0,0,13,7,1,5,5,0,7.3,2,15.4,7.7,2015,33
WHU,1,3,3,0,0,0,1,19,13,0,7,5,0,4.9,7,36.8,15.8,2015,33
ARS,2,3,1,2,1,0,1,37,25,1,13,12,0,5.1,12,32.4,8.1,2015,34
AVL,1,0,0,0,0,0,0,7,4,0,3,2,1,13.4,1,14.3,0.0,2015,34
BOU,1,1,1,0,0,0,0,18,11,0,5,9,0,5.3,4,22.2,5.6,2015,34
CHE,1,0,0,0,0,0,0,11,4,0,2,5,0,8.6,3,27.3,0.0,2015,34
CRY,2,1,0,1,0,0,0,12,5,0,5,5,0,15.8,2,16.7,8.3,2015,34
EVE,2,1,1,0,0,0,1,10,3,0,3,4,0,19.3,2,20.0,10.0,2015,34
LEI,1,2,2,0,1,1,0,6,5,4,1,0,0,16.0,2,33.3,33.3,2015,34
LIV,2,6,5,1,3,0,2,56,30,6,13,14,2,3.4,19,33.9,10.7,2015,34
MCI,2,4,3,1,2,1,1,20,14,5,6,4,0,9.6,12,60.0,20.0,2015,34
MUN,2,3,1,2,0,0,2,29,17,3,13,5,0,6.5,14,48.3,10.3,2015,34
NEW,2,4,4,0,2,0,2,17,11,3,3,1,0,11.2,10,58.8,23.5,2015,34
NOR,1,0,0,0,0,0,0,19,10,1,9,8,1,5.0,5,26.3,0.0,2015,34
SOU,1,1,1,0,1,0,0,18,13,1,5,5,1,5.3,4,22.2,5.6,2015,34
STK,1,0,0,0,0,0,0,12,6,0,1,4,0,7.8,2,16.7,0.0,2015,34
SUN,1,3,3,0,3,1,0,8,5,4,2,0,0,11.9,3,37.5,37.5,2015,34
SWA,1,0,0,0,0,0,0,11,8,1,4,3,0,8.6,1,9.1,0.0,2015,34
TOT,1,4,4,0,2,0,0,23,17,4,2,4,2,4.1,6,26.1,17.4,2015,34
WAT,2,2,2,0,0,0,2,18,9,2,4,4,0,10.4,8,44.4,11.1,2015,34
WBA,2,0,0,0,0,0,0,25,16,3,9,8,1,7.5,5,20.0,0.0,2015,34
WHU,2,5,5,0,4,3,0,37,23,7,10,8,1,5.1,11,29.7,13.5,2015,34
ARS,1,0,0,0,0,0,0,20,9,0,6,9,0,4.8,6,30.0,0.0,2015,35
AVL,1,2,2,0,0,0,1,16,12,2,7,3,0,6.0,6,37.5,12.5,2015,35
BOU,1,1,1,0,0,0,1,13,7,0,5,3,0,7.4,4,30.8,7.7,2015,35
CHE,1,4,3,1,3,0,0,16,10,3,2,8,0,6.0,4,25.0,25.0,2015,35
LEI,1,4,4,0,3,0,1,18,14,5,4,3,0,5.2,9,50.0,22.2,2015,35
LIV,1,2,1,1,0,0,1,13,6,0,4,6,0,7.2,4,30.8,15.4,2015,35
MCI,1,4,4,0,3,1,1,11,7,3,3,2,0,8.6,6,54.5,36.4,2015,35
NEW,1,2,2,0,0,0,0,6,5,0,1,0,0,15.7,3,50.0,33.3,2015,35
SOU,1,4,3,1,3,0,0,17,12,7,4,4,2,5.6,7,41.2,23.5,2015,35
STK,1,0,0,0,0,0,0,14,7,2,5,1,0,6.8,2,14.3,0.0,2015,35
SUN,1,0,0,0,0,0,0,12,5,0,4,3,1,7.9,3,25.0,0.0,2015,35
SWA,1,0,0,0,0,0,0,9,6,1,3,4,0,10.4,1,11.1,0.0,2015,35
TOT,1,1,0,1,0,0,1,18,9,1,7,8,2,5.3,2,11.1,5.6,2015,35
WBA,1,1,1,0,0,0,1,16,8,1,5,5,0,6.0,3,18.8,6.3,2015,35
ARS,1,1,1,0,0,0,0,14,8,0,3,5,0,6.8,3,21.4,7.1,2015,36
AVL,1,2,1,1,0,0,1,7,5,0,2,1,1,13.7,2,28.6,28.6,2015,36
BOU,1,1,1,0,1,0,0,16,8,2,2,7,0,5.9,2,12.5,6.3,2015,36
CHE,1,2,2,0,1,0,1,13,10,1,6,3,0,7.5,5,38.5,15.4,2015,36
CRY,1,0,0,0,0,0,0,9,4,1,3,1,0,10.7,3,33.3,0.0,2015,36
EVE,1,2,2,0,0,0,0,12,7,1,1,3,0,7.9,5,41.7,16.7,2015,36
LEI,1,1,1,0,1,0,1,14,10,2,8,4,0,6.8,3,21.4,7.1,2015,36
LIV,1,1,1,0,1,0,1,11,3,1,4,5,0,8.6,3,27.3,9.1,2015,36
MCI,1,2,1,1,1,0,0,6,4,2,0,0,0,15.8,5,83.3,33.3,2015,36
MUN,1,1,1,0,1,0,0,21,9,1,7,8,1,4.5,6,28.6,4.8,2015,36
NEW,1,1,0,1,0,0,1,10,5,0,1,3,0,9.6,4,40.0,10.0,2015,36
NOR,1,0,0,0,0,0,0,12,6,0,4,3,0,7.9,3,25.0,0.0,2015,36
SOU,1,4,4,0,4,0,1,14,9,4,5,2,0,6.8,7,50.0,28.6,2015,36
STK,1,1,1,0,0,0,0,11,6,0,2,2,0,8.6,3,27.3,9.1,2015,36
SUN,1,1,1,0,1,1,0,14,8,1,7,4,0,6.8,5,35.7,7.1,2015,36
SWA,1,3,2,1,1,0,1,18,11,3,5,5,0,5.3,9,50.0,16.7,2015,36
TOT,1,2,2,0,2,0,0,16,10,2,3,6,0,6.1,5,31.3,12.5,2015,36
WAT,1,3,2,1,1,0,1,18,9,1,6,6,1,5.3,5,27.8,16.7,2015,36
WBA,1,0,0,0,0,0,0,15,10,3,5,5,0,6.3,3,20.0,0.0,2015,36
WHU,1,3,3,0,2,0,1,8,5,3,1,2,0,11.8,4,50.0,37.5,2015,36
ARS,1,2,2,0,2,0,1,5,3,3,1,1,0,18.8,2,40.0,40.0,2015,37
AVL,1,0,0,0,0,0,0,2,1,0,1,0,0,48.5,0,0.0,0.0,2015,37
BOU,1,1,1,0,1,0,1,12,4,1,3,2,0,7.8,4,33.3,8.3,2015,37
CHE,2,3,3,0,2,0,0,22,13,4,4,4,0,8.7,15,68.2,13.6,2015,37
CRY,1,2,1,1,1,0,1,17,7,2,4,7,1,5.6,4,23.5,11.8,2015,37
EVE,2,1,1,0,1,0,0,26,17,4,8,7,1,7.3,11,42.3,3.8,2015,37
LEI,1,3,3,0,3,1,0,32,23,6,14,10,0,2.9,8,25.0,9.4,2015,37
LIV,2,3,2,1,2,0,1,47,26,5,14,16,1,4.0,13,27.7,6.4,2015,37
MCI,1,2,1,1,0,0,0,14,9,0,3,2,1,6.7,3,21.4,14.3,2015,37
MUN,2,3,3,0,2,0,0,18,10,3,5,7,0,10.6,4,22.2,16.7,2015,37
NEW,1,0,0,0,0,0,0,9,8,1,2,1,0,10.8,3,33.3,0.0,2015,37
NOR,2,4,3,1,2,0,0,26,17,7,7,9,1,7.3,8,30.8,15.4,2015,37
SOU,1,2,1,1,1,0,0,10,5,2,0,3,0,9.6,2,20.0,20.0,2015,37
STK,1,1,1,0,0,0,0,12,6,2,4,2,0,7.9,3,25.0,8.3,2015,37
SUN,2,6,4,2,2,0,4,28,15,5,11,11,0,6.9,11,39.3,21.4,2015,37
SWA,1,4,4,0,3,0,0,13,9,3,1,4,0,7.3,6,46.2,30.8,2015,37
TOT,1,1,1,0,1,0,0,20,12,3,7,5,0,4.8,6,30.0,5.0,2015,37
WAT,2,2,2,0,2,0,0,26,17,3,6,6,0,7.3,10,38.5,7.7,2015,37
WBA,1,1,1,0,0,0,0,12,7,1,0,2,1,7.8,4,33.3,8.3,2015,37
WHU,2,4,3,1,1,0,3,45,25,7,20,13,0,4.2,12,26.7,8.9,2015,37
ARS,1,4,3,1,1,0,0,16,11,7,2,2,0,5.8,7,43.8,25.0,2015,38
AVL,1,0,0,0,0,0,0,5,2,0,1,3,0,18.8,2,40.0,0.0,2015,38
BOU,1,1,0,1,0,0,0,7,6,0,1,4,0,13.4,0,0.0,14.3,2015,38
CHE,1,1,1,0,1,1,0,17,11,1,2,9,0,5.5,4,23.5,5.9,2015,38
CRY,1,1,1,0,0,0,1,16,10,2,4,8,0,5.8,4,25.0,6.3,2015,38
EVE,1,3,2,1,2,1,0,15,10,3,2,3,0,6.2,8,53.3,20.0,2015,38
LEI,1,1,0,1,0,0,0,18,5,2,2,7,0,5.2,5,27.8,5.6,2015,38
LIV,1,1,1,0,0,0,0,7,4,0,1,1,0,13.3,3,42.9,14.3,2015,38
MCI,1,1,1,0,1,0,0,18,11,3,1,3,0,5.2,5,27.8,5.6,2015,38
MUN,1,3,3,0,2,0,0,12,8,3,2,4,0,7.8,5,41.7,25.0,2015,38
NEW,1,5,5,0,3,1,0,19,11,4,3,6,1,4.9,10,52.6,26.3,2015,38
NOR,1,0,0,0,0,0,0,11,8,0,5,2,0,8.5,2,18.2,0.0,2015,38
SOU,1,4,4,0,2,1,0,19,10,2,3,2,1,4.9,5,26.3,21.1,2015,38
STK,1,2,1,1,0,0,1,7,2,0,1,1,0,14.0,4,57.1,28.6,2015,38
SUN,1,2,2,0,1,0,0,6,4,1,0,1,0,15.8,4,66.7,33.3,2015,38
SWA,1,1,0,1,0,0,1,4,1,0,2,1,0,23.5,1,25.0,25.0,2015,38
TOT,1,1,1,0,0,0,0,18,7,0,5,6,1,5.2,5,27.8,5.6,2015,38
WAT,1,2,2,0,2,1,1,20,9,2,6,4,1,4.8,6,30.0,10.0,2015,38
WBA,1,1,1,0,0,0,0,13,8,2,8,5,1,7.2,1,7.7,7.7,2015,38
WHU,1,1,1,0,0,0,1,20,16,3,9,8,0,4.9,6,30.0,5.0,2015,38
