Team,Games Played,GoalsTotal,GoalsIn,GoalsOut,GoalsBCS,GoalsPen,GoalsSP,AttemptsTotal,AttemptsIn,AttemptsBCT,AttemptsSP,AttemptsBlkd,AttemptsHit WW,AttemptsMins Per Chance,AttemptsOn Target,Conversion %Shots,Conversion %Goals,Season,GW ID
ARS,1,4,4,0,1,0,2,27,15,4,6,8,0,3.6,10,37.0,14.8,2017,1
BOU,1,0,0,0,0,0,0,9,5,0,2,5,0,10.7,2,22.2,0.0,2017,1
BHA,1,0,0,0,0,0,0,6,4,0,6,2,0,15.7,2,33.3,0.0,2017,1
BUR,1,3,3,0,0,0,1,10,8,0,6,1,1,9.5,5,50.0,30.0,2017,1
CHE,1,2,2,0,2,0,0,19,7,2,7,7,0,5.0,6,31.6,10.5,2017,1
CRY,1,0,0,0,0,0,0,14,10,2,9,3,0,6.7,4,28.6,0.0,2017,1
EVE,1,1,1,0,1,0,0,9,5,1,1,2,0,10.6,4,44.4,11.1,2017,1
HUD,1,3,2,1,1,0,1,9,6,2,2,0,0,10.4,6,66.7,33.3,2017,1
LEI,1,3,3,0,2,0,2,6,5,2,3,0,0,16.0,3,50.0,50.0,2017,1
LIV,1,3,3,0,3,1,0,14,13,3,2,1,1,7.1,5,35.7,21.4,2017,1
MCI,1,2,1,1,1,0,0,14,6,5,3,5,1,6.7,4,28.6,14.3,2017,1
MUN,1,4,3,1,3,0,1,21,13,3,4,8,1,4.5,5,23.8,19.0,2017,1
NEW,1,0,0,0,0,0,0,6,6,1,1,0,0,15.7,2,33.3,0.0,2017,1
SOU,1,0,0,0,0,0,0,29,16,2,6,11,1,3.2,2,6.9,0.0,2017,1
STK,1,0,0,0,0,0,0,9,4,0,2,2,0,10.6,1,11.1,0.0,2017,1
SWA,1,0,0,0,0,0,0,4,3,0,0,2,0,23.5,0,0.0,0.0,2017,1
TOT,1,2,2,0,1,0,0,18,10,3,2,7,1,5.2,6,33.3,11.1,2017,1
WAT,1,3,3,0,3,0,2,9,6,3,4,1,0,11.0,4,44.4,33.3,2017,1
WBA,1,1,1,0,1,0,1,16,11,1,7,1,0,6.0,6,37.5,6.3,2017,1
WHU,1,0,0,0,0,0,0,9,6,1,1,2,1,10.4,1,11.1,0.0,2017,1
ARS,1,0,0,0,0,0,0,18,9,2,5,6,0,5.3,6,33.3,0.0,2017,2
BOU,1,0,0,0,0,0,0,6,4,1,2,3,0,16.2,2,33.3,0.0,2017,2
BHA,1,0,0,0,0,0,0,5,1,1,0,3,0,19.2,2,40.0,0.0,2017,2
BUR,1,0,0,0,0,0,0,20,11,2,9,5,0,4.8,0,0.0,0.0,2017,2
CHE,1,2,1,1,0,0,1,9,6,1,2,3,1,10.6,2,22.2,22.2,2017,2
CRY,1,0,0,0,0,0,0,4,3,2,2,1,0,23.8,1,25.0,0.0,2017,2
EVE,1,1,1,0,1,0,0,7,4,1,3,0,0,13.6,2,28.6,14.3,2017,2
HUD,1,1,1,0,0,0,0,7,3,0,1,1,0,13.6,3,42.9,14.3,2017,2
LEI,1,2,2,0,1,0,1,14,7,2,6,6,0,6.8,4,28.6,14.3,2017,2
LIV,1,1,1,0,1,0,0,23,13,3,5,5,0,4.1,13,56.5,4.3,2017,2
MCI,1,1,1,0,0,0,0,19,10,1,6,4,1,5.0,6,31.6,5.3,2017,2
MUN,1,4,4,0,3,0,1,17,10,6,4,3,1,5.5,8,47.1,23.5,2017,2
NEW,1,0,0,0,0,0,0,13,9,1,1,5,0,7.3,5,38.5,0.0,2017,2
SOU,1,3,3,0,2,2,0,14,7,2,0,3,1,6.8,5,35.7,21.4,2017,2
STK,1,1,1,0,0,0,0,11,9,0,5,2,0,8.7,4,36.4,9.1,2017,2
SWA,1,0,0,0,0,0,0,5,3,1,1,0,1,18.8,1,20.0,0.0,2017,2
TOT,1,1,0,1,0,0,1,18,10,0,6,6,1,5.3,6,33.3,5.6,2017,2
WAT,1,2,1,1,1,0,0,19,13,3,4,5,0,5.1,7,36.8,10.5,2017,2
WBA,1,1,1,0,0,0,0,8,5,0,4,2,0,11.9,1,12.5,12.5,2017,2
WHU,1,2,2,0,2,0,0,16,13,2,7,2,0,5.9,8,50.0,12.5,2017,2
ARS,1,0,0,0,0,0,0,8,5,0,2,2,0,11.8,0,0.0,0.0,2017,3
BOU,1,1,0,1,0,0,0,9,5,0,1,3,1,11.2,3,33.3,11.1,2017,3
BHA,1,0,0,0,0,0,0,16,10,0,6,6,1,5.9,2,12.5,0.0,2017,3
BUR,1,1,1,0,0,0,0,13,11,1,6,2,0,7.4,3,23.1,7.7,2017,3
CHE,1,2,2,0,1,0,0,18,8,1,4,7,0,5.2,7,38.9,11.1,2017,3
CRY,1,0,0,0,0,0,0,16,7,0,3,1,0,5.9,3,18.8,0.0,2017,3
EVE,1,0,0,0,0,0,0,7,3,0,2,2,0,13.4,0,0.0,0.0,2017,3
HUD,1,0,0,0,0,0,0,16,12,2,3,6,0,5.9,6,37.5,0.0,2017,3
LEI,1,0,0,0,0,0,0,11,5,1,2,2,0,8.6,4,36.4,0.0,2017,3
LIV,1,4,4,0,3,0,0,18,13,6,2,3,0,5.2,10,55.6,22.2,2017,3
MCI,1,2,2,0,1,0,0,19,13,2,5,4,1,5.3,8,42.1,10.5,2017,3
MUN,1,2,2,0,1,0,1,22,12,3,2,8,0,4.3,7,31.8,9.1,2017,3
NEW,1,3,3,0,3,0,0,17,10,4,1,3,0,5.6,8,47.1,17.6,2017,3
SOU,1,0,0,0,0,0,0,6,3,2,0,1,0,15.7,2,33.3,0.0,2017,3
STK,1,1,1,0,1,0,0,16,8,1,3,5,0,5.9,2,12.5,6.3,2017,3
SWA,1,2,1,1,0,0,0,7,5,2,2,2,0,13.4,3,42.9,28.6,2017,3
TOT,1,1,1,0,1,0,1,28,15,2,12,17,0,3.4,5,17.9,3.6,2017,3
WAT,1,0,0,0,0,0,0,8,4,0,3,3,0,11.8,0,0.0,0.0,2017,3
WBA,1,1,1,0,1,0,0,10,8,1,5,1,1,9.5,2,20.0,10.0,2017,3
WHU,1,0,0,0,0,0,0,8,3,1,1,0,0,11.9,3,37.5,0.0,2017,3
ARS,1,3,2,1,1,0,0,17,11,4,3,4,0,5.5,9,52.9,17.6,2017,4
BOU,1,0,0,0,0,0,0,7,6,0,2,0,1,13.4,2,28.6,0.0,2017,4
BHA,1,3,2,1,0,0,0,12,3,0,2,3,0,8.0,6,50.0,25.0,2017,4
BUR,1,1,0,1,1,0,0,4,3,1,0,0,0,23.3,2,50.0,25.0,2017,4
CHE,1,2,1,1,1,0,0,16,9,2,2,5,0,5.9,6,37.5,12.5,2017,4
CRY,1,0,0,0,0,0,0,23,12,3,11,14,0,4.1,3,13.0,0.0,2017,4
EVE,1,0,0,0,0,0,0,12,10,1,4,6,0,7.9,1,8.3,0.0,2017,4
HUD,1,0,0,0,0,0,0,10,4,0,2,7,0,9.5,2,20.0,0.0,2017,4
LEI,1,1,1,0,1,1,0,8,4,2,4,3,0,11.9,2,25.0,12.5,2017,4
LIV,1,0,0,0,0,0,0,7,2,1,3,2,0,14.3,3,42.9,0.0,2017,4
MCI,1,5,4,1,4,0,0,13,10,6,2,0,0,7.2,10,76.9,38.5,2017,4
MUN,1,2,2,0,1,0,1,18,11,4,8,5,0,5.3,8,44.4,11.1,2017,4
NEW,1,1,1,0,1,0,1,16,7,2,3,5,0,5.9,8,50.0,6.3,2017,4
SOU,1,0,0,0,0,0,0,9,4,0,5,5,0,10.6,1,11.1,0.0,2017,4
STK,1,2,2,0,2,0,1,10,6,3,2,1,0,9.5,5,50.0,20.0,2017,4
SWA,1,0,0,0,0,0,0,10,7,2,4,2,0,9.6,3,30.0,0.0,2017,4
TOT,1,3,2,1,2,0,1,15,10,4,2,3,0,6.7,6,40.0,20.0,2017,4
WAT,1,2,0,2,0,0,0,12,4,0,4,4,0,7.9,3,25.0,16.7,2017,4
WBA,1,1,1,0,1,0,0,12,5,2,3,3,0,8.0,3,25.0,8.3,2017,4
WHU,1,2,1,1,1,0,1,19,10,2,7,6,1,5.0,3,15.8,10.5,2017,4
ARS,1,0,0,0,0,0,0,11,6,2,3,4,1,8.6,2,18.2,0.0,2017,5
BOU,1,2,2,0,2,0,1,15,5,2,4,7,0,6.4,3,20.0,13.3,2017,5
BHA,1,1,1,0,1,0,0,9,5,1,5,3,1,10.7,1,11.1,11.1,2017,5
BUR,1,1,1,0,0,0,0,5,4,1,3,1,0,19.0,3,60.0,20.0,2017,5
CHE,1,0,0,0,0,0,0,13,7,1,4,6,0,7.3,4,30.8,0.0,2017,5
CRY,1,0,0,0,0,0,0,14,10,3,3,2,0,6.9,3,21.4,0.0,2017,5
EVE,1,0,0,0,0,0,0,7,5,2,2,2,0,13.4,3,42.9,0.0,2017,5
HUD,1,1,1,0,0,0,0,15,7,0,2,6,0,6.3,3,20.0,6.7,2017,5
LEI,1,1,1,0,1,1,0,10,7,1,3,5,0,9.4,1,10.0,10.0,2017,5
LIV,1,1,1,0,0,0,0,35,18,1,3,12,1,2.7,9,25.7,2.9,2017,5
MCI,1,6,6,0,4,1,2,28,18,4,7,8,0,3.4,10,35.7,21.4,2017,5
MUN,1,4,3,1,3,1,1,16,12,4,5,4,1,5.9,7,43.8,25.0,2017,5
NEW,1,2,2,0,1,0,1,14,8,5,7,5,0,6.8,3,21.4,14.3,2017,5
SOU,1,1,1,0,1,0,0,13,8,1,2,5,0,7.5,4,30.8,7.7,2017,5
STK,1,1,0,1,0,0,0,13,7,1,4,2,0,7.3,4,30.8,7.7,2017,5
SWA,1,0,0,0,0,0,0,4,2,0,2,0,0,23.8,0,0.0,0.0,2017,5
TOT,1,0,0,0,0,0,0,26,10,0,10,4,1,3.7,8,30.8,0.0,2017,5
WAT,1,0,0,0,0,0,0,7,5,2,4,1,0,13.4,1,14.3,0.0,2017,5
WBA,1,0,0,0,0,0,0,6,4,1,1,2,0,16.0,1,16.7,0.0,2017,5
WHU,1,0,0,0,0,0,0,9,4,0,2,3,1,10.7,1,11.1,0.0,2017,5
ARS,1,2,2,0,2,1,1,16,10,3,6,4,0,5.9,6,37.5,12.5,2017,6
BOU,1,1,0,1,0,0,0,8,3,0,2,2,0,12.1,4,50.0,12.5,2017,6
BHA,1,1,1,0,0,0,1,7,5,0,2,2,0,13.4,3,42.9,14.3,2017,6
BUR,1,0,0,0,0,0,0,4,1,1,0,1,0,23.5,2,50.0,0.0,2017,6
CHE,1,4,3,1,2,0,0,7,6,3,0,0,0,13.4,4,57.1,57.1,2017,6
CRY,1,0,0,0,0,0,0,5,2,2,1,3,0,18.8,0,0.0,0.0,2017,6
EVE,1,2,2,0,1,0,0,12,9,3,3,5,0,8.1,2,16.7,16.7,2017,6
HUD,1,0,0,0,0,0,0,9,2,0,3,2,0,10.4,2,22.2,0.0,2017,6
LEI,1,2,2,0,2,0,1,12,9,4,4,3,0,8.0,7,58.3,16.7,2017,6
LIV,1,3,2,1,1,0,1,23,13,2,3,8,1,4.2,6,26.1,13.0,2017,6
MCI,1,5,4,1,4,0,0,25,21,10,5,9,0,3.8,9,36.0,20.0,2017,6
MUN,1,1,1,0,1,0,0,9,6,1,2,2,0,10.6,4,44.4,11.1,2017,6
NEW,1,0,0,0,0,0,0,17,9,2,6,5,0,5.5,5,29.4,0.0,2017,6
SOU,1,0,0,0,0,0,0,14,8,0,4,5,0,6.8,3,21.4,0.0,2017,6
STK,1,0,0,0,0,0,0,13,7,1,5,4,0,7.2,2,15.4,0.0,2017,6
SWA,1,1,1,0,1,0,0,10,8,2,6,4,0,9.6,3,30.0,10.0,2017,6
TOT,1,3,3,0,2,0,1,15,7,2,5,3,2,6.5,5,33.3,20.0,2017,6
WAT,1,2,1,1,2,0,0,8,4,2,0,2,0,12.0,4,50.0,25.0,2017,6
WBA,1,0,0,0,0,0,0,7,4,2,2,2,0,13.4,2,28.6,0.0,2017,6
WHU,1,2,2,0,1,0,1,10,6,1,3,1,0,9.7,4,40.0,20.0,2017,6
ARS,1,2,2,0,1,0,1,25,14,2,8,9,1,3.8,8,32.0,8.0,2017,7
BOU,1,0,0,0,0,0,0,19,10,1,0,5,1,5.1,4,21.1,0.0,2017,7
BHA,1,0,0,0,0,0,0,9,4,0,2,3,1,10.4,1,11.1,0.0,2017,7
BUR,1,1,1,0,0,0,0,5,5,0,1,2,0,19.0,2,40.0,20.0,2017,7
CHE,1,0,0,0,0,0,0,4,4,2,2,0,0,23.5,2,50.0,0.0,2017,7
CRY,1,0,0,0,0,0,0,6,4,0,1,1,0,15.7,1,16.7,0.0,2017,7
EVE,1,0,0,0,0,0,0,25,10,2,4,8,0,3.8,4,16.0,0.0,2017,7
HUD,1,0,0,0,0,0,0,6,2,0,0,3,1,15.7,1,16.7,0.0,2017,7
LEI,1,0,0,0,0,0,0,8,2,1,2,3,0,12.0,1,12.5,0.0,2017,7
LIV,1,1,0,1,0,0,0,17,10,3,6,6,0,5.5,2,11.8,5.9,2017,7
MCI,1,1,0,1,0,0,0,17,12,1,7,6,0,5.5,5,29.4,5.9,2017,7
MUN,1,4,4,0,4,0,1,18,14,6,5,5,0,5.2,7,38.9,22.2,2017,7
NEW,1,1,1,0,0,0,0,8,2,0,1,2,0,11.8,5,62.5,12.5,2017,7
SOU,1,1,1,0,0,0,1,21,16,1,5,6,0,4.7,3,14.3,4.8,2017,7
STK,1,2,2,0,2,0,1,17,11,3,4,10,0,5.8,6,35.3,11.8,2017,7
SWA,1,0,0,0,0,0,0,6,1,0,1,2,0,16.0,1,16.7,0.0,2017,7
TOT,1,4,3,1,2,0,0,14,10,2,1,2,1,6.7,7,50.0,28.6,2017,7
WAT,1,2,2,0,1,0,1,15,9,2,2,6,0,6.4,3,20.0,13.3,2017,7
WBA,1,2,2,0,2,0,1,9,7,3,3,2,0,10.7,4,44.4,22.2,2017,7
WHU,1,1,1,0,1,0,0,9,7,1,2,2,1,10.7,4,44.4,11.1,2017,7
ARS,1,1,1,0,0,0,1,9,5,2,2,0,0,10.6,6,66.7,11.1,2017,8
BOU,1,0,0,0,0,0,0,5,4,0,2,1,0,19.4,1,20.0,0.0,2017,8
BHA,1,1,1,0,1,0,0,12,8,1,6,6,0,7.9,3,25.0,8.3,2017,8
BUR,1,1,1,0,1,0,0,20,8,1,6,7,1,4.8,5,25.0,5.0,2017,8
CHE,1,1,1,0,0,0,1,15,6,0,5,4,1,6.4,5,33.3,6.7,2017,8
CRY,1,2,1,1,1,0,0,14,8,3,2,3,0,6.9,5,35.7,14.3,2017,8
EVE,1,1,1,0,1,1,0,13,7,1,2,2,0,7.3,6,46.2,7.7,2017,8
HUD,1,0,0,0,0,0,0,7,4,1,0,4,0,13.7,2,28.6,0.0,2017,8
LEI,1,1,1,0,0,0,0,11,8,1,4,4,0,8.7,3,27.3,9.1,2017,8
LIV,1,0,0,0,0,0,0,19,11,2,5,6,0,4.9,5,26.3,0.0,2017,8
MCI,1,7,6,1,6,0,1,20,12,7,5,0,0,4.7,11,55.0,35.0,2017,8
MUN,1,0,0,0,0,0,0,6,2,0,1,3,0,15.7,1,16.7,0.0,2017,8
NEW,1,2,1,1,0,0,0,19,12,0,7,7,1,5.1,4,21.1,10.5,2017,8
SOU,1,2,2,0,1,1,0,12,7,3,1,4,0,8.0,2,16.7,16.7,2017,8
STK,1,2,1,1,0,0,0,5,3,1,0,1,0,18.8,1,20.0,40.0,2017,8
SWA,1,2,2,0,2,0,0,7,5,3,2,2,0,13.7,3,42.9,28.6,2017,8
TOT,1,1,1,0,0,0,0,18,9,2,3,8,0,5.4,6,33.3,5.6,2017,8
WAT,1,2,2,0,2,1,0,11,7,2,0,3,0,8.6,2,18.2,18.2,2017,8
WBA,1,1,0,1,0,0,1,5,1,0,2,1,0,19.2,1,20.0,20.0,2017,8
WHU,1,1,1,0,1,0,0,8,3,1,0,1,0,11.9,6,75.0,12.5,2017,8
ARS,1,5,5,0,3,0,0,30,21,7,7,8,1,3.2,14,46.7,16.7,2017,9
BOU,1,2,1,1,1,1,0,7,5,1,0,1,0,13.7,3,42.9,28.6,2017,9
BHA,1,3,2,1,2,1,1,7,5,4,2,1,0,13.4,5,71.4,42.9,2017,9
BUR,1,0,0,0,0,0,0,6,2,0,2,3,0,15.7,0,0.0,0.0,2017,9
CHE,1,4,3,1,2,0,2,14,6,3,6,1,0,6.9,8,57.1,28.6,2017,9
CRY,1,0,0,0,0,0,0,10,7,0,2,3,0,9.5,0,0.0,0.0,2017,9
EVE,1,2,1,1,1,0,0,9,6,1,3,2,0,10.7,3,33.3,22.2,2017,9
HUD,1,2,2,0,2,0,0,5,4,2,1,2,0,19.0,3,60.0,40.0,2017,9
LEI,1,2,1,1,1,0,0,11,5,3,0,2,0,8.6,6,54.5,18.2,2017,9
LIV,1,1,1,0,1,0,0,12,4,1,1,4,0,7.8,7,58.3,8.3,2017,9
MCI,1,3,3,0,2,1,1,15,12,7,2,1,0,6.3,10,66.7,20.0,2017,9
MUN,1,1,1,0,1,0,0,9,6,1,1,3,0,10.6,3,33.3,11.1,2017,9
NEW,1,1,1,0,0,0,1,7,3,0,1,3,0,13.6,3,42.9,14.3,2017,9
SOU,1,1,1,0,0,0,0,20,11,2,6,3,1,4.8,6,30.0,5.0,2017,9
STK,1,1,1,0,1,0,1,11,9,2,4,2,0,8.7,3,27.3,9.1,2017,9
SWA,1,1,1,0,0,0,1,19,7,0,4,7,0,5.0,4,21.1,5.3,2017,9
TOT,1,4,4,0,3,0,2,14,11,4,6,4,1,6.6,5,35.7,28.6,2017,9
WAT,1,2,2,0,1,0,1,16,9,3,7,5,0,6.0,5,31.3,12.5,2017,9
WBA,1,0,0,0,0,0,0,7,2,1,1,1,0,13.6,2,28.6,0.0,2017,9
WHU,1,0,0,0,0,0,0,16,8,0,5,9,0,5.9,2,12.5,0.0,2017,9
ARS,1,2,2,0,1,0,0,17,12,4,2,4,1,5.5,5,29.4,11.8,2017,10
BOU,1,0,0,0,0,0,0,7,5,0,0,3,0,13.6,1,14.3,0.0,2017,10
BHA,1,1,1,0,0,0,0,7,6,3,3,1,0,13.4,2,28.6,14.3,2017,10
BUR,1,1,1,0,1,0,0,12,9,1,5,4,0,7.8,5,41.7,8.3,2017,10
CHE,1,1,1,0,0,0,0,18,13,2,2,6,0,5.3,5,27.8,5.6,2017,10
CRY,1,2,2,0,1,1,0,20,16,4,12,3,1,4.9,9,45.0,10.0,2017,10
EVE,1,0,0,0,0,0,0,15,7,0,2,6,0,6.3,2,13.3,0.0,2017,10
HUD,1,0,0,0,0,0,0,1,0,0,1,0,0,93.0,0,0.0,0.0,2017,10
LEI,1,2,1,1,1,0,0,9,7,1,2,1,0,10.4,3,33.3,22.2,2017,10
LIV,1,3,3,0,2,0,1,16,12,3,6,2,1,5.8,8,50.0,18.8,2017,10
MCI,1,3,2,1,1,0,0,15,7,5,2,2,0,6.3,5,33.3,20.0,2017,10
MUN,1,1,1,0,1,0,0,11,8,1,2,3,1,8.5,3,27.3,9.1,2017,10
NEW,1,0,0,0,0,0,0,12,4,0,3,4,0,7.8,5,41.7,0.0,2017,10
SOU,1,1,1,0,1,0,1,6,3,1,4,3,1,15.7,1,16.7,16.7,2017,10
STK,1,1,0,1,0,0,1,6,2,2,1,1,1,16.2,2,33.3,16.7,2017,10
SWA,1,1,1,0,1,0,0,4,3,2,1,0,0,23.5,2,50.0,25.0,2017,10
TOT,1,0,0,0,0,0,0,13,6,1,3,4,0,7.2,4,30.8,0.0,2017,10
WAT,1,0,0,0,0,0,0,15,11,2,5,8,0,6.5,0,0.0,0.0,2017,10
WBA,1,2,2,0,2,0,0,7,5,3,0,2,0,13.6,4,57.1,28.6,2017,10
WHU,1,2,1,1,1,0,0,6,4,1,3,1,0,16.3,2,33.3,33.3,2017,10
ARS,1,1,1,0,0,0,0,6,3,0,2,0,0,15.8,3,50.0,16.7,2017,11
BOU,1,1,1,0,0,0,1,16,11,2,2,5,0,5.9,5,31.3,6.3,2017,11
BHA,1,1,1,0,1,0,0,5,3,1,0,1,0,19.2,2,40.0,20.0,2017,11
BUR,1,1,1,0,0,0,0,5,2,0,0,2,0,18.6,1,20.0,20.0,2017,11
CHE,1,1,1,0,1,0,0,18,12,4,7,4,0,5.3,8,44.4,5.6,2017,11
CRY,1,0,0,0,0,0,0,11,7,3,6,3,0,8.5,3,27.3,0.0,2017,11
EVE,1,3,3,0,3,1,1,9,7,5,2,2,0,11.4,5,55.6,33.3,2017,11
HUD,1,1,0,1,0,0,0,7,2,0,2,1,0,13.9,3,42.9,14.3,2017,11
LEI,1,2,2,0,0,0,1,14,10,1,5,5,0,6.8,4,28.6,14.3,2017,11
LIV,1,4,4,0,3,0,1,15,12,4,3,1,0,6.3,7,46.7,26.7,2017,11
MCI,1,3,3,0,2,1,0,9,7,4,3,2,0,10.6,5,55.6,33.3,2017,11
MUN,1,0,0,0,0,0,0,10,3,1,2,5,0,9.5,2,20.0,0.0,2017,11
NEW,1,0,0,0,0,0,0,16,8,0,4,3,1,5.9,4,25.0,0.0,2017,11
SOU,1,0,0,0,0,0,0,13,11,0,3,4,0,7.2,3,23.1,0.0,2017,11
STK,1,2,2,0,2,0,1,11,9,3,5,1,0,8.6,7,63.6,18.2,2017,11
SWA,1,0,0,0,0,0,0,12,11,1,5,7,1,7.9,2,16.7,0.0,2017,11
TOT,1,1,0,1,0,0,0,12,6,2,2,4,0,7.8,2,16.7,8.3,2017,11
WAT,1,2,2,0,2,0,1,11,7,5,3,2,0,9.4,3,27.3,18.2,2017,11
WBA,1,0,0,0,0,0,0,9,3,0,2,4,0,10.8,3,33.3,0.0,2017,11
WHU,1,1,1,0,1,0,0,6,5,3,1,0,1,15.7,1,16.7,16.7,2017,11
ARS,1,2,2,0,1,0,1,14,8,3,3,5,0,6.8,5,35.7,14.3,2017,12
BOU,1,4,4,0,2,0,2,9,6,2,4,1,0,10.4,5,55.6,44.4,2017,12
BHA,1,2,2,0,0,0,0,9,4,1,2,0,0,10.4,3,33.3,22.2,2017,12
BUR,1,2,1,1,1,0,0,17,12,2,3,6,0,5.8,7,41.2,11.8,2017,12
CHE,1,4,4,0,2,0,1,11,8,2,1,2,0,8.5,7,63.6,36.4,2017,12
CRY,1,2,2,0,2,0,0,16,9,4,6,4,0,5.9,7,43.8,12.5,2017,12
EVE,1,2,2,0,2,1,0,8,6,3,1,1,0,11.8,5,62.5,25.0,2017,12
HUD,1,0,0,0,0,0,0,19,10,0,5,6,0,4.9,3,15.8,0.0,2017,12
LEI,1,0,0,0,0,0,0,2,1,0,1,1,0,47.0,0,0.0,0.0,2017,12
LIV,1,3,2,1,2,0,0,21,12,3,3,7,0,4.5,8,38.1,14.3,2017,12
MCI,1,2,1,1,1,0,0,12,7,2,3,2,0,7.8,4,33.3,16.7,2017,12
MUN,1,4,4,0,3,0,1,16,14,4,6,3,0,5.9,7,43.8,25.0,2017,12
NEW,1,1,1,0,1,0,0,12,6,2,1,1,0,7.8,5,41.7,8.3,2017,12
SOU,1,0,0,0,0,0,0,5,4,1,3,2,0,18.8,0,0.0,0.0,2017,12
STK,1,2,2,0,1,0,1,13,10,1,4,5,0,7.2,6,46.2,15.4,2017,12
SWA,1,0,0,0,0,0,0,14,8,0,4,4,0,7.0,1,7.1,0.0,2017,12
TOT,1,0,0,0,0,0,0,14,10,0,2,2,0,6.8,4,28.6,0.0,2017,12
WAT,1,2,2,0,0,0,0,17,12,0,2,2,0,5.8,7,41.2,11.8,2017,12
WBA,1,0,0,0,0,0,0,7,5,1,3,0,0,13.3,2,28.6,0.0,2017,12
WHU,1,0,0,0,0,0,0,10,8,2,2,1,0,9.9,5,50.0,0.0,2017,12
ARS,1,1,1,0,1,1,0,18,9,2,2,7,0,5.2,2,11.1,5.6,2017,13
BOU,1,0,0,0,0,0,0,9,5,0,1,2,0,10.7,5,55.6,0.0,2017,13
BHA,1,0,0,0,0,0,0,8,4,1,1,3,0,12.0,2,25.0,0.0,2017,13
BUR,1,0,0,0,0,0,0,8,3,0,3,3,1,11.8,2,25.0,0.0,2017,13
CHE,1,1,1,0,0,0,0,11,7,3,5,3,0,8.5,3,27.3,9.1,2017,13
CRY,1,2,2,0,2,0,1,10,8,2,3,3,0,9.4,5,50.0,20.0,2017,13
EVE,1,1,0,1,0,0,0,5,0,0,0,0,0,19.0,2,40.0,20.0,2017,13
HUD,1,1,0,1,0,0,1,4,2,1,1,1,0,24.0,0,0.0,25.0,2017,13
LEI,1,1,1,0,1,0,0,7,3,1,3,0,0,13.9,2,28.6,14.3,2017,13
LIV,1,1,1,0,1,0,0,16,8,1,5,9,0,5.9,4,25.0,6.3,2017,13
MCI,1,2,2,0,2,1,0,14,10,5,3,2,1,6.9,5,35.7,14.3,2017,13
MUN,1,1,0,1,0,0,1,15,7,2,5,4,0,6.4,4,26.7,6.7,2017,13
NEW,1,0,0,0,0,0,0,12,8,1,1,5,0,7.8,2,16.7,0.0,2017,13
SOU,1,4,3,1,2,0,0,17,10,3,5,5,1,5.6,5,29.4,23.5,2017,13
STK,1,1,0,1,0,0,0,10,6,1,3,1,0,9.4,3,30.0,10.0,2017,13
SWA,1,0,0,0,0,0,0,10,7,1,0,3,1,9.6,1,10.0,0.0,2017,13
TOT,1,1,1,0,1,0,0,25,9,2,7,10,0,3.8,5,20.0,4.0,2017,13
WAT,1,3,2,1,1,0,0,12,9,4,1,1,0,7.8,4,33.3,25.0,2017,13
WBA,1,1,1,0,0,0,0,5,4,1,1,0,0,19.2,2,40.0,20.0,2017,13
WHU,1,1,1,0,0,0,1,8,7,1,4,1,0,12.1,4,50.0,12.5,2017,13
ARS,1,5,5,0,4,0,0,21,16,6,2,7,1,4.5,6,28.6,23.8,2017,14
BOU,1,1,1,0,1,0,0,11,6,1,2,5,0,8.7,2,18.2,9.1,2017,14
BHA,1,0,0,0,0,0,0,10,6,0,5,3,0,9.4,3,30.0,0.0,2017,14
BUR,1,2,1,1,1,0,0,10,5,1,3,4,1,9.6,4,40.0,20.0,2017,14
CHE,1,1,1,0,1,0,1,21,14,3,10,4,0,4.5,10,47.6,4.8,2017,14
CRY,1,0,0,0,0,0,0,10,5,1,5,1,0,9.4,4,40.0,0.0,2017,14
EVE,1,4,3,1,2,0,2,8,6,3,2,1,0,11.8,5,62.5,50.0,2017,14
HUD,1,0,0,0,0,0,0,7,5,0,3,2,0,13.4,2,28.6,0.0,2017,14
LEI,1,2,1,1,0,0,0,7,4,2,2,1,0,13.7,3,42.9,28.6,2017,14
LIV,1,3,3,0,3,0,0,14,7,5,2,4,1,6.7,7,50.0,21.4,2017,14
MCI,1,2,0,2,0,0,1,26,11,2,8,6,0,3.7,12,46.2,7.7,2017,14
MUN,1,4,1,3,0,0,1,15,8,2,4,6,0,6.3,6,40.0,26.7,2017,14
NEW,1,2,1,1,1,0,2,14,5,1,5,5,0,6.8,4,28.6,14.3,2017,14
SOU,1,1,1,0,1,0,0,7,7,3,5,2,1,13.9,2,28.6,14.3,2017,14
STK,1,0,0,0,0,0,0,10,5,1,5,5,0,9.4,1,10.0,0.0,2017,14
SWA,1,0,0,0,0,0,0,2,0,0,0,1,0,47.5,0,0.0,0.0,2017,14
TOT,1,1,1,0,0,0,0,18,13,5,5,4,0,5.3,5,27.8,5.6,2017,14
WAT,1,2,2,0,1,1,0,12,8,1,1,4,1,7.9,3,25.0,16.7,2017,14
WBA,1,2,2,0,2,0,0,8,5,2,4,2,1,11.9,4,50.0,25.0,2017,14
WHU,1,0,0,0,0,0,0,7,5,1,2,1,1,13.4,3,42.9,0.0,2017,14
ARS,1,1,1,0,1,0,0,33,19,5,7,13,1,2.9,14,42.4,3.0,2017,15
BOU,1,1,1,0,0,0,0,16,9,2,4,4,0,5.9,5,31.3,6.3,2017,15
BHA,1,1,1,0,1,1,0,6,6,2,2,1,0,15.8,2,33.3,16.7,2017,15
BUR,1,0,0,0,0,0,0,14,9,1,4,3,0,6.8,4,28.6,0.0,2017,15
CHE,1,3,3,0,2,1,0,23,18,4,6,6,1,4.1,9,39.1,13.0,2017,15
CRY,1,0,0,0,0,0,0,10,7,1,4,5,0,9.4,2,20.0,0.0,2017,15
EVE,1,2,2,0,1,0,0,6,3,1,1,1,0,15.7,4,66.7,33.3,2017,15
HUD,1,0,0,0,0,0,0,5,3,0,3,0,0,18.8,3,60.0,0.0,2017,15
LEI,1,1,1,0,1,0,0,16,8,1,2,7,1,5.9,3,18.8,6.3,2017,15
LIV,1,5,3,2,2,0,2,12,7,2,5,2,0,7.9,6,50.0,41.7,2017,15
MCI,1,2,2,0,2,0,0,24,12,2,3,11,0,4.0,8,33.3,8.3,2017,15
MUN,1,3,3,0,2,0,0,8,7,3,1,3,0,12.0,4,50.0,37.5,2017,15
NEW,1,1,1,0,1,0,0,8,3,1,2,2,0,11.8,2,25.0,12.5,2017,15
SOU,1,1,1,0,0,0,0,15,11,0,3,3,0,6.3,3,20.0,6.7,2017,15
STK,1,2,2,0,1,0,0,10,6,2,1,1,0,9.8,3,30.0,20.0,2017,15
SWA,1,1,1,0,0,0,0,10,3,0,4,5,0,9.8,3,30.0,10.0,2017,15
TOT,1,1,1,0,1,0,0,8,2,1,5,2,0,11.9,2,25.0,12.5,2017,15
WAT,1,1,1,0,0,0,1,6,3,0,3,2,1,15.8,2,33.3,16.7,2017,15
WBA,1,0,0,0,0,0,0,20,15,2,5,6,0,4.7,6,30.0,0.0,2017,15
WHU,1,1,1,0,0,0,1,7,5,0,4,0,0,13.7,4,57.1,14.3,2017,15
ARS,1,1,1,0,0,0,0,11,6,1,4,1,0,8.6,6,54.5,9.1,2017,16
BOU,1,2,2,0,1,0,1,11,5,1,3,3,0,8.7,5,45.5,18.2,2017,16
BHA,1,0,0,0,0,0,0,7,2,0,1,3,0,13.4,2,28.6,0.0,2017,16
BUR,1,1,1,0,0,0,0,8,4,0,2,1,0,11.9,5,62.5,12.5,2017,16
CHE,1,0,0,0,0,0,0,19,11,1,2,9,0,5.1,2,10.5,0.0,2017,16
CRY,1,2,2,0,2,1,1,24,19,5,9,8,0,4.0,8,33.3,8.3,2017,16
EVE,1,1,1,0,1,1,0,3,1,1,0,0,0,31.7,2,66.7,33.3,2017,16
HUD,1,2,2,0,1,0,2,19,12,2,7,5,0,4.9,6,31.6,10.5,2017,16
LEI,1,3,1,2,0,0,0,13,6,0,3,1,0,7.4,5,38.5,23.1,2017,16
LIV,1,1,1,0,0,0,0,23,10,3,7,8,0,4.1,3,13.0,4.3,2017,16
MCI,1,2,2,0,2,0,2,14,7,4,2,4,0,6.8,7,50.0,14.3,2017,16
MUN,1,1,1,0,1,0,0,8,6,3,1,1,0,11.9,5,62.5,12.5,2017,16
NEW,1,2,2,0,1,0,1,10,5,1,4,2,0,9.6,4,40.0,20.0,2017,16
SOU,1,1,1,0,1,0,0,6,3,3,0,1,1,15.8,3,50.0,16.7,2017,16
STK,1,1,1,0,1,0,1,4,4,2,2,0,0,23.3,3,75.0,25.0,2017,16
SWA,1,1,1,0,0,0,1,18,8,1,8,7,0,5.3,3,16.7,5.6,2017,16
TOT,1,5,3,2,3,0,1,20,12,8,3,3,0,4.7,11,55.0,25.0,2017,16
WAT,1,0,0,0,0,0,0,11,7,1,7,1,0,8.6,2,18.2,0.0,2017,16
WBA,1,0,0,0,0,0,0,7,5,0,1,3,0,13.6,1,14.3,0.0,2017,16
WHU,1,1,1,0,0,0,0,5,3,0,1,2,0,19.2,2,40.0,20.0,2017,16
ARS,1,0,0,0,0,0,0,22,10,0,4,11,1,4.3,3,13.6,0.0,2017,17
BOU,1,0,0,0,0,0,0,14,8,0,4,3,0,6.8,7,50.0,0.0,2017,17
BHA,1,0,0,0,0,0,0,7,5,0,2,1,0,13.4,4,57.1,0.0,2017,17
BUR,1,1,1,0,0,0,0,10,6,0,6,3,0,9.5,2,20.0,10.0,2017,17
CHE,1,3,3,0,2,0,0,12,10,3,2,3,0,7.8,5,41.7,25.0,2017,17
CRY,1,2,2,0,0,0,0,14,8,1,3,4,0,6.9,4,28.6,14.3,2017,17
EVE,1,1,1,0,1,0,0,7,4,2,1,0,0,13.6,4,57.1,14.3,2017,17
HUD,1,1,1,0,0,0,0,7,3,1,0,1,0,13.3,2,28.6,14.3,2017,17
LEI,1,4,3,1,3,0,2,16,9,3,9,5,0,5.9,9,56.3,25.0,2017,17
LIV,1,0,0,0,0,0,0,14,10,3,1,8,0,6.7,3,21.4,0.0,2017,17
MCI,1,4,3,1,2,0,1,23,17,5,5,3,0,4.0,10,43.5,17.4,2017,17
MUN,1,1,1,0,0,0,0,9,7,1,0,4,1,10.6,2,22.2,11.1,2017,17
NEW,1,0,0,0,0,0,0,16,7,0,4,8,2,5.9,4,25.0,0.0,2017,17
SOU,1,1,1,0,0,0,1,11,6,1,6,2,0,8.5,4,36.4,9.1,2017,17
STK,1,0,0,0,0,0,0,14,6,1,4,1,1,6.8,7,50.0,0.0,2017,17
SWA,1,0,0,0,0,0,0,7,3,1,3,2,0,13.3,3,42.9,0.0,2017,17
TOT,1,2,1,1,0,0,1,25,14,1,9,12,0,3.8,7,28.0,8.0,2017,17
WAT,1,1,1,0,1,0,0,7,5,3,0,2,0,13.9,2,28.6,14.3,2017,17
WBA,1,0,0,0,0,0,0,6,3,1,4,1,1,15.7,1,16.7,0.0,2017,17
WHU,1,0,0,0,0,0,0,6,4,0,0,2,1,15.7,0,0.0,0.0,2017,17
ARS,1,1,1,0,0,0,0,23,18,2,2,7,0,4.1,5,21.7,4.3,2017,18
BOU,1,0,0,0,0,0,0,6,4,1,0,2,1,15.7,2,33.3,0.0,2017,18
BHA,1,0,0,0,0,0,0,12,8,2,3,5,1,7.9,1,8.3,0.0,2017,18
BUR,1,0,0,0,0,0,0,11,8,2,2,5,0,8.6,6,54.5,0.0,2017,18
CHE,1,1,0,1,0,0,1,24,11,0,5,8,0,4.0,8,33.3,4.2,2017,18
CRY,1,3,2,1,2,0,0,13,10,4,0,4,0,7.3,6,46.2,23.1,2017,18
EVE,1,3,2,1,1,1,1,12,9,2,2,2,0,7.8,7,58.3,25.0,2017,18
HUD,1,4,4,0,3,1,1,15,13,5,5,4,0,6.3,7,46.7,26.7,2017,18
LEI,1,0,0,0,0,0,0,11,8,0,5,4,0,8.6,2,18.2,0.0,2017,18
LIV,1,4,4,0,2,0,1,21,15,4,3,2,2,4.5,7,33.3,19.0,2017,18
MCI,1,4,4,0,3,0,1,20,16,7,3,2,1,4.7,11,55.0,20.0,2017,18
MUN,1,2,1,1,1,0,0,8,5,1,1,3,0,11.9,3,37.5,25.0,2017,18
NEW,1,0,0,0,0,0,0,10,4,0,2,4,0,9.5,2,20.0,0.0,2017,18
SOU,1,0,0,0,0,0,0,6,4,1,2,2,0,15.8,2,33.3,0.0,2017,18
STK,1,0,0,0,0,0,0,17,8,1,5,9,1,5.5,0,0.0,0.0,2017,18
SWA,1,1,1,0,1,0,1,8,2,1,2,1,0,11.8,3,37.5,12.5,2017,18
TOT,1,1,0,1,0,0,0,7,1,0,1,1,0,13.4,2,28.6,14.3,2017,18
WAT,1,1,0,1,0,0,1,13,10,0,5,3,0,7.3,3,23.1,7.7,2017,18
WBA,1,1,1,0,1,0,1,12,7,1,2,4,0,8.0,5,41.7,8.3,2017,18
WHU,1,3,3,0,3,1,0,14,11,6,0,1,1,6.7,7,50.0,21.4,2017,18
ARS,1,3,2,1,2,0,0,11,5,2,1,4,0,8.6,4,36.4,27.3,2017,19
BOU,1,0,0,0,0,0,0,5,5,0,2,2,0,18.8,1,20.0,0.0,2017,19
BHA,1,1,0,1,0,0,0,14,8,3,4,3,0,6.7,3,21.4,7.1,2017,19
BUR,1,0,0,0,0,0,0,5,4,0,2,0,0,18.8,2,40.0,0.0,2017,19
CHE,1,0,0,0,0,0,0,25,11,2,7,11,0,3.8,5,20.0,0.0,2017,19
CRY,1,1,1,0,1,1,0,13,8,1,2,4,0,7.4,5,38.5,7.7,2017,19
EVE,1,0,0,0,0,0,0,5,4,0,1,2,0,19.0,0,0.0,0.0,2017,19
HUD,1,1,1,0,1,0,0,10,8,2,4,4,1,9.7,2,20.0,10.0,2017,19
LEI,1,2,2,0,2,0,0,11,6,5,2,5,0,8.7,3,27.3,18.2,2017,19
LIV,1,3,2,1,1,0,0,14,11,5,1,0,0,6.8,9,64.3,21.4,2017,19
MCI,1,4,4,0,3,0,0,14,6,3,2,4,0,6.7,5,35.7,28.6,2017,19
MUN,1,2,1,1,0,0,1,19,9,2,2,4,1,5.1,6,31.6,10.5,2017,19
NEW,1,3,2,1,2,0,1,11,5,3,3,2,2,8.7,4,36.4,27.3,2017,19
SOU,1,1,1,0,1,0,1,12,8,4,5,2,1,8.1,6,50.0,8.3,2017,19
STK,1,3,3,0,3,0,0,9,5,3,2,2,0,10.7,5,55.6,33.3,2017,19
SWA,1,1,0,1,0,0,0,7,2,1,0,2,0,13.7,2,28.6,14.3,2017,19
TOT,1,3,3,0,2,1,0,18,12,5,1,5,0,5.2,8,44.4,16.7,2017,19
WAT,1,0,0,0,0,0,0,12,7,2,4,5,0,7.8,1,8.3,0.0,2017,19
WBA,1,1,1,0,1,0,0,17,12,3,5,5,0,5.6,7,41.2,5.9,2017,19
WHU,1,2,1,1,1,0,1,19,9,3,7,8,0,5.1,6,31.6,10.5,2017,19
ARS,1,3,3,0,2,0,2,16,10,5,4,4,0,5.9,9,56.3,18.8,2017,20
BOU,1,3,3,0,0,0,2,25,20,2,10,5,0,3.9,10,40.0,12.0,2017,20
BHA,1,0,0,0,0,0,0,8,5,0,3,3,0,11.8,1,12.5,0.0,2017,20
BUR,1,2,1,1,1,0,2,3,2,1,2,0,1,32.0,2,66.7,66.7,2017,20
CHE,1,2,2,0,1,0,1,25,13,4,8,8,0,3.8,7,28.0,8.0,2017,20
CRY,1,2,2,0,0,0,1,16,10,1,3,5,0,5.9,2,12.5,12.5,2017,20
EVE,1,0,0,0,0,0,0,7,5,0,2,0,0,13.4,3,42.9,0.0,2017,20
HUD,1,1,1,0,1,0,0,18,13,2,4,3,0,5.3,7,38.9,5.6,2017,20
LEI,1,1,1,0,1,0,0,11,8,3,5,3,0,8.5,5,45.5,9.1,2017,20
LIV,1,5,4,1,2,0,1,22,14,5,3,6,0,4.3,9,40.9,22.7,2017,20
MCI,1,1,1,0,0,0,0,22,12,2,2,4,2,4.3,6,27.3,4.5,2017,20
MUN,1,2,2,0,0,0,1,24,15,2,8,12,0,4.0,5,20.8,8.3,2017,20
NEW,1,0,0,0,0,0,0,6,3,0,1,2,0,15.7,1,16.7,0.0,2017,20
SOU,1,2,2,0,0,0,1,16,11,0,4,3,1,5.9,6,37.5,12.5,2017,20
STK,1,1,1,0,1,0,0,15,11,4,10,5,0,6.3,5,33.3,6.7,2017,20
SWA,1,0,0,0,0,0,0,7,6,0,1,1,0,13.4,4,57.1,0.0,2017,20
TOT,1,5,4,1,4,0,1,16,10,4,3,3,0,5.9,6,37.5,31.3,2017,20
WAT,1,2,1,1,1,0,2,11,10,2,5,3,1,8.5,1,9.1,18.2,2017,20
WBA,1,0,0,0,0,0,0,17,12,2,8,4,0,5.5,3,17.6,0.0,2017,20
WHU,1,3,2,1,2,0,1,10,8,4,2,2,0,9.7,5,50.0,30.0,2017,20
ARS,1,1,0,1,0,0,1,14,6,0,2,5,0,6.8,4,28.6,7.1,2017,21
BOU,1,2,2,0,1,0,0,18,10,2,2,4,1,5.3,7,38.9,11.1,2017,21
BHA,1,0,0,0,0,0,0,10,6,1,5,2,0,9.4,3,30.0,0.0,2017,21
BUR,1,0,0,0,0,0,0,11,9,2,3,2,0,8.5,4,36.4,0.0,2017,21
CHE,1,5,2,3,2,1,1,21,9,4,4,2,0,4.4,12,57.1,23.8,2017,21
CRY,1,0,0,0,0,0,0,10,6,3,5,5,0,9.8,1,10.0,0.0,2017,21
EVE,1,1,1,0,1,0,0,6,4,1,1,2,0,16.0,1,16.7,16.7,2017,21
HUD,1,0,0,0,0,0,0,3,0,0,2,0,0,31.3,1,33.3,0.0,2017,21
LEI,1,1,1,0,1,0,0,7,4,1,1,5,0,13.6,1,14.3,14.3,2017,21
LIV,1,2,2,0,2,0,0,18,13,5,2,5,0,5.3,6,33.3,11.1,2017,21
MCI,1,0,0,0,0,0,0,15,5,1,4,7,0,6.5,4,26.7,0.0,2017,21
MUN,1,0,0,0,0,0,0,15,8,3,2,7,0,6.3,3,20.0,0.0,2017,21
NEW,1,0,0,0,0,0,0,11,4,1,2,4,0,8.5,2,18.2,0.0,2017,21
SOU,1,0,0,0,0,0,0,8,7,1,2,1,0,11.8,3,37.5,0.0,2017,21
STK,1,0,0,0,0,0,0,1,1,1,0,0,0,93.0,1,100.0,0.0,2017,21
SWA,1,2,2,0,2,0,1,9,4,2,3,1,1,10.6,4,44.4,22.2,2017,21
WAT,1,1,1,0,1,0,0,9,7,2,0,1,0,10.6,4,44.4,11.1,2017,21
WBA,1,1,1,0,1,1,0,14,9,1,6,7,0,6.8,3,21.4,7.1,2017,21
ARS,1,2,2,0,0,0,1,14,9,1,3,5,0,6.8,6,42.9,14.3,2017,22
BOU,1,2,2,0,0,0,2,26,15,0,12,13,1,3.6,8,30.8,7.7,2017,22
BHA,1,2,2,0,2,0,0,15,10,4,2,6,0,6.3,6,40.0,13.3,2017,22
BUR,1,1,1,0,1,0,0,13,9,2,5,3,0,7.4,4,30.8,7.7,2017,22
CHE,1,2,2,0,2,1,0,19,16,5,5,3,1,5.0,6,31.6,10.5,2017,22
CRY,1,2,1,1,1,0,1,11,6,2,3,3,0,8.5,4,36.4,18.2,2017,22
EVE,1,0,0,0,0,0,0,12,9,1,5,6,0,7.8,0,0.0,0.0,2017,22
HUD,1,0,0,0,0,0,0,6,2,0,0,2,0,15.7,1,16.7,0.0,2017,22
LEI,1,3,2,1,2,0,0,11,8,2,4,0,1,8.5,5,45.5,27.3,2017,22
LIV,1,2,2,0,1,0,1,19,10,1,7,7,0,5.1,5,26.3,10.5,2017,22
MCI,1,3,2,1,2,0,1,18,13,4,7,3,0,5.3,7,38.9,16.7,2017,22
MUN,1,2,0,2,0,0,0,21,3,1,2,7,1,4.5,6,28.6,9.5,2017,22
NEW,1,1,1,0,1,0,0,14,10,3,4,3,0,6.8,6,42.9,7.1,2017,22
SOU,1,1,1,0,0,0,0,10,4,0,1,0,0,9.4,3,30.0,10.0,2017,22
STK,1,0,0,0,0,0,0,11,6,2,4,4,0,8.6,4,36.4,0.0,2017,22
SWA,1,0,0,0,0,0,0,8,5,0,3,2,0,11.8,1,12.5,0.0,2017,22
TOT,2,3,2,1,2,0,1,43,25,3,8,16,0,4.4,13,30.2,7.0,2017,22
WAT,1,1,1,0,1,0,0,7,5,1,1,1,0,13.6,4,57.1,14.3,2017,22
WBA,1,1,0,1,0,0,0,12,5,1,1,3,0,8.0,3,25.0,8.3,2017,22
WHU,2,3,2,1,2,0,0,16,12,5,2,3,0,11.9,6,37.5,18.8,2017,22
ARS,1,1,1,0,1,0,0,12,6,2,2,4,1,7.9,3,25.0,8.3,2017,23
BOU,1,2,2,0,1,0,0,13,5,1,5,3,0,7.3,5,38.5,15.4,2017,23
BHA,1,0,0,0,0,0,0,13,7,1,5,5,0,7.4,1,7.7,0.0,2017,23
BUR,1,0,0,0,0,0,0,8,5,2,2,1,0,11.9,2,25.0,0.0,2017,23
CHE,1,0,0,0,0,0,0,17,6,0,4,6,0,5.6,7,41.2,0.0,2017,23
CRY,1,1,1,0,0,0,0,17,13,3,7,7,0,5.6,2,11.8,5.9,2017,23
EVE,1,0,0,0,0,0,0,7,4,0,3,3,0,13.3,0,0.0,0.0,2017,23
HUD,1,1,1,0,0,0,0,8,4,1,4,2,0,11.6,2,25.0,12.5,2017,23
LEI,1,0,0,0,0,0,0,14,8,1,4,7,0,6.8,1,7.1,0.0,2017,23
LIV,1,4,2,2,0,0,0,16,7,0,3,5,1,5.9,7,43.8,25.0,2017,23
MCI,1,3,3,0,1,0,0,11,6,1,1,4,1,8.6,4,36.4,27.3,2017,23
MUN,1,3,2,1,0,0,0,20,12,1,4,5,0,4.7,9,45.0,15.0,2017,23
NEW,1,1,1,0,0,0,0,12,9,2,1,1,0,7.9,4,33.3,8.3,2017,23
SOU,1,2,2,0,1,0,0,10,7,1,1,2,0,9.6,4,40.0,20.0,2017,23
STK,1,0,0,0,0,0,0,11,9,3,1,2,0,8.5,4,36.4,0.0,2017,23
SWA,1,1,1,0,1,0,0,8,6,3,3,3,0,11.9,3,37.5,12.5,2017,23
TOT,1,4,4,0,4,0,0,20,13,7,1,4,1,4.7,10,50.0,20.0,2017,23
WAT,1,2,2,0,2,0,0,16,11,2,5,2,0,6.0,4,25.0,12.5,2017,23
WBA,1,2,2,0,1,0,2,15,8,2,6,5,0,6.4,4,26.7,13.3,2017,23
WHU,1,4,4,0,1,0,0,8,6,1,3,2,0,11.6,5,62.5,50.0,2017,23
ARS,1,4,4,0,3,0,2,16,14,5,3,5,0,5.9,10,62.5,25.0,2017,24
BOU,1,1,1,0,1,0,0,8,2,1,3,0,0,12.1,3,37.5,12.5,2017,24
BHA,1,0,0,0,0,0,0,10,7,1,2,2,1,9.4,3,30.0,0.0,2017,24
BUR,1,0,0,0,0,0,0,14,11,0,8,3,1,6.9,3,21.4,0.0,2017,24
CHE,1,4,4,0,1,0,0,14,7,1,3,3,0,6.7,10,71.4,28.6,2017,24
CRY,1,1,1,0,0,0,1,9,5,1,4,3,0,10.6,5,55.6,11.1,2017,24
EVE,1,1,1,0,1,0,0,9,7,1,3,3,0,10.9,4,44.4,11.1,2017,24
HUD,1,0,0,0,0,0,0,6,3,0,3,0,0,15.8,3,50.0,0.0,2017,24
LEI,1,2,2,0,1,1,0,9,8,1,2,1,0,10.4,5,55.6,22.2,2017,24
LIV,1,0,0,0,0,0,0,21,10,4,3,6,1,4.5,4,19.0,0.0,2017,24
MCI,1,3,3,0,2,1,0,21,13,2,6,2,0,4.5,9,42.9,14.3,2017,24
MUN,1,1,1,0,0,0,0,12,7,0,0,6,0,8.1,2,16.7,8.3,2017,24
NEW,1,1,1,0,1,0,0,6,5,2,1,1,0,15.7,4,66.7,16.7,2017,24
SOU,1,1,0,1,0,0,0,10,3,2,1,1,0,9.6,4,40.0,10.0,2017,24
STK,1,2,2,0,1,0,0,11,10,2,1,1,0,8.6,6,54.5,18.2,2017,24
SWA,1,1,1,0,1,0,1,3,2,1,2,0,0,31.7,2,66.7,33.3,2017,24
TOT,1,1,1,0,1,0,1,17,11,1,3,5,1,5.6,2,11.8,5.9,2017,24
WAT,1,0,0,0,0,0,0,11,5,1,4,4,0,8.5,3,27.3,0.0,2017,24
WBA,1,1,1,0,1,0,0,15,9,2,1,1,1,6.5,5,33.3,6.7,2017,24
WHU,1,1,1,0,1,0,0,12,5,1,1,2,0,8.1,4,33.3,8.3,2017,24
ARS,1,1,1,0,1,0,0,9,6,2,1,1,0,10.4,4,44.4,11.1,2017,25
BOU,1,3,3,0,3,0,1,11,5,3,5,4,0,8.6,5,45.5,27.3,2017,25
BHA,1,1,1,0,1,1,0,9,5,1,1,3,0,10.4,2,22.2,11.1,2017,25
BUR,1,1,1,1,0,0,1,11,6,2,5,3,0,8.6,2,18.2,9.1,2017,25
CHE,1,0,0,0,0,0,0,21,11,0,6,8,0,4.5,5,23.8,0.0,2017,25
CRY,1,1,1,0,1,0,0,9,5,1,2,1,0,10.4,3,33.3,11.1,2017,25
EVE,1,2,2,0,2,0,1,9,5,4,3,2,1,10.6,3,33.3,22.2,2017,25
HUD,1,0,0,0,0,0,0,5,4,0,3,2,0,18.8,1,20.0,0.0,2017,25
LEI,1,1,1,0,1,1,0,8,8,4,4,3,3,11.9,1,12.5,12.5,2017,25
LIV,1,3,2,1,1,1,0,14,8,4,0,4,0,6.7,7,50.0,21.4,2017,25
MCI,1,3,3,0,1,0,0,19,12,3,3,2,1,5.0,10,52.6,15.8,2017,25
MUN,1,0,0,0,0,0,0,6,5,1,1,1,0,15.7,3,50.0,0.0,2017,25
NEW,1,1,1,0,1,0,1,14,9,4,6,3,0,6.8,4,28.6,7.1,2017,25
SOU,1,1,1,0,0,0,1,18,7,2,6,7,0,5.2,3,16.7,5.6,2017,25
STK,1,0,0,0,0,0,0,11,9,2,4,3,0,8.6,4,36.4,0.0,2017,25
SWA,1,3,3,0,3,0,0,12,7,5,2,4,1,7.8,4,33.3,25.0,2017,25
TOT,1,2,1,1,0,0,0,22,12,2,3,7,0,4.3,6,27.3,9.1,2017,25
WAT,1,0,0,0,0,0,0,11,7,0,3,4,0,8.6,2,18.2,0.0,2017,25
WBA,1,0,0,0,0,0,0,3,2,0,0,1,0,31.7,1,33.3,0.0,2017,25
WHU,1,1,1,0,1,1,0,8,7,1,1,1,0,11.8,3,37.5,12.5,2017,25
ARS,1,5,4,1,4,0,1,15,12,4,5,5,1,6.2,7,46.7,33.3,2017,26
BOU,1,2,2,0,2,0,1,15,10,3,5,5,0,6.3,7,46.7,13.3,2017,26
BHA,1,3,2,1,1,0,1,21,14,2,4,5,0,4.5,5,23.8,14.3,2017,26
BUR,1,1,1,0,1,0,0,8,6,1,3,1,0,11.8,3,37.5,12.5,2017,26
CHE,1,1,0,1,0,0,0,7,5,1,0,2,0,13.9,3,42.9,14.3,2017,26
CRY,1,1,1,0,1,1,0,20,14,4,2,6,0,4.8,4,20.0,5.0,2017,26
EVE,1,1,1,0,1,0,0,10,8,2,3,4,1,9.3,2,20.0,10.0,2017,26
HUD,1,0,0,0,0,0,0,4,3,0,3,3,0,23.5,0,0.0,0.0,2017,26
LEI,1,1,1,0,1,0,0,13,9,2,4,4,0,7.3,4,30.8,7.7,2017,26
LIV,1,2,2,0,2,0,0,9,6,2,5,2,0,10.7,3,33.3,22.2,2017,26
MCI,1,1,0,1,0,0,1,20,10,2,8,7,0,4.7,7,35.0,5.0,2017,26
MUN,1,2,2,0,1,0,1,16,9,2,5,5,0,5.9,7,43.8,12.5,2017,26
NEW,1,1,1,0,1,0,1,12,7,1,5,2,0,7.9,8,66.7,8.3,2017,26
SOU,1,3,1,2,0,0,3,13,7,1,5,3,0,7.5,5,38.5,23.1,2017,26
STK,1,1,1,0,0,0,0,13,9,0,3,4,1,7.3,3,23.1,7.7,2017,26
SWA,1,1,1,0,1,0,1,3,3,1,1,1,0,31.7,1,33.3,33.3,2017,26
TOT,1,2,1,1,1,1,0,13,8,4,5,5,0,7.4,6,46.2,15.4,2017,26
WAT,1,4,4,0,2,1,0,21,11,2,2,4,0,4.6,8,38.1,19.0,2017,26
WBA,1,2,2,0,1,0,2,9,4,1,5,2,0,10.7,3,33.3,22.2,2017,26
WHU,1,1,1,0,0,0,0,4,4,1,0,1,0,23.8,1,25.0,25.0,2017,26
ARS,1,0,0,0,0,0,0,6,2,1,1,2,0,15.8,1,16.7,0.0,2017,27
BOU,1,1,1,0,0,0,0,7,4,1,2,3,1,13.7,2,28.6,14.3,2017,27
BHA,1,1,1,0,0,0,0,14,9,1,4,1,0,6.7,6,42.9,7.1,2017,27
BUR,1,0,0,0,0,0,0,13,5,0,5,4,0,7.3,1,7.7,0.0,2017,27
CHE,1,3,3,0,2,0,0,20,15,4,5,6,0,4.7,8,40.0,15.0,2017,27
CRY,1,1,1,0,1,1,0,16,9,2,5,7,0,5.9,4,25.0,6.3,2017,27
EVE,1,3,2,1,2,0,0,11,5,2,4,4,0,8.5,5,45.5,27.3,2017,27
HUD,1,4,3,1,2,1,1,15,9,4,4,6,0,6.4,4,26.7,26.7,2017,27
LEI,1,1,1,0,0,0,0,2,2,0,0,0,0,47.0,2,100.0,50.0,2017,27
LIV,1,2,2,0,2,0,0,16,11,4,0,4,0,5.9,4,25.0,12.5,2017,27
MCI,1,5,4,1,3,0,0,19,14,3,2,3,0,4.9,10,52.6,26.3,2017,27
MUN,1,0,0,0,0,0,0,13,12,3,2,7,0,7.3,3,23.1,0.0,2017,27
NEW,1,1,1,0,1,0,1,10,3,1,4,2,0,9.5,3,30.0,10.0,2017,27
SOU,1,0,0,0,0,0,0,6,5,2,1,0,0,15.8,4,66.7,0.0,2017,27
STK,1,1,0,1,0,0,0,15,6,0,5,7,0,6.3,2,13.3,6.7,2017,27
SWA,1,1,0,1,0,0,0,13,8,0,2,7,0,7.3,4,30.8,7.7,2017,27
TOT,1,1,1,0,1,0,0,18,13,6,8,1,0,5.3,6,33.3,5.6,2017,27
WAT,1,0,0,0,0,0,0,11,5,1,5,4,0,8.5,4,36.4,0.0,2017,27
WBA,1,0,0,0,0,0,0,8,5,1,2,0,0,11.6,1,12.5,0.0,2017,27
WHU,1,2,2,0,2,0,1,8,5,4,3,2,0,11.8,4,50.0,25.0,2017,27
ARS,1,0,0,0,0,0,0,10,5,1,4,3,0,9.3,5,50.0,0.0,2017,28
BOU,1,2,2,0,1,0,0,18,10,2,7,4,0,5.3,5,27.8,11.1,2017,28
BHA,1,4,4,0,4,1,0,16,10,4,2,2,1,5.9,5,31.3,25.0,2017,28
BUR,1,1,1,0,1,0,0,9,8,2,2,3,0,10.4,3,33.3,11.1,2017,28
CHE,1,1,1,0,1,0,0,14,8,2,2,3,1,6.9,7,50.0,7.1,2017,28
CRY,1,0,0,0,0,0,0,5,4,0,2,1,0,19.0,3,60.0,0.0,2017,28
EVE,1,0,0,0,0,0,0,7,6,1,4,1,0,13.4,2,28.6,0.0,2017,28
HUD,1,2,2,0,1,0,0,16,8,1,4,5,0,5.9,7,43.8,12.5,2017,28
LEI,1,1,0,1,0,0,0,19,9,1,9,2,1,5.0,9,47.4,5.3,2017,28
LIV,1,4,4,0,2,0,1,21,14,7,3,2,1,4.5,12,57.1,19.0,2017,28
MCI,1,3,3,0,2,0,0,9,7,3,1,3,0,10.3,5,55.6,33.3,2017,28
MUN,1,2,2,0,2,0,0,10,8,2,2,4,0,9.6,5,50.0,20.0,2017,28
NEW,1,2,2,0,2,0,1,15,7,5,5,5,0,6.4,4,26.7,13.3,2017,28
SOU,1,1,1,0,0,0,0,13,8,0,3,5,0,7.2,5,38.5,7.7,2017,28
STK,1,1,0,1,0,0,0,6,0,0,1,2,0,15.8,2,33.3,16.7,2017,28
SWA,1,1,0,1,0,0,0,11,3,0,2,4,1,8.5,1,9.1,9.1,2017,28
TOT,1,1,1,0,0,0,1,14,9,3,4,4,0,6.8,4,28.6,7.1,2017,28
WAT,1,1,1,0,0,0,0,13,5,0,4,4,0,7.2,5,38.5,7.7,2017,28
WBA,1,1,1,0,1,0,1,10,6,2,4,2,0,9.5,3,30.0,10.0,2017,28
WHU,1,1,1,0,0,0,0,7,6,0,2,1,0,13.4,4,57.1,14.3,2017,28
ARS,1,1,1,0,1,0,0,15,9,1,4,6,0,6.5,7,46.7,6.7,2017,29
BOU,1,1,1,0,1,1,0,8,5,2,1,1,0,12.3,3,37.5,12.5,2017,29
BHA,1,2,2,0,2,0,1,13,8,2,6,2,0,7.5,6,46.2,15.4,2017,29
BUR,1,2,2,0,2,0,1,21,16,4,6,10,0,4.5,8,38.1,9.5,2017,29
CHE,1,0,0,0,0,0,0,3,1,0,1,0,0,31.7,0,0.0,0.0,2017,29
CRY,1,2,1,1,1,0,1,10,6,1,2,1,0,9.4,4,40.0,20.0,2017,29
EVE,1,1,1,0,1,0,0,10,8,3,1,0,0,9.4,4,40.0,10.0,2017,29
HUD,1,0,0,0,0,0,0,3,1,0,0,0,0,31.3,3,100.0,0.0,2017,29
LEI,1,1,0,1,0,0,1,23,17,3,11,10,0,4.3,4,17.4,4.3,2017,29
LIV,1,2,2,0,2,0,0,14,12,2,5,8,0,6.8,3,21.4,14.3,2017,29
MCI,1,1,1,0,1,0,0,13,9,1,2,6,0,7.3,2,15.4,7.7,2017,29
MUN,1,3,2,1,1,0,1,17,8,2,3,7,0,5.5,7,41.2,17.6,2017,29
NEW,1,0,0,0,0,0,0,7,1,0,3,3,0,13.4,2,28.6,0.0,2017,29
SOU,1,0,0,0,0,0,0,18,9,1,7,7,0,5.2,6,33.3,0.0,2017,29
STK,1,0,0,0,0,0,0,12,3,1,1,0,0,7.8,3,25.0,0.0,2017,29
SWA,1,4,3,1,3,1,2,9,6,4,4,1,0,10.4,7,77.8,44.4,2017,29
TOT,1,2,2,0,2,0,0,15,8,3,2,5,0,6.3,7,46.7,13.3,2017,29
WAT,1,1,0,1,1,0,0,15,10,2,6,6,0,6.5,3,20.0,6.7,2017,29
WBA,1,0,0,0,0,0,0,9,6,2,1,2,0,10.8,2,22.2,0.0,2017,29
WHU,1,1,1,0,0,0,1,7,3,0,2,4,0,13.4,2,28.6,14.3,2017,29
ARS,1,3,3,0,1,0,1,11,10,4,2,0,0,8.5,7,63.6,27.3,2017,30
BOU,1,1,1,0,0,0,0,14,7,1,4,4,1,6.9,3,21.4,7.1,2017,30
BHA,1,0,0,0,0,0,0,10,3,0,3,1,0,9.5,4,40.0,0.0,2017,30
BUR,1,3,3,0,2,0,0,7,4,2,1,1,0,13.1,4,57.1,42.9,2017,30
CHE,1,2,0,2,0,0,0,27,15,6,6,10,1,3.5,8,29.6,7.4,2017,30
CRY,1,1,1,0,1,0,0,9,5,2,4,2,1,10.4,2,22.2,11.1,2017,30
EVE,1,2,1,1,0,0,0,13,7,2,6,3,0,7.3,3,23.1,15.4,2017,30
HUD,1,0,0,0,0,0,0,30,18,1,7,11,1,3.2,4,13.3,0.0,2017,30
LEI,1,4,4,0,3,0,1,14,9,4,2,3,0,6.8,6,42.9,28.6,2017,30
LIV,1,1,0,1,0,0,0,14,5,1,7,7,0,6.9,2,14.3,7.1,2017,30
MCI,1,2,2,0,2,0,0,17,12,4,5,3,0,5.6,6,35.3,11.8,2017,30
MUN,1,2,2,0,0,0,0,5,5,1,2,2,0,19.4,2,40.0,40.0,2017,30
NEW,1,3,2,1,2,0,0,7,5,3,1,0,0,13.4,5,71.4,42.9,2017,30
SOU,1,0,0,0,0,0,0,6,3,1,2,1,0,15.7,2,33.3,0.0,2017,30
STK,1,0,0,0,0,0,0,3,1,0,1,2,0,32.0,0,0.0,0.0,2017,30
SWA,1,0,0,0,0,0,0,0,0,1,0,0,0,0.0,0,0.0,0.0,2017,30
TOT,1,4,4,0,4,0,0,12,10,5,1,3,0,8.0,8,66.7,33.3,2017,30
WAT,1,0,0,0,0,0,0,11,9,2,3,2,0,8.5,4,36.4,0.0,2017,30
WBA,1,1,1,0,0,0,0,6,2,0,1,1,0,15.8,2,33.3,16.7,2017,30
WHU,1,0,0,0,0,0,0,13,8,1,2,3,0,7.1,4,30.8,0.0,2017,30
BOU,1,2,0,2,0,0,1,17,7,0,6,8,0,5.8,5,29.4,11.8,2017,31
CRY,1,2,2,0,2,1,1,18,11,4,8,8,0,5.3,5,27.8,11.1,2017,31
EVE,1,2,2,0,2,0,0,16,13,7,6,3,0,5.9,8,50.0,12.5,2017,31
HUD,1,0,0,0,0,0,0,6,3,0,2,1,0,15.8,2,33.3,0.0,2017,31
LIV,1,5,5,0,3,0,0,13,10,3,1,2,0,7.2,10,76.9,38.5,2017,31
STK,1,1,1,0,1,0,1,9,5,1,1,3,0,10.6,4,44.4,11.1,2017,31
WAT,1,0,0,0,0,0,0,4,2,1,1,1,1,23.3,1,25.0,0.0,2017,31
WBA,1,1,1,0,1,0,0,11,8,3,0,5,0,8.9,5,45.5,9.1,2017,31
ARS,1,3,3,0,2,2,1,24,17,4,7,5,1,4.0,11,45.8,12.5,2017,32
BOU,1,2,2,0,2,1,1,13,7,3,4,3,1,7.3,6,46.2,15.4,2017,32
BHA,1,0,0,0,0,0,0,15,9,3,4,5,0,6.5,3,20.0,0.0,2017,32
BUR,1,2,2,0,1,0,0,11,6,1,2,1,0,8.8,4,36.4,18.2,2017,32
CHE,1,1,1,0,1,0,0,14,8,1,4,3,0,6.8,4,28.6,7.1,2017,32
CRY,1,1,1,0,1,1,0,6,4,4,1,0,0,15.8,3,50.0,16.7,2017,32
EVE,1,1,0,1,0,0,0,6,4,2,3,0,0,15.7,2,33.3,16.7,2017,32
HUD,1,0,0,0,0,0,0,4,1,2,1,2,0,24.0,0,0.0,0.0,2017,32
LEI,1,2,2,0,1,0,1,6,5,1,3,0,0,16.2,4,66.7,33.3,2017,32
LIV,1,2,2,0,2,0,0,16,11,2,4,6,0,5.9,6,37.5,12.5,2017,32
MCI,1,3,3,0,2,0,0,18,10,2,3,6,0,5.2,4,22.2,16.7,2017,32
MUN,1,2,1,1,0,0,0,11,8,3,0,2,0,8.5,5,45.5,18.2,2017,32
NEW,1,1,1,0,1,0,0,18,10,4,3,6,0,5.3,3,16.7,5.6,2017,32
SOU,1,0,0,0,0,0,0,9,6,0,2,4,0,10.4,0,0.0,0.0,2017,32
STK,1,0,0,0,0,0,0,8,4,0,4,2,0,11.9,2,25.0,0.0,2017,32
SWA,1,0,0,0,0,0,0,3,3,0,0,1,0,31.0,2,66.7,0.0,2017,32
TOT,1,3,2,1,2,0,0,12,6,2,2,3,0,7.9,6,50.0,25.0,2017,32
WAT,1,2,2,0,0,0,1,16,5,0,6,7,0,5.9,5,31.3,12.5,2017,32
WBA,1,1,1,0,0,0,0,8,7,1,0,2,0,12.1,3,37.5,12.5,2017,32
WHU,1,3,3,0,1,0,0,12,8,3,2,3,1,7.8,5,41.7,25.0,2017,32
ARS,1,3,2,1,1,0,0,13,7,2,5,2,0,7.5,7,53.8,23.1,2017,33
BOU,1,2,1,1,1,0,1,21,15,2,9,4,0,4.5,5,23.8,9.5,2017,33
BHA,1,1,0,1,0,0,0,13,8,4,4,3,0,7.3,4,30.8,7.7,2017,33
BUR,1,2,2,0,2,0,2,7,6,2,3,1,0,13.9,4,57.1,28.6,2017,33
CHE,1,1,1,0,1,0,1,23,15,2,7,6,0,4.2,6,26.1,4.3,2017,33
CRY,1,2,0,2,0,0,1,13,7,1,2,4,0,7.3,6,46.2,15.4,2017,33
EVE,1,0,0,0,0,0,0,6,3,1,0,1,0,15.7,1,16.7,0.0,2017,33
HUD,1,1,1,0,1,0,0,15,8,1,2,5,0,6.3,5,33.3,6.7,2017,33
LEI,1,1,1,0,1,0,0,8,6,1,3,2,0,11.9,1,12.5,12.5,2017,33
LIV,1,0,0,0,0,0,0,10,4,1,1,3,0,9.4,3,30.0,0.0,2017,33
MCI,1,2,2,0,1,0,1,20,15,5,5,5,2,4.9,6,30.0,10.0,2017,33
MUN,1,3,3,0,3,0,1,5,3,3,1,0,0,19.4,4,80.0,60.0,2017,33
NEW,1,2,0,2,0,0,0,8,2,0,3,1,0,11.9,4,50.0,25.0,2017,33
SOU,1,2,2,0,2,0,1,15,10,3,3,4,0,6.5,7,46.7,13.3,2017,33
STK,1,1,1,0,1,0,0,10,6,2,4,1,1,9.8,4,40.0,10.0,2017,33
SWA,1,1,1,0,0,0,1,7,4,1,2,1,0,13.6,1,14.3,14.3,2017,33
TOT,1,2,2,1,2,0,1,15,9,3,5,6,1,6.5,4,26.7,13.3,2017,33
WAT,1,1,1,0,1,0,0,14,8,3,5,5,0,6.9,5,35.7,7.1,2017,33
WBA,1,1,1,0,1,0,1,15,7,1,4,8,0,6.3,3,20.0,6.7,2017,33
WHU,1,1,1,0,0,0,0,5,3,0,0,3,0,19.2,2,40.0,20.0,2017,33
ARS,1,1,1,0,1,0,0,15,8,2,4,4,0,6.2,3,20.0,6.7,2017,34
BOU,2,0,0,0,0,0,0,19,13,2,5,8,0,9.9,3,15.8,0.0,2017,34
BHA,2,3,3,0,2,1,1,20,15,3,6,4,0,9.5,8,40.0,15.0,2017,34
BUR,2,3,3,0,2,0,1,13,8,3,6,4,0,14.6,5,38.5,23.1,2017,34
CHE,2,5,4,1,0,0,1,33,19,2,10,14,0,5.8,10,30.3,15.2,2017,34
CRY,1,3,3,0,2,0,2,15,7,3,6,6,0,6.3,7,46.7,20.0,2017,34
EVE,1,1,0,1,0,0,0,12,9,2,3,4,1,7.8,3,25.0,8.3,2017,34
HUD,1,1,1,0,1,0,0,9,6,1,2,5,0,10.4,1,11.1,11.1,2017,34
LEI,2,1,1,0,1,0,0,26,14,4,5,9,0,7.3,9,34.6,3.8,2017,34
LIV,1,3,3,0,1,0,0,20,11,2,1,4,0,4.7,6,30.0,15.0,2017,34
MCI,1,3,3,0,3,1,1,17,10,4,5,6,1,5.6,6,35.3,17.6,2017,34
MUN,2,2,2,0,2,0,1,27,12,2,5,12,0,7.0,8,29.6,7.4,2017,34
NEW,1,2,2,0,1,0,0,8,6,1,1,2,0,11.6,4,50.0,25.0,2017,34
SOU,2,2,2,0,2,0,1,16,12,4,4,1,0,11.9,9,56.3,12.5,2017,34
STK,1,1,1,0,1,0,0,11,7,1,2,4,0,8.6,6,54.5,9.1,2017,34
SWA,1,1,1,0,0,0,1,17,12,1,7,7,0,5.5,5,29.4,5.9,2017,34
TOT,2,2,2,0,1,0,0,24,11,1,6,9,0,7.9,9,37.5,8.3,2017,34
WAT,1,0,0,0,0,0,0,4,2,0,1,2,0,23.5,2,50.0,0.0,2017,34
WBA,1,1,1,0,1,0,1,10,6,1,1,2,0,9.5,4,40.0,10.0,2017,34
WHU,1,1,1,0,0,0,0,18,4,0,10,9,0,5.3,6,33.3,5.6,2017,34
ARS,1,4,3,1,1,0,1,20,12,2,3,4,0,4.8,8,40.0,20.0,2017,35
BUR,1,1,1,0,1,0,1,16,11,2,9,4,0,5.9,7,43.8,6.3,2017,35
CRY,1,0,0,0,0,0,0,6,3,0,4,2,2,15.7,1,16.7,0.0,2017,35
EVE,1,1,1,0,0,0,0,9,7,1,3,3,0,10.8,1,11.1,11.1,2017,35
LIV,1,2,2,0,2,0,1,9,6,3,2,2,0,10.6,3,33.3,22.2,2017,35
MCI,1,5,4,1,3,0,1,19,12,5,2,3,0,4.9,12,63.2,26.3,2017,35
NEW,1,0,0,0,0,0,0,9,5,1,5,3,0,10.8,2,22.2,0.0,2017,35
STK,1,1,0,1,0,0,0,8,4,1,3,1,1,11.9,3,37.5,12.5,2017,35
SWA,1,0,0,0,0,0,0,4,2,0,2,1,0,23.3,1,25.0,0.0,2017,35
WAT,1,0,0,0,0,0,0,14,8,0,6,0,1,6.7,4,28.6,0.0,2017,35
WBA,1,2,2,0,2,0,2,13,10,2,6,1,0,7.3,6,46.2,15.4,2017,35
WHU,1,1,1,0,0,0,0,11,7,1,4,3,1,8.6,4,36.4,9.1,2017,35
ARS,1,1,0,1,0,0,0,8,5,1,0,1,0,11.9,3,37.5,12.5,2017,36
BOU,1,1,1,0,1,0,1,14,6,2,7,2,0,6.9,7,50.0,7.1,2017,36
BHA,1,0,0,0,0,0,0,10,8,0,3,4,0,9.6,2,20.0,0.0,2017,36
BUR,1,0,0,0,0,0,0,10,8,1,6,4,1,9.6,4,40.0,0.0,2017,36
CHE,1,1,1,0,0,0,0,11,9,1,2,3,0,8.6,3,27.3,9.1,2017,36
CRY,1,5,4,1,3,1,0,15,13,6,4,3,0,6.2,8,53.3,33.3,2017,36
EVE,1,2,1,1,0,0,0,7,4,2,2,1,0,13.6,5,71.4,28.6,2017,36
HUD,1,0,0,0,0,0,0,9,4,1,2,5,0,10.6,2,22.2,0.0,2017,36
LEI,1,0,0,0,0,0,0,6,3,1,1,4,0,15.5,0,0.0,0.0,2017,36
LIV,1,0,0,0,0,0,0,20,14,2,3,10,0,4.9,2,10.0,0.0,2017,36
MCI,1,4,2,2,1,0,0,19,10,3,1,5,0,4.9,7,36.8,21.1,2017,36
MUN,1,2,2,0,1,0,0,16,10,3,4,8,1,5.9,2,12.5,12.5,2017,36
NEW,1,0,0,0,0,0,0,17,9,2,4,6,1,5.6,2,11.8,0.0,2017,36
SOU,1,2,2,0,1,0,0,14,8,4,1,4,0,6.9,6,42.9,14.3,2017,36
STK,1,0,0,0,0,0,0,5,4,1,2,1,0,19.4,1,20.0,0.0,2017,36
SWA,1,0,0,0,0,0,0,10,5,0,1,2,0,9.5,3,30.0,0.0,2017,36
TOT,1,2,2,0,2,0,0,13,8,4,5,4,1,7.5,3,23.1,15.4,2017,36
WAT,1,0,0,0,0,0,0,13,10,1,1,3,0,7.5,5,38.5,0.0,2017,36
WBA,1,1,1,0,1,0,0,9,6,1,1,1,0,10.6,2,22.2,11.1,2017,36
WHU,1,1,0,1,0,0,1,4,3,0,3,1,0,23.5,1,25.0,25.0,2017,36
ARS,2,6,6,0,4,0,0,30,25,6,6,6,1,6.2,15,50.0,20.0,2017,37
BOU,1,1,0,1,0,0,1,13,9,4,4,2,0,7.4,5,38.5,7.7,2017,37
BHA,2,2,2,0,2,0,0,17,10,3,3,3,0,11.1,7,41.2,11.8,2017,37
BUR,1,0,0,0,0,0,0,6,3,0,2,2,0,15.2,2,33.3,0.0,2017,37
CHE,2,2,2,0,1,0,0,34,25,4,9,13,0,5.7,9,26.5,5.9,2017,37
CRY,1,2,2,0,2,0,0,13,7,3,3,4,0,7.4,2,15.4,15.4,2017,37
EVE,1,1,0,1,0,0,0,9,6,0,4,1,0,10.8,3,33.3,11.1,2017,37
HUD,2,1,1,0,1,0,0,8,3,3,1,0,0,24.0,5,62.5,12.5,2017,37
LEI,2,3,3,0,2,1,1,32,15,4,11,10,0,6.0,12,37.5,9.4,2017,37
LIV,1,0,0,0,0,0,0,10,6,0,0,0,0,9.6,5,50.0,0.0,2017,37
MCI,2,3,3,0,1,0,1,34,21,1,9,7,1,5.6,9,26.5,8.8,2017,37
MUN,2,0,0,0,0,0,0,32,12,0,6,9,0,5.9,9,28.1,0.0,2017,37
NEW,2,1,1,0,1,0,0,23,17,1,6,6,2,8.3,4,17.4,4.3,2017,37
SOU,2,2,2,0,2,0,1,24,12,3,7,6,0,8.1,13,54.2,8.3,2017,37
STK,1,1,0,1,0,0,1,7,5,1,2,1,0,13.7,2,28.6,14.3,2017,37
SWA,2,0,0,0,0,0,0,23,10,2,8,6,0,8.4,6,26.1,0.0,2017,37
TOT,2,1,1,0,0,0,0,29,18,3,12,7,0,6.7,12,41.4,3.4,2017,37
WAT,1,2,2,0,2,0,0,11,9,6,3,2,0,8.6,8,72.7,18.2,2017,37
WBA,1,1,1,0,1,0,1,9,7,4,7,2,0,10.8,1,11.1,11.1,2017,37
WHU,2,2,1,1,1,0,1,22,16,4,6,8,1,8.7,5,22.7,9.1,2017,37
ARS,1,1,1,0,1,0,0,9,4,4,3,2,0,10.4,4,44.4,11.1,2017,38
BOU,1,2,2,0,1,0,0,16,11,2,7,6,0,6.0,5,31.3,12.5,2017,38
BHA,1,0,0,0,0,0,0,2,0,0,0,1,0,46.5,1,50.0,0.0,2017,38
BUR,1,1,1,0,1,0,0,10,7,2,4,1,0,9.6,4,40.0,10.0,2017,38
CHE,1,0,0,0,0,0,0,6,4,1,0,1,0,15.3,2,33.3,0.0,2017,38
CRY,1,2,2,0,2,0,0,11,7,4,1,2,0,8.4,5,45.5,18.2,2017,38
EVE,1,1,1,0,1,0,1,14,9,3,3,4,0,6.6,7,50.0,7.1,2017,38
HUD,1,0,0,0,0,0,0,19,13,1,11,5,1,4.9,3,15.8,0.0,2017,38
LEI,1,4,3,1,0,0,1,17,14,2,7,1,0,5.7,9,52.9,23.5,2017,38
LIV,1,4,4,0,1,0,1,22,18,6,5,7,0,4.2,10,45.5,18.2,2017,38
MCI,1,1,1,0,1,0,0,13,6,1,7,6,0,7.3,2,15.4,7.7,2017,38
MUN,1,1,1,0,1,0,0,7,2,1,2,2,0,13.4,1,14.3,14.3,2017,38
NEW,1,3,3,0,2,0,1,16,6,3,1,5,0,5.8,6,37.5,18.8,2017,38
SOU,1,0,0,0,0,0,0,8,7,0,3,1,1,11.9,2,25.0,0.0,2017,38
STK,1,2,2,0,2,0,1,8,5,3,1,1,0,11.4,5,62.5,25.0,2017,38
SWA,1,1,1,0,1,0,0,27,19,4,7,12,0,3.4,10,37.0,3.7,2017,38
TOT,1,5,4,1,2,0,0,14,8,2,4,3,0,6.9,6,42.9,35.7,2017,38
WAT,1,0,0,0,0,0,0,7,6,1,3,1,0,13.4,3,42.9,0.0,2017,38
WBA,1,0,0,0,0,0,0,7,2,0,2,0,0,13.1,1,14.3,0.0,2017,38
WHU,1,3,1,2,0,0,0,15,6,1,3,6,0,6.2,4,26.7,20.0,2017,38
