Team,Games Played,Goals Conceded,Clean Sheets,Shots ConcededIn,Shots ConcededOut,Shots ConcededTotal,Shots ConcededOn Target,Shots ConcededHead,Shots ConcededSP,Shots ConcededBC,Crosses ConcededLeft Flank,Crosses ConcededRight Flank,Chances ConcededLeft Flank,Chances ConcededCentre,Chances ConcededRight Flank,Defensive SlipsLost,Defensive SlipsErr,Defensive SlipsErr Goal,Season,GW ID
ARS,1,0,1,2,2,4,2,0,0,1,1,3,2,0,1,4,0,0,2012,1
AVL,1,1,0,5,3,8,1,1,4,1,8,16,3,2,1,3,2,0,2012,1
CHE,2,2,1,14,8,22,8,7,7,3,27,27,7,3,5,7,2,1,2012,1
EVE,1,0,1,8,6,14,3,2,3,2,17,17,0,5,4,7,0,0,2012,1
FUL,1,0,1,4,5,9,2,1,1,0,12,10,1,4,2,1,0,0,2012,1
LIV,1,3,0,10,8,18,6,3,6,3,9,7,5,1,6,4,2,0,2012,1
MCI,1,2,0,5,5,10,2,0,2,0,6,7,1,3,2,1,1,1,2012,1
MUN,1,1,0,13,5,18,7,6,9,1,14,4,6,4,3,7,0,0,2012,1
NEW,1,1,0,6,9,15,4,2,4,1,13,11,2,5,4,9,1,0,2012,1
NOR,1,5,0,8,7,15,9,1,2,5,8,14,3,4,3,4,1,0,2012,1
QPR,1,5,0,10,3,13,6,3,4,2,4,5,1,2,4,3,4,3,2012,1
RDG,2,5,0,23,15,38,9,5,7,4,29,15,8,9,12,15,3,2,2012,1
SOU,1,3,0,16,7,23,8,2,5,7,9,13,7,5,2,4,3,1,2012,1
STK,1,1,0,8,2,10,2,5,5,1,12,13,3,1,3,3,1,0,2012,1
SUN,1,0,1,11,12,23,3,2,2,2,11,14,5,5,8,23,1,0,2012,1
SWA,1,0,1,8,13,21,4,1,2,2,14,10,4,7,4,7,2,0,2012,1
TOT,1,2,0,3,4,7,3,0,0,1,7,9,1,1,1,8,0,0,2012,1
WBA,1,0,1,10,6,16,2,2,5,3,13,9,1,4,4,6,3,0,2012,1
WHU,1,0,1,4,9,13,2,2,5,0,10,3,4,2,6,5,0,0,2012,1
WIG,1,2,0,5,1,6,3,1,1,3,5,2,1,3,0,9,0,0,2012,1
ARS,1,0,1,3,3,6,1,1,1,1,10,7,3,0,2,2,1,0,2012,2
AVL,1,3,0,13,8,21,5,5,6,1,10,12,3,6,8,4,1,1,2012,2
CHE,1,0,1,8,3,11,3,3,1,1,10,11,4,2,2,11,2,0,2012,2
EVE,1,1,0,6,3,9,2,1,0,0,6,8,2,0,4,9,3,1,2012,2
FUL,1,3,0,11,10,20,7,3,7,2,26,11,6,4,5,8,0,0,2012,2
LIV,1,2,0,6,5,11,3,0,2,2,11,11,2,2,2,10,3,2,2012,2
MCI,1,2,0,6,11,17,3,3,6,1,12,6,6,3,5,5,3,0,2012,2
MUN,1,2,0,8,8,16,6,1,3,2,5,10,2,4,2,12,0,0,2012,2
NEW,1,2,0,5,7,12,6,1,2,1,7,5,2,3,2,6,2,0,2012,2
NOR,1,1,0,4,4,8,3,1,4,2,11,3,2,1,2,12,0,0,2012,2
QPR,1,1,0,10,5,15,3,6,4,4,14,15,3,1,6,8,2,0,2012,2
SOU,1,2,0,7,6,13,4,1,5,2,6,9,5,1,5,6,1,1,2012,2
STK,1,0,1,8,9,17,2,1,7,0,10,18,4,4,3,13,1,0,2012,2
SWA,1,0,1,7,2,9,4,3,6,0,8,9,1,2,3,2,0,0,2012,2
TOT,1,1,0,10,3,13,4,3,5,2,10,5,1,5,4,4,2,0,2012,2
WBA,1,1,0,9,13,22,7,0,4,2,13,11,4,6,6,6,0,0,2012,2
WHU,1,3,0,10,2,12,5,0,0,2,7,4,2,5,2,10,3,2,2012,2
WIG,1,0,1,10,6,16,6,5,7,1,15,17,4,4,4,4,1,0,2012,2
ARS,1,0,1,12,7,19,4,4,4,1,14,13,3,7,5,11,1,0,2012,3
AVL,1,1,0,9,8,17,4,5,7,1,24,13,6,1,7,6,1,0,2012,3
EVE,1,2,0,6,6,12,5,2,3,3,9,8,2,2,5,4,1,1,2012,3
FUL,1,3,0,10,6,16,6,1,4,0,11,11,6,7,2,3,1,1,2012,3
LIV,1,2,0,5,6,11,5,1,1,2,6,7,3,3,4,9,1,1,2012,3
MCI,1,1,0,6,5,11,4,3,3,1,6,12,3,3,2,5,2,1,2012,3
MUN,1,2,0,6,9,15,4,2,3,1,9,6,5,4,3,3,3,1,2012,3
NEW,1,1,0,10,3,13,5,3,1,3,10,10,3,5,3,6,0,0,2012,3
NOR,1,1,0,3,12,15,5,0,1,0,14,11,5,1,6,5,0,0,2012,3
QPR,1,3,0,15,3,18,6,5,7,2,14,12,6,3,5,7,0,0,2012,3
SOU,1,3,0,11,9,20,7,4,3,3,14,10,7,5,3,4,1,0,2012,3
STK,1,2,0,10,3,13,3,1,1,1,9,6,2,4,3,7,0,0,2012,3
SUN,1,2,0,9,6,15,6,2,1,1,17,15,2,6,2,10,1,0,2012,3
SWA,1,2,0,4,0,4,2,0,1,0,5,6,1,1,0,3,2,1,2012,3
TOT,1,1,0,7,5,12,4,4,3,1,14,5,5,2,2,3,0,0,2012,3
WBA,1,0,1,12,1,13,2,5,4,1,9,16,2,4,5,2,2,0,2012,3
WHU,1,0,1,7,8,15,9,1,2,0,11,7,2,8,1,7,0,0,2012,3
WIG,1,2,0,12,7,19,7,3,7,4,10,13,3,3,6,1,0,0,2012,3
ARS,1,1,0,5,7,10,3,0,2,2,8,4,2,0,3,3,2,1,2012,4
AVL,1,0,1,6,4,10,3,2,2,0,16,7,3,3,3,3,0,0,2012,4
CHE,1,0,1,7,5,12,3,1,2,1,9,9,3,3,3,4,2,0,2012,4
EVE,1,2,0,8,3,11,3,1,1,3,6,2,3,3,3,10,1,0,2012,4
FUL,1,0,1,5,5,10,5,1,3,0,8,5,3,1,4,4,1,0,2012,4
LIV,1,1,0,1,6,7,1,0,1,1,9,5,2,2,2,6,0,0,2012,4
MCI,1,1,0,3,1,4,2,0,1,1,12,8,1,1,1,5,0,0,2012,4
MUN,1,0,1,7,0,7,1,2,2,0,8,10,1,2,3,9,0,0,2012,4
NEW,1,2,0,12,6,18,6,1,2,1,8,13,2,3,9,8,2,0,2012,4
NOR,1,0,1,8,6,14,2,4,4,3,17,10,3,1,4,7,1,0,2012,4
QPR,1,0,1,6,6,12,4,2,5,2,9,10,5,2,1,5,1,0,2012,4
RDG,1,3,0,13,10,23,7,1,3,4,6,10,8,6,5,8,1,0,2012,4
SOU,1,6,0,15,8,23,9,4,7,3,12,13,6,6,6,10,2,1,2012,4
STK,1,1,0,8,7,15,7,2,5,2,9,9,2,3,6,10,0,0,2012,4
SUN,1,1,0,13,10,23,6,3,4,1,14,12,5,6,2,14,3,1,2012,4
SWA,1,2,0,12,4,16,7,3,6,1,17,11,5,2,5,10,3,1,2012,4
TOT,1,1,0,4,2,6,1,0,1,1,23,13,2,0,1,3,0,0,2012,4
WBA,1,3,0,13,10,23,10,3,2,3,23,12,6,6,7,6,2,1,2012,4
WHU,1,0,1,15,10,25,9,3,13,0,12,7,5,9,4,7,1,0,2012,4
WIG,1,4,0,14,6,20,5,2,4,4,18,11,5,5,3,9,5,4,2012,4
ARS,1,1,0,9,6,15,6,2,6,3,11,10,3,4,3,6,4,1,2012,5
AVL,1,4,0,9,7,16,7,0,1,2,11,10,4,7,3,10,0,0,2012,5
CHE,1,0,1,7,6,13,3,4,4,1,12,10,4,5,4,3,0,0,2012,5
EVE,1,0,1,11,7,18,4,2,8,3,12,12,4,6,3,1,1,0,2012,5
FUL,1,1,0,10,9,19,5,3,5,3,18,16,4,2,6,7,0,0,2012,5
LIV,1,2,0,3,5,8,3,1,1,1,7,11,1,2,3,7,0,0,2012,5
MCI,1,1,0,5,6,11,4,0,2,0,8,9,2,3,2,12,2,1,2012,5
MUN,1,1,0,10,4,14,6,3,5,0,13,13,7,1,4,11,1,0,2012,5
NEW,1,0,1,7,3,10,2,4,2,1,16,13,2,2,4,4,0,0,2012,5
NOR,1,1,0,14,4,18,6,3,4,3,13,7,2,6,4,10,2,0,2012,5
QPR,1,2,0,13,7,20,8,3,6,1,17,9,6,5,4,10,1,0,2012,5
RDG,1,1,0,6,5,11,4,3,2,0,10,18,2,5,3,5,0,0,2012,5
SOU,1,1,0,8,3,11,2,4,3,2,8,9,3,1,3,3,1,0,2012,5
STK,1,1,0,7,12,19,4,2,4,1,15,12,2,12,3,6,1,0,2012,5
SUN,1,1,0,18,6,24,4,8,12,0,13,29,4,6,8,8,0,0,2012,5
SWA,1,3,0,24,7,31,10,6,10,5,10,17,3,7,12,4,0,0,2012,5
TOT,1,1,0,7,3,9,4,3,4,1,13,11,5,0,1,4,1,0,2012,5
WBA,1,0,1,5,5,10,1,3,3,0,17,16,1,3,3,5,0,0,2012,5
WHU,1,1,0,2,3,5,1,0,0,0,4,7,3,1,0,2,1,0,2012,5
WIG,1,2,0,9,3,12,7,3,5,2,14,3,3,3,0,4,1,0,2012,5
ARS,1,2,0,3,7,10,3,1,5,1,8,7,5,0,0,14,2,1,2012,6
AVL,1,1,0,6,8,14,3,2,3,1,11,6,3,4,3,4,1,1,2012,6
CHE,1,1,0,8,8,16,4,1,1,1,23,12,6,5,3,14,1,0,2012,6
EVE,1,1,0,6,4,10,5,4,2,3,9,12,5,2,2,5,1,1,2012,6
FUL,1,2,0,11,12,23,7,2,2,2,12,10,4,8,5,7,3,1,2012,6
LIV,1,2,0,8,9,16,4,0,3,3,12,13,5,4,2,5,3,2,2012,6
MCI,1,1,0,4,3,7,3,0,3,1,9,3,0,1,1,2,0,0,2012,6
MUN,1,3,0,7,3,10,3,2,2,1,4,3,3,1,4,6,1,0,2012,6
NEW,1,2,0,12,4,16,5,5,2,0,23,15,4,2,4,6,0,0,2012,6
NOR,1,5,0,10,6,16,5,3,2,2,9,5,5,5,4,21,3,3,2012,6
QPR,1,2,0,10,8,18,5,2,2,2,13,22,6,7,1,6,1,0,2012,6
RDG,1,2,0,3,6,9,2,1,1,1,8,9,1,3,5,11,0,0,2012,6
SOU,1,3,0,15,7,22,8,7,6,3,12,16,7,4,8,7,0,0,2012,6
STK,1,0,1,3,7,10,3,1,2,0,14,10,2,4,1,6,1,0,2012,6
SUN,1,0,1,6,4,10,3,1,5,2,3,7,3,2,2,2,1,0,2012,6
SWA,1,2,0,8,4,12,5,3,1,4,21,10,1,4,5,3,3,1,2012,6
TOT,1,2,0,9,8,16,7,4,2,3,33,10,8,3,1,2,1,0,2012,6
WBA,1,1,0,13,8,21,3,5,9,2,26,12,6,5,5,6,1,0,2012,6
WHU,1,1,0,7,6,13,7,1,2,0,15,6,4,4,2,4,1,0,2012,6
WIG,1,1,0,4,6,10,1,2,4,1,12,17,1,1,6,10,0,0,2012,6
ARS,1,1,0,8,1,9,3,3,5,0,7,9,3,2,4,9,1,0,2012,7
AVL,1,2,0,7,15,22,6,0,3,0,20,18,10,9,2,12,1,0,2012,7
CHE,1,1,0,6,2,8,2,4,0,0,6,9,4,1,2,7,0,0,2012,7
EVE,1,2,0,8,3,11,3,3,2,2,6,10,1,4,4,3,0,0,2012,7
FUL,1,2,0,9,6,14,4,5,5,1,14,12,3,2,7,2,1,0,2012,7
LIV,1,0,1,2,4,6,2,0,0,1,6,7,1,2,3,2,2,0,2012,7
MCI,1,0,1,4,4,8,4,1,3,0,8,6,1,3,2,2,1,0,2012,7
MUN,1,0,1,7,8,15,2,4,5,1,15,22,5,3,3,12,0,0,2012,7
NEW,1,3,0,9,4,13,8,2,4,1,8,5,5,2,3,3,3,0,2012,7
NOR,1,4,0,15,8,23,9,3,2,5,19,12,6,7,6,6,2,2,2012,7
QPR,1,3,0,8,6,14,5,1,0,2,12,5,6,3,2,4,1,1,2012,7
RDG,1,2,0,20,6,26,10,8,5,4,11,15,6,9,5,5,0,0,2012,7
SOU,1,2,0,10,3,13,3,3,6,1,16,9,7,2,1,4,2,0,2012,7
STK,1,0,1,10,8,18,2,0,6,1,12,10,4,4,4,14,1,0,2012,7
SUN,1,3,0,17,11,28,8,3,15,2,20,7,9,1,6,9,3,0,2012,7
SWA,1,2,0,6,3,9,4,3,1,0,9,7,1,1,3,2,2,1,2012,7
TOT,1,0,1,3,5,8,3,2,2,1,4,4,3,1,3,2,1,0,2012,7
WBA,1,2,0,7,6,13,3,0,5,0,14,12,2,6,0,11,1,0,2012,7
WHU,1,3,0,12,9,21,7,2,4,3,12,21,2,9,8,8,1,0,2012,7
WIG,1,2,0,8,9,17,7,1,3,4,7,14,2,4,8,3,0,0,2012,7
ARS,1,1,0,3,4,7,3,1,1,3,14,6,2,0,2,5,2,1,2012,8
AVL,1,1,0,15,4,19,5,5,3,1,11,20,4,3,6,5,4,0,2012,8
CHE,1,2,0,14,12,26,10,4,5,1,14,14,8,4,5,8,0,0,2012,8
EVE,1,1,0,9,7,15,5,1,6,1,20,9,4,5,4,10,0,0,2012,8
FUL,1,0,1,7,5,12,1,3,0,1,16,4,5,3,4,5,2,0,2012,8
LIV,1,0,1,3,7,10,3,1,4,1,7,9,2,0,4,6,0,0,2012,8
MCI,1,1,0,6,11,17,4,2,5,3,5,10,1,5,6,7,0,0,2012,8
MUN,1,2,0,5,4,9,3,2,3,0,12,12,2,2,2,2,0,0,2012,8
NEW,1,1,0,9,12,21,1,3,8,0,15,26,4,6,4,7,1,0,2012,8
NOR,1,0,1,7,7,14,5,4,4,1,12,13,2,5,6,7,1,0,2012,8
QPR,1,1,0,10,7,16,3,4,8,3,6,8,4,4,5,3,0,0,2012,8
RDG,1,1,0,14,13,27,7,1,5,0,4,7,3,6,12,11,1,0,2012,8
SOU,1,4,0,8,3,11,5,3,5,2,4,14,2,1,4,3,1,0,2012,8
STK,1,4,0,11,6,16,7,6,3,5,12,9,5,3,6,4,1,0,2012,8
SUN,1,1,0,7,5,11,5,2,4,3,6,7,4,1,1,6,0,0,2012,8
SWA,1,1,0,8,3,11,6,1,3,0,1,13,1,5,3,3,0,0,2012,8
TOT,1,4,0,6,4,10,7,0,1,3,9,12,0,4,1,4,4,3,2012,8
WBA,1,2,0,12,12,24,8,5,10,3,7,16,5,8,6,11,1,1,2012,8
WHU,1,1,0,6,5,11,2,3,3,0,14,7,3,3,1,3,0,0,2012,8
WIG,1,2,0,7,13,20,8,2,3,2,21,12,4,6,4,4,4,0,2012,8
ARS,1,0,1,3,3,6,2,0,2,2,11,3,4,0,0,17,0,0,2012,9
AVL,1,1,0,9,8,17,4,2,3,4,21,15,3,5,2,11,2,0,2012,9
CHE,1,3,0,11,4,15,5,2,2,3,12,5,6,5,1,7,1,0,2012,9
EVE,1,2,0,7,6,13,3,1,5,2,10,7,5,3,3,10,1,0,2012,9
FUL,1,3,0,10,5,15,8,4,6,4,13,21,3,3,5,2,0,0,2012,9
LIV,1,2,0,11,6,16,4,5,7,2,13,21,2,5,7,8,3,2,2012,9
MCI,1,0,1,4,5,9,2,2,0,1,11,6,4,3,0,5,2,0,2012,9
MUN,1,2,0,7,9,15,8,3,6,4,19,6,5,2,5,4,1,0,2012,9
NEW,1,1,0,8,3,11,4,2,4,4,9,9,3,4,3,6,1,1,2012,9
NOR,1,1,0,5,2,7,4,3,2,1,5,6,1,1,4,3,0,0,2012,9
QPR,1,1,0,12,10,22,9,5,6,4,19,12,3,6,5,13,2,0,2012,9
RDG,1,3,0,11,8,19,6,5,6,2,8,16,3,5,7,4,0,0,2012,9
SOU,1,2,0,10,2,12,3,2,1,2,6,7,5,4,1,7,3,2,2012,9
STK,1,0,1,3,4,7,0,2,4,0,14,4,2,1,2,3,1,0,2012,9
SUN,1,0,1,11,5,16,4,4,6,1,14,17,2,4,5,8,0,0,2012,9
SWA,1,1,0,7,4,11,4,1,2,0,7,5,3,3,3,7,1,0,2012,9
TOT,1,1,0,8,7,15,2,3,4,2,14,10,5,3,2,3,1,0,2012,9
WBA,1,2,0,6,7,13,5,2,3,2,14,12,4,3,2,10,1,1,2012,9
WHU,1,2,0,7,9,16,7,0,2,2,8,9,1,11,3,5,0,0,2012,9
WIG,1,1,0,9,6,15,4,4,8,3,10,23,3,3,6,4,0,0,2012,9
ARS,1,2,0,10,4,14,6,3,2,5,13,13,4,2,5,7,3,1,2012,10
AVL,1,0,1,9,3,12,1,5,2,1,24,20,7,2,1,5,0,0,2012,10
CHE,1,1,0,4,6,10,2,1,2,0,14,8,2,3,2,4,0,0,2012,10
EVE,1,2,0,3,6,9,4,1,2,1,10,4,3,3,1,4,0,0,2012,10
FUL,1,2,0,19,8,27,8,5,6,2,23,17,10,3,6,8,1,0,2012,10
LIV,1,1,0,5,6,11,3,1,1,0,5,4,1,2,3,9,2,0,2012,10
MCI,1,0,1,4,2,6,0,1,0,0,9,17,1,1,4,3,0,0,2012,10
MUN,1,1,0,5,2,7,2,0,0,1,6,9,0,3,2,2,1,0,2012,10
NEW,1,1,0,11,12,23,6,2,5,3,19,18,2,8,6,14,1,0,2012,10
NOR,1,0,1,7,2,9,4,2,3,2,9,13,2,2,2,6,2,0,2012,10
QPR,1,1,0,14,5,19,3,7,9,0,5,22,4,3,8,10,1,1,2012,10
RDG,1,1,0,8,15,23,6,0,6,2,18,15,7,9,1,13,1,1,2012,10
SOU,1,2,0,10,7,17,3,3,3,2,11,14,6,7,3,4,0,0,2012,10
STK,1,1,0,4,10,14,4,2,4,1,20,12,5,2,3,4,0,0,2012,10
SUN,1,1,0,5,4,9,3,2,4,1,10,7,4,1,2,2,0,0,2012,10
SWA,1,1,0,6,5,11,4,5,6,0,10,8,1,2,3,3,0,0,2012,10
TOT,1,1,0,4,3,7,3,0,2,3,3,9,2,2,1,5,1,0,2012,10
WBA,1,0,1,6,4,10,3,3,3,1,9,16,3,2,2,2,0,0,2012,10
WHU,1,0,1,14,8,22,5,1,7,2,12,13,6,3,6,11,0,0,2012,10
WIG,1,0,1,5,8,13,4,2,7,0,21,18,3,2,1,6,0,0,2012,10
ARS,1,3,0,7,4,11,5,3,2,2,10,6,3,2,3,4,2,1,2012,11
AVL,1,3,0,8,12,20,5,5,6,2,28,14,9,4,3,5,0,0,2012,11
CHE,1,1,0,4,5,9,3,1,4,1,9,9,2,3,2,13,0,0,2012,11
EVE,1,1,0,8,1,9,3,1,2,2,4,10,1,3,3,5,1,0,2012,11
FUL,1,3,0,8,6,14,6,4,4,4,27,12,8,2,1,10,1,0,2012,11
LIV,1,1,0,10,5,15,3,4,5,2,12,10,3,3,4,13,3,0,2012,11
MCI,1,1,0,4,3,7,2,3,3,0,6,6,2,3,1,1,1,1,2012,11
MUN,1,2,0,5,4,8,3,1,1,2,16,7,1,1,4,3,0,0,2012,11
NEW,1,1,0,11,0,11,3,3,3,3,11,9,4,2,2,1,2,0,2012,11
NOR,1,0,1,4,5,9,2,2,3,0,20,21,2,0,4,10,0,0,2012,11
QPR,1,1,0,8,4,12,2,1,3,1,10,13,2,4,4,3,1,0,2012,11
RDG,1,0,1,5,6,11,1,4,1,3,5,18,0,2,6,0,2,0,2012,11
SOU,1,1,0,4,3,7,3,2,3,0,15,1,4,2,0,3,2,2,2012,11
STK,1,0,1,7,11,18,2,0,3,1,9,7,4,6,5,11,1,0,2012,11
SUN,1,2,0,12,6,18,5,3,5,2,10,21,4,7,5,11,0,0,2012,11
SWA,1,1,0,10,6,16,4,4,4,1,16,15,3,3,5,6,0,0,2012,11
TOT,1,2,0,11,3,14,5,2,5,4,13,11,5,4,2,6,2,0,2012,11
WBA,1,1,0,6,9,14,4,2,2,2,26,18,4,2,2,3,0,0,2012,11
WHU,1,0,1,8,8,16,8,4,7,1,17,18,4,5,4,13,0,0,2012,11
WIG,1,2,0,7,2,9,4,2,1,1,7,11,1,2,6,6,0,0,2012,11
ARS,1,2,0,4,3,7,3,0,1,1,9,6,0,3,2,7,1,1,2012,12
AVL,1,5,0,20,6,26,10,4,7,5,12,18,5,6,9,6,2,1,2012,12
CHE,1,2,0,5,4,9,5,2,1,2,5,2,2,1,1,0,1,0,2012,12
EVE,1,2,0,7,7,14,3,5,6,2,19,20,4,2,4,4,1,0,2012,12
FUL,1,3,0,4,7,11,6,1,1,1,6,10,2,2,6,6,1,0,2012,12
LIV,1,0,1,2,8,10,2,0,4,0,5,7,1,1,5,3,0,0,2012,12
MCI,1,0,1,5,6,11,2,2,2,0,10,3,5,2,2,1,0,0,2012,12
MUN,1,1,0,5,6,11,4,2,1,1,6,11,2,4,5,1,1,0,2012,12
NEW,1,2,0,12,4,16,7,3,3,4,9,7,5,2,5,2,2,1,2012,12
NOR,1,0,1,9,5,14,6,3,7,0,29,12,2,4,6,13,0,0,2012,12
QPR,1,3,0,10,10,20,8,2,6,2,12,14,5,4,8,3,0,0,2012,12
RDG,1,1,0,15,6,21,6,5,8,4,13,24,3,7,5,1,2,1,2012,12
SOU,1,1,0,9,4,12,5,4,6,2,20,5,5,3,3,9,1,1,2012,12
STK,1,1,0,11,4,15,5,3,7,2,25,27,6,1,3,4,0,0,2012,12
SUN,1,1,0,12,8,20,7,3,6,3,10,8,3,6,7,7,2,0,2012,12
SWA,1,1,0,17,15,32,9,8,5,3,11,24,10,8,8,11,0,0,2012,12
TOT,1,5,0,11,2,13,7,3,2,1,22,6,4,3,3,10,0,0,2012,12
WBA,1,1,0,9,10,19,6,1,2,2,20,24,2,9,2,6,1,0,2012,12
WHU,1,1,0,3,5,8,2,1,2,0,4,15,3,0,4,1,0,0,2012,12
WIG,1,3,0,11,11,22,6,2,4,4,11,13,6,6,4,12,1,1,2012,12
ARS,1,0,1,4,5,9,4,2,3,0,12,11,3,2,3,2,3,0,2012,13
AVL,1,0,1,6,6,12,1,1,1,1,16,11,3,4,4,6,0,0,2012,13
CHE,1,0,1,8,1,9,5,4,2,1,15,19,4,2,2,6,0,0,2012,13
EVE,1,1,0,5,4,9,3,3,4,0,10,6,3,1,1,3,0,0,2012,13
FUL,1,1,0,9,7,16,2,5,9,1,22,11,3,7,2,6,0,0,2012,13
LIV,1,0,1,9,9,18,2,4,7,0,13,9,6,3,5,7,1,0,2012,13
MCI,1,0,1,3,3,6,1,2,3,0,13,9,3,1,1,6,0,0,2012,13
MUN,1,1,0,4,7,11,2,1,3,1,4,9,2,7,0,6,1,1,2012,13
NEW,1,2,0,12,6,18,8,3,5,5,5,7,2,8,2,5,5,2,2012,13
NOR,1,1,0,9,5,14,7,2,2,2,8,7,5,3,1,10,0,0,2012,13
QPR,1,3,0,14,3,17,7,3,3,3,17,14,4,6,6,6,0,0,2012,13
RDG,1,3,0,17,2,18,7,2,1,5,11,23,1,4,9,7,1,1,2012,13
SOU,1,0,1,6,2,8,3,3,2,1,17,10,2,1,2,7,1,0,2012,13
STK,1,0,1,2,7,9,2,0,1,0,15,7,4,3,2,6,0,0,2012,13
SUN,1,4,0,8,6,14,6,1,1,4,4,8,3,5,2,3,1,1,2012,13
SWA,1,0,1,14,7,21,9,4,5,3,13,6,6,5,2,13,3,0,2012,13
TOT,1,1,0,7,5,12,4,2,5,1,12,8,4,2,3,3,2,1,2012,13
WBA,1,2,0,11,9,20,10,6,7,1,19,15,7,3,4,9,0,0,2012,13
WHU,1,3,0,11,17,28,9,2,5,2,8,11,8,10,5,8,0,0,2012,13
WIG,1,2,0,12,5,17,5,5,7,1,13,16,9,1,4,6,1,1,2012,13
ARS,1,1,0,7,7,14,9,3,3,1,7,19,2,3,4,5,1,1,2012,14
AVL,1,0,1,9,3,12,3,4,3,2,11,15,5,2,3,6,1,0,2012,14
CHE,1,0,1,4,5,9,4,0,2,1,3,5,3,1,3,7,0,0,2012,14
EVE,1,1,0,5,6,11,3,1,1,0,13,14,3,3,4,14,0,0,2012,14
FUL,1,0,1,4,13,17,2,0,4,0,21,19,3,5,3,2,1,0,2012,14
LIV,1,2,0,5,12,16,7,1,6,1,1,4,0,5,2,8,3,1,2012,14
MCI,1,0,1,7,2,9,1,3,1,1,16,12,3,2,2,12,2,0,2012,14
MUN,1,0,1,9,2,11,1,0,3,0,11,13,0,5,2,5,0,0,2012,14
NEW,1,2,0,11,2,13,5,6,8,3,19,12,3,2,5,7,1,1,2012,14
NOR,1,1,0,8,2,10,2,0,3,1,17,10,3,3,1,2,0,0,2012,14
QPR,1,0,1,5,9,14,4,3,7,1,5,14,1,0,6,4,0,0,2012,14
RDG,1,1,0,10,6,16,5,4,4,4,17,12,7,1,4,2,0,0,2012,14
SOU,1,1,0,3,8,11,5,2,2,1,11,10,4,1,2,4,2,1,2012,14
STK,1,1,0,5,4,9,6,1,1,1,6,5,4,1,2,2,2,1,2012,14
SUN,1,0,1,9,6,15,5,3,1,2,15,11,2,7,4,9,0,0,2012,14
SWA,1,1,0,2,4,6,1,0,1,0,7,6,2,3,0,4,0,0,2012,14
TOT,1,1,0,11,6,17,3,1,5,2,17,12,1,2,2,14,1,0,2012,14
WBA,1,3,0,9,4,13,4,2,3,2,17,8,3,3,4,3,1,1,2012,14
WHU,1,1,0,9,13,22,7,2,4,0,13,12,6,10,4,7,0,0,2012,14
WIG,1,2,0,8,9,17,6,1,1,3,14,9,4,5,3,6,2,1,2012,14
ARS,1,2,0,10,4,14,7,0,3,4,7,7,1,5,5,6,2,2,2012,15
AVL,1,1,0,8,9,17,8,3,4,2,26,7,7,6,0,11,0,0,2012,15
CHE,1,3,0,14,2,16,8,6,6,3,18,19,3,5,4,4,1,1,2012,15
EVE,1,1,0,8,2,10,4,2,1,1,14,18,2,2,4,3,0,0,2012,15
FUL,1,3,0,6,4,10,6,0,1,2,6,8,2,3,4,5,1,1,2012,15
LIV,1,0,1,4,5,9,1,2,4,0,8,8,2,3,2,5,2,0,2012,15
MCI,1,1,0,3,6,9,4,2,2,2,6,12,1,2,2,2,0,0,2012,15
MUN,1,3,0,8,4,12,7,4,7,2,21,13,3,4,3,5,1,1,2012,15
NEW,1,0,1,3,7,10,1,1,2,0,16,5,0,1,7,12,0,0,2012,15
NOR,1,1,0,7,9,16,4,2,9,1,13,11,1,1,6,14,2,0,2012,15
QPR,1,1,0,3,4,7,2,1,1,0,4,9,0,2,3,6,1,1,2012,15
RDG,1,4,0,9,2,11,5,1,0,6,4,12,0,4,4,6,2,1,2012,15
SOU,1,1,0,17,6,23,8,5,7,3,22,6,14,4,3,6,2,0,2012,15
STK,1,0,1,6,9,15,5,3,2,0,11,18,6,5,2,7,0,0,2012,15
SUN,1,2,0,5,3,8,3,2,4,1,6,5,3,1,2,3,0,0,2012,15
SWA,1,0,1,6,4,10,5,3,0,0,14,16,3,4,1,10,0,0,2012,15
TOT,1,0,1,5,3,8,2,3,2,1,13,10,4,1,1,4,1,0,2012,15
WBA,1,1,0,3,2,5,2,0,1,0,13,10,1,2,1,6,0,0,2012,15
WHU,1,1,0,9,6,15,7,1,1,2,13,5,4,3,3,4,1,0,2012,15
WIG,1,3,0,6,12,18,8,0,1,2,9,13,2,8,4,9,1,1,2012,15
ARS,1,0,1,5,3,8,1,4,3,1,8,6,3,1,2,6,0,0,2012,16
AVL,1,0,1,1,1,2,0,0,1,0,19,8,1,1,0,2,0,0,2012,16
CHE,1,1,0,3,9,12,5,0,6,0,12,20,1,5,1,11,1,1,2012,16
EVE,1,1,0,4,8,12,5,1,5,0,10,8,3,2,4,7,0,0,2012,16
FUL,1,1,0,8,12,20,6,3,6,0,25,14,5,2,6,10,1,1,2012,16
LIV,1,2,0,6,5,11,4,4,4,1,12,21,2,1,4,9,2,0,2012,16
MCI,1,3,0,4,6,10,3,2,3,2,8,6,1,2,3,7,1,1,2012,16
MUN,1,2,0,12,6,18,9,1,3,2,12,7,3,7,3,17,1,0,2012,16
NEW,1,2,0,10,6,16,6,2,2,3,11,10,8,5,1,4,1,0,2012,16
NOR,1,3,0,13,7,20,5,7,3,2,21,11,5,3,7,4,0,0,2012,16
QPR,1,2,0,8,7,15,8,0,6,2,16,21,4,2,5,12,0,0,2012,16
RDG,2,4,0,19,15,34,13,3,4,4,19,25,8,10,8,6,0,0,2012,16
SOU,1,0,1,6,0,6,2,2,2,0,19,5,3,1,1,4,1,0,2012,16
STK,1,0,1,8,5,13,2,0,4,1,14,9,3,2,2,8,1,0,2012,16
SUN,2,3,1,16,13,29,8,5,8,1,19,21,8,4,5,18,2,1,2012,16
SWA,1,4,0,7,2,9,7,3,4,2,4,8,3,2,1,3,1,1,2012,16
TOT,1,2,0,13,7,20,4,3,5,2,14,11,6,4,5,3,1,1,2012,16
WBA,1,2,0,14,5,19,3,3,6,4,13,15,3,4,6,12,0,0,2012,16
WHU,1,3,0,9,9,17,4,2,2,2,14,7,3,6,4,6,0,0,2012,16
WIG,1,2,0,6,2,8,4,3,2,0,16,5,3,2,2,7,2,1,2012,16
ARS,1,2,0,5,4,9,3,1,1,2,11,6,2,4,1,13,1,1,2012,17
AVL,1,1,0,15,14,29,7,4,8,0,20,23,8,6,5,5,1,0,2012,17
EVE,1,1,0,6,8,13,4,3,4,3,14,9,3,6,1,2,1,0,2012,17
FUL,1,2,0,9,11,20,6,1,4,2,7,7,1,7,5,8,1,0,2012,17
LIV,1,3,0,5,6,11,6,2,2,2,2,2,2,3,5,4,2,1,2012,17
MCI,1,1,0,8,9,17,5,2,5,2,20,22,4,3,8,7,0,0,2012,17
MUN,1,1,0,9,6,15,7,2,5,1,9,20,6,4,1,2,1,0,2012,17
NEW,1,3,0,14,3,17,7,3,4,5,8,3,8,2,5,9,2,1,2012,17
NOR,1,1,0,7,7,14,4,3,5,0,14,6,1,4,7,9,0,0,2012,17
QPR,1,1,0,2,3,5,2,1,3,0,11,6,1,0,2,1,0,0,2012,17
RDG,1,5,0,19,7,26,12,2,2,6,11,10,3,11,8,14,0,0,2012,17
STK,1,1,0,9,1,10,1,3,5,2,10,9,2,1,5,3,0,0,2012,17
SUN,1,3,0,15,1,16,5,5,4,10,14,12,6,4,3,6,2,1,2012,17
SWA,1,1,0,13,16,29,8,5,9,3,13,8,9,10,6,4,1,0,2012,17
TOT,1,0,1,1,2,3,0,1,0,1,6,7,0,1,1,3,1,0,2012,17
WBA,1,0,1,7,5,12,2,2,4,0,14,10,3,3,2,1,0,0,2012,17
WHU,1,0,1,7,13,20,4,2,5,0,14,19,5,5,5,5,0,0,2012,17
WIG,1,2,0,10,7,17,8,3,1,4,19,6,5,6,3,5,2,1,2012,17
ARS,1,0,1,6,8,14,3,1,3,1,15,16,1,4,6,10,0,0,2012,18
AVL,1,8,0,15,11,26,15,2,6,5,13,6,6,6,5,4,4,1,2012,18
CHE,1,0,1,2,5,7,1,1,1,1,9,5,0,4,3,4,0,0,2012,18
EVE,1,1,0,4,2,6,2,1,2,1,3,13,1,1,3,5,0,0,2012,18
FUL,1,4,0,17,6,23,9,3,8,5,13,9,8,8,5,8,1,1,2012,18
LIV,1,0,1,3,5,8,4,1,2,1,6,4,1,4,2,8,0,0,2012,18
MCI,1,0,1,4,1,5,1,3,2,0,12,7,3,0,2,1,0,0,2012,18
MUN,1,1,0,8,6,14,9,1,0,2,13,2,6,5,0,2,0,0,2012,18
NEW,1,0,1,1,3,4,3,1,2,0,8,5,1,1,0,9,0,0,2012,18
NOR,1,2,0,7,6,13,6,4,7,2,15,16,3,2,5,10,1,1,2012,18
QPR,1,1,0,10,11,21,4,5,7,0,20,27,5,3,5,11,2,0,2012,18
RDG,1,1,0,16,5,21,3,9,6,5,19,17,9,4,5,7,0,0,2012,18
SOU,1,1,0,6,4,10,5,2,6,1,14,6,4,1,3,8,0,0,2012,18
STK,1,0,1,6,16,22,5,3,2,2,17,22,3,8,8,7,0,0,2012,18
SUN,1,0,1,3,9,12,2,1,4,0,12,18,2,6,2,11,0,0,2012,18
SWA,1,1,0,13,7,20,6,2,6,1,20,7,3,6,7,5,1,0,2012,18
TOT,1,0,1,3,1,4,1,1,2,1,8,4,1,1,1,6,1,0,2012,18
WBA,1,1,0,6,4,10,3,5,6,0,15,11,5,0,2,6,0,0,2012,18
WHU,1,2,0,7,11,18,7,3,5,3,17,12,3,4,5,4,1,0,2012,18
WIG,1,1,0,6,5,11,4,0,2,2,11,3,2,2,2,9,0,0,2012,18
AVL,1,4,0,13,8,21,9,5,8,7,13,18,7,6,4,22,1,1,2012,19
CHE,1,0,1,5,4,9,1,3,3,0,5,10,2,1,2,2,0,0,2012,19
EVE,1,1,0,3,8,11,3,1,3,1,4,12,3,0,4,3,0,0,2012,19
FUL,1,1,0,4,4,8,3,1,1,1,14,14,2,2,2,8,1,0,2012,19
LIV,1,3,0,8,2,10,5,1,3,1,12,10,2,2,3,1,0,0,2012,19
MCI,1,1,0,6,6,12,4,1,3,0,12,11,3,4,1,6,1,1,2012,19
MUN,1,3,0,6,9,15,7,2,2,1,11,9,2,4,4,11,2,1,2012,19
NEW,1,4,0,12,4,15,7,3,4,7,19,11,3,2,4,4,1,1,2012,19
NOR,1,1,0,7,11,18,3,1,3,1,11,13,7,4,3,7,0,0,2012,19
QPR,1,2,0,5,7,12,4,0,2,1,10,9,3,5,2,8,1,1,2012,19
RDG,1,0,1,3,7,10,2,1,2,2,11,8,0,3,2,6,1,0,2012,19
SOU,1,1,0,6,3,9,1,2,2,1,8,8,0,2,3,3,3,1,2012,19
STK,1,1,0,10,7,17,4,1,4,2,11,10,4,5,5,8,0,0,2012,19
SUN,1,0,1,11,12,23,7,3,7,2,15,14,6,9,5,10,0,0,2012,19
SWA,1,0,1,2,1,3,0,0,1,1,15,13,0,2,0,0,1,0,2012,19
TOT,1,0,1,2,2,4,1,1,1,0,10,4,2,1,1,13,0,0,2012,19
WBA,1,1,0,14,8,21,5,7,10,4,21,11,8,6,4,9,0,0,2012,19
WIG,1,2,0,9,8,17,3,3,3,0,16,13,5,3,4,6,0,0,2012,19
ARS,1,3,0,4,7,11,7,2,4,2,17,12,2,0,6,6,0,0,2012,20
AVL,1,3,0,6,3,9,5,1,2,2,1,12,0,4,4,11,1,0,2012,20
CHE,1,1,0,9,5,14,6,4,5,2,12,27,2,2,4,6,0,0,2012,20
EVE,1,2,0,8,9,17,5,1,3,2,6,6,6,3,2,7,0,0,2012,20
FUL,1,2,0,6,4,10,7,1,2,1,14,9,0,2,4,5,2,2,2012,20
LIV,1,0,1,1,13,14,6,0,4,0,5,3,2,3,4,4,0,0,2012,20
MCI,1,3,0,6,6,11,4,2,6,2,17,10,1,3,2,0,0,0,2012,20
MUN,1,0,1,4,11,14,1,0,4,0,14,13,2,5,2,5,0,0,2012,20
NEW,1,7,0,11,5,16,10,3,2,6,14,6,4,5,5,14,1,0,2012,20
NOR,1,4,0,12,3,15,7,2,2,6,11,8,5,7,3,14,0,0,2012,20
QPR,1,3,0,14,5,19,6,2,6,6,10,10,7,0,8,15,0,0,2012,20
RDG,1,0,1,10,3,13,3,5,4,2,15,20,3,1,5,1,0,0,2012,20
SOU,1,3,0,10,4,13,5,4,7,2,24,4,4,6,0,5,0,0,2012,20
STK,1,3,0,7,1,8,5,0,0,5,13,7,0,4,2,6,2,1,2012,20
SUN,1,2,0,9,8,17,8,2,3,6,10,13,2,6,5,10,3,0,2012,20
SWA,1,1,0,10,13,23,6,3,7,1,28,12,6,9,1,8,0,0,2012,20
TOT,1,1,0,6,3,8,4,2,5,2,15,11,2,1,1,3,0,0,2012,20
WBA,1,2,0,15,2,17,7,4,8,1,23,8,6,2,4,6,0,0,2012,20
WHU,1,1,0,2,1,3,2,0,0,2,13,2,0,1,1,5,1,1,2012,20
WIG,1,0,1,5,7,12,2,2,1,1,13,7,5,5,0,16,0,0,2012,20
ARS,1,1,0,4,6,9,5,1,1,0,8,13,4,3,0,12,1,1,2012,21
AVL,1,2,0,15,10,25,6,2,4,5,22,7,4,6,3,7,1,0,2012,21
CHE,1,1,0,1,6,7,3,1,2,0,1,2,2,3,2,2,0,0,2012,21
EVE,1,1,0,9,8,17,5,2,6,5,8,9,3,3,3,12,2,1,2012,21
FUL,1,1,0,14,4,18,4,6,4,2,27,16,6,3,5,10,0,0,2012,21
LIV,1,0,1,4,4,8,2,0,7,2,9,6,1,3,0,1,1,0,2012,21
MCI,1,0,1,3,2,5,1,0,2,1,4,4,0,2,0,2,0,0,2012,21
MUN,1,0,1,1,7,8,0,0,1,0,4,5,0,5,1,7,0,0,2012,21
NEW,1,2,0,6,7,13,6,0,3,5,12,12,0,2,5,4,0,0,2012,21
NOR,1,2,0,11,5,16,5,3,6,4,19,15,4,1,5,4,2,0,2012,21
QPR,1,0,1,9,17,26,2,3,3,1,20,15,6,8,6,8,1,0,2012,21
RDG,1,3,0,10,24,34,11,3,5,2,19,10,8,13,9,7,0,0,2012,21
SOU,1,1,0,2,4,6,1,0,0,0,19,4,0,2,2,13,1,0,2012,21
STK,1,3,0,12,8,20,6,2,4,5,14,12,6,4,6,6,2,2,2012,21
SUN,1,3,0,15,14,29,10,4,7,6,11,9,4,9,9,8,1,1,2012,21
SWA,1,2,0,9,0,9,4,1,2,2,8,2,1,1,2,4,1,0,2012,21
TOT,1,1,0,5,2,7,2,3,3,3,5,4,3,0,1,1,0,0,2012,21
WBA,1,2,0,2,8,10,3,0,0,1,6,6,4,2,3,8,2,1,2012,21
WHU,1,1,0,2,6,8,2,1,3,0,11,4,2,3,0,9,0,0,2012,21
WIG,1,4,0,11,4,15,7,0,6,4,16,8,3,6,3,12,3,1,2012,21
ARS,1,2,0,12,6,18,5,4,6,3,9,9,7,3,3,6,3,0,2012,22
AVL,1,1,0,10,5,15,4,2,3,1,14,14,5,5,2,7,0,0,2012,22
CHE,2,2,1,11,9,18,7,7,4,4,31,19,5,5,3,12,0,0,2012,22
EVE,1,0,1,1,3,4,3,0,0,0,5,3,1,0,3,8,0,0,2012,22
FUL,1,1,0,6,10,16,7,0,3,2,7,16,3,10,1,8,0,0,2012,22
LIV,1,2,0,10,5,15,4,2,4,6,7,8,3,6,2,8,3,0,2012,22
MCI,1,0,1,6,3,9,2,1,3,2,12,8,3,1,3,6,0,0,2012,22
MUN,1,1,0,7,6,13,3,1,1,2,7,4,3,6,2,4,1,0,2012,22
NEW,1,0,1,7,5,12,2,5,3,1,13,19,4,3,3,11,1,0,2012,22
NOR,1,0,1,3,5,8,2,0,1,0,11,9,1,1,3,5,0,0,2012,22
QPR,1,0,1,5,13,18,7,2,6,1,5,7,3,3,5,8,0,0,2012,22
RDG,1,2,0,7,5,12,3,1,2,2,6,14,1,5,6,3,0,0,2012,22
SOU,2,2,1,20,14,34,8,2,4,5,23,21,4,8,7,17,3,0,2012,22
STK,1,4,0,7,6,13,6,0,3,3,12,12,2,3,1,12,0,0,2012,22
SUN,1,0,1,9,2,11,3,2,6,2,15,10,4,2,2,3,1,0,2012,22
SWA,1,0,1,14,4,18,5,7,7,4,13,21,5,3,8,5,1,0,2012,22
TOT,1,0,1,1,3,4,0,0,1,0,4,4,0,2,1,10,0,0,2012,22
WBA,1,3,0,7,1,8,6,2,2,4,20,24,2,2,2,2,0,0,2012,22
WHU,1,3,0,12,6,18,7,0,2,4,9,10,4,2,4,10,1,1,2012,22
WIG,1,1,0,4,8,12,1,0,4,0,12,14,2,3,2,10,1,0,2012,22
ARS,2,3,0,15,9,24,9,3,8,3,20,13,7,4,5,20,1,1,2012,23
AVL,1,2,0,12,17,29,6,3,6,2,11,23,6,9,10,10,0,0,2012,23
CHE,1,1,0,6,6,12,6,2,3,2,17,12,2,4,2,16,0,0,2012,23
EVE,1,0,1,9,7,16,3,5,8,3,16,11,5,4,2,7,0,0,2012,23
FUL,1,2,0,12,8,20,6,2,3,5,9,6,5,6,7,7,0,0,2012,23
LIV,1,0,1,1,4,4,1,1,2,1,9,4,1,0,0,5,0,0,2012,23
MCI,1,0,1,1,1,2,0,0,0,0,18,6,1,0,0,9,0,0,2012,23
MUN,1,1,0,8,17,25,8,1,2,2,16,20,5,8,2,11,0,0,2012,23
NEW,1,2,0,5,2,7,2,0,2,1,6,5,1,3,1,12,0,0,2012,23
NOR,1,5,0,8,10,18,8,2,3,3,9,11,5,5,6,8,0,0,2012,23
QPR,1,1,0,20,3,23,8,9,8,6,27,30,4,7,6,6,0,0,2012,23
RDG,1,1,0,9,7,16,7,3,3,3,20,16,5,5,4,13,0,0,2012,23
SOU,1,0,1,6,3,9,5,2,4,4,9,15,1,1,5,5,0,0,2012,23
STK,1,3,0,9,6,15,3,1,5,5,17,12,4,4,4,9,1,0,2012,23
SUN,1,2,0,11,12,23,6,6,7,1,13,18,4,5,7,8,1,1,2012,23
SWA,1,1,0,7,3,10,2,4,7,2,11,15,0,3,4,4,0,0,2012,23
TOT,1,1,0,4,1,5,2,2,0,2,9,7,3,1,1,7,0,0,2012,23
WBA,1,2,0,10,5,15,6,3,4,1,4,18,3,3,6,11,0,0,2012,23
WHU,2,6,0,17,16,33,11,1,9,4,25,12,6,14,6,16,1,0,2012,23
WIG,1,3,0,9,3,11,5,3,4,3,3,7,1,3,3,5,0,0,2012,23
ARS,1,2,0,10,3,13,4,2,2,4,2,10,3,3,4,7,3,1,2012,24
AVL,1,2,0,3,9,12,3,0,1,1,14,7,2,3,2,1,0,0,2012,24
CHE,1,2,0,3,2,5,2,1,2,0,7,10,0,1,3,3,0,0,2012,24
EVE,1,1,0,3,4,7,1,2,1,1,3,12,1,1,3,2,1,1,2012,24
FUL,1,1,0,9,4,12,4,5,3,0,13,27,3,1,4,10,1,0,2012,24
LIV,1,2,0,11,8,19,6,5,6,2,17,14,4,6,4,6,0,0,2012,24
MCI,1,0,1,3,3,6,1,0,2,1,5,3,1,2,2,11,0,0,2012,24
MUN,1,1,0,5,15,20,4,3,7,1,15,14,2,3,1,5,1,1,2012,24
NEW,1,1,0,7,5,12,5,1,2,3,12,9,2,0,5,6,0,0,2012,24
NOR,1,1,0,8,5,13,4,2,3,1,12,17,2,4,5,8,1,0,2012,24
QPR,1,0,1,12,5,17,4,2,3,2,10,20,2,6,7,14,2,0,2012,24
RDG,1,2,0,8,7,15,4,2,3,2,11,5,3,6,5,1,0,0,2012,24
SOU,1,2,0,8,3,11,5,2,2,4,9,8,3,6,1,9,0,0,2012,24
STK,1,2,0,7,6,13,6,0,0,2,5,15,3,4,4,15,0,0,2012,24
SUN,1,0,1,8,9,17,4,1,2,2,8,7,2,8,6,5,0,0,2012,24
SWA,1,0,1,1,2,3,0,0,3,0,10,7,0,0,1,8,0,0,2012,24
TOT,1,1,0,2,7,9,1,1,1,1,17,3,2,2,2,5,0,0,2012,24
WBA,1,2,0,9,7,16,6,0,3,3,8,11,2,1,5,5,0,0,2012,24
WHU,1,3,0,9,9,18,5,2,2,4,9,5,4,6,3,9,0,0,2012,24
WIG,1,2,0,3,7,10,3,0,2,2,11,8,2,3,1,3,0,0,2012,24
ARS,1,0,1,2,5,7,1,2,3,0,7,5,2,3,2,3,0,0,2012,25
AVL,1,3,0,9,12,21,8,3,8,4,23,19,5,4,8,5,0,0,2012,25
CHE,1,3,0,11,10,21,11,1,2,3,24,9,1,9,6,6,1,0,2012,25
EVE,1,3,0,7,1,8,3,3,2,4,4,3,4,1,3,4,1,0,2012,25
FUL,1,1,0,10,6,16,6,1,6,4,17,12,3,5,2,3,2,1,2012,25
LIV,1,2,0,6,5,11,3,4,5,1,14,7,2,1,4,4,1,1,2012,25
MCI,1,2,0,10,12,22,4,3,6,0,8,12,11,4,4,7,0,0,2012,25
MUN,1,0,1,7,9,16,4,3,6,0,15,5,4,5,3,5,0,0,2012,25
NEW,1,2,0,10,7,17,5,3,3,1,15,19,2,6,5,7,1,0,2012,25
NOR,1,0,1,8,8,16,4,4,6,2,21,11,6,3,3,15,1,0,2012,25
QPR,1,0,1,6,7,13,6,3,4,2,16,13,6,2,3,8,0,0,2012,25
RDG,1,1,0,9,3,12,6,3,3,4,19,15,4,1,4,2,0,0,2012,25
SOU,1,2,0,5,2,7,3,2,3,1,9,13,0,1,4,5,1,0,2012,25
STK,1,1,0,12,11,23,5,5,6,3,19,17,4,8,3,15,0,0,2012,25
SUN,1,2,0,6,5,11,3,5,5,1,13,21,4,2,3,4,0,0,2012,25
SWA,1,1,0,10,6,16,7,3,2,1,14,9,5,5,3,9,0,0,2012,25
TOT,1,0,1,3,2,5,3,0,0,1,5,3,1,2,1,3,0,0,2012,25
WBA,1,1,0,10,11,21,7,2,4,0,14,21,7,5,6,15,0,0,2012,25
WHU,1,0,1,5,5,10,3,1,2,0,14,7,1,3,1,10,0,0,2012,25
WIG,1,2,0,11,6,17,2,2,3,3,19,16,4,3,5,12,1,1,2012,25
ARS,1,0,1,11,4,15,6,7,6,4,24,23,3,4,3,12,1,0,2012,26
AVL,1,1,0,11,4,15,3,4,6,1,23,13,4,1,4,7,0,0,2012,26
CHE,1,1,0,8,6,14,6,2,3,0,8,11,4,5,3,3,2,0,2012,26
EVE,1,2,0,7,4,11,5,1,4,6,18,6,5,2,0,7,0,0,2012,26
FUL,1,0,1,7,8,15,4,5,5,1,13,8,2,5,5,9,0,0,2012,26
LIV,2,2,1,4,4,8,5,1,2,1,11,8,1,3,3,14,0,0,2012,26
MCI,1,3,0,10,5,15,4,2,3,3,10,11,7,0,5,10,1,1,2012,26
MUN,1,0,1,6,5,11,2,2,7,0,17,3,4,2,0,2,0,0,2012,26
NEW,1,2,0,11,7,18,5,1,3,3,9,10,3,8,1,10,2,1,2012,26
NOR,1,0,1,2,5,7,1,0,1,0,11,7,0,3,1,6,0,0,2012,26
QPR,1,4,0,10,5,15,9,0,1,3,9,6,1,6,2,5,2,2,2012,26
RDG,1,2,0,10,2,12,6,3,5,0,28,13,5,1,2,5,0,0,2012,26
SOU,1,1,0,3,6,8,4,0,3,2,18,13,3,2,0,6,0,0,2012,26
STK,1,1,0,3,4,7,2,2,3,0,12,10,1,1,1,4,0,0,2012,26
SUN,1,1,0,11,8,19,8,1,1,2,2,5,6,7,3,17,1,0,2012,26
SWA,2,6,0,26,27,53,13,4,11,8,18,12,14,11,11,19,3,2,2012,26
TOT,1,1,0,3,7,10,3,1,2,0,14,7,3,0,3,5,0,0,2012,26
WBA,1,0,1,12,13,25,7,1,6,2,23,8,7,5,4,8,0,0,2012,26
WHU,1,2,0,7,4,10,3,3,6,2,12,3,2,3,1,5,1,0,2012,26
WIG,1,4,0,15,12,27,12,7,7,3,13,11,9,7,7,7,1,0,2012,26
ARS,1,1,0,6,2,8,3,3,2,1,8,6,5,3,0,9,1,1,2012,27
AVL,1,2,0,17,9,26,7,4,4,3,24,26,4,10,8,14,1,1,2012,27
CHE,1,2,0,10,5,15,6,3,3,1,8,14,2,3,8,7,0,0,2012,27
EVE,1,2,0,7,3,10,5,2,2,4,22,8,2,5,2,6,0,0,2012,27
FUL,1,0,1,6,4,10,3,3,3,2,11,8,5,0,1,7,1,0,2012,27
MCI,1,0,1,4,5,9,2,1,3,1,18,11,2,1,3,10,0,0,2012,27
MUN,1,0,1,5,9,14,2,3,3,0,13,8,3,2,4,9,0,0,2012,27
NEW,1,2,0,4,8,11,3,1,2,1,12,7,3,3,3,6,0,0,2012,27
NOR,1,1,0,5,10,15,3,2,2,2,12,14,3,6,3,5,0,0,2012,27
QPR,1,2,0,11,3,14,6,4,2,3,10,12,3,3,6,5,0,0,2012,27
RDG,1,3,0,12,5,17,7,4,7,2,15,13,1,4,10,4,2,1,2012,27
SOU,1,4,0,8,6,14,4,1,6,3,17,8,2,1,5,8,1,0,2012,27
STK,1,1,0,11,9,20,4,2,2,1,19,10,6,5,4,10,0,0,2012,27
SUN,1,2,0,13,6,19,6,5,4,2,11,13,4,3,6,4,1,1,2012,27
TOT,1,2,0,8,6,14,6,1,4,2,16,12,3,3,6,6,1,0,2012,27
WBA,1,1,0,9,4,13,4,0,1,4,20,16,4,2,2,7,1,0,2012,27
WHU,1,3,0,13,14,27,13,6,13,4,12,14,4,6,9,9,0,0,2012,27
WIG,1,0,1,5,2,7,0,3,2,1,12,9,3,1,1,4,1,0,2012,27
ARS,1,2,0,6,5,11,4,0,2,3,11,3,3,1,3,6,1,0,2012,28
AVL,1,1,0,11,9,20,7,0,6,1,3,11,6,5,5,4,1,1,2012,28
CHE,1,0,1,3,4,7,3,1,5,0,8,10,0,0,3,6,0,0,2012,28
EVE,1,1,0,5,9,14,5,1,6,1,19,20,2,1,3,4,1,0,2012,28
FUL,1,2,0,11,7,18,5,5,2,2,26,24,5,4,2,8,0,0,2012,28
LIV,1,0,1,7,7,14,6,3,4,1,8,9,3,3,3,7,1,0,2012,28
MCI,1,0,1,6,4,10,0,4,4,0,11,9,2,1,5,8,0,0,2012,28
MUN,1,0,1,0,1,1,0,0,0,0,4,5,1,0,0,3,0,0,2012,28
NEW,1,1,0,9,3,12,5,4,4,3,14,6,4,4,1,13,4,1,2012,28
NOR,1,4,0,12,7,19,7,3,2,3,18,9,6,8,3,10,1,0,2012,28
QPR,1,1,0,7,14,21,7,2,3,1,18,19,2,4,9,9,1,1,2012,28
RDG,1,3,0,14,7,21,8,5,1,5,19,13,9,5,5,4,0,0,2012,28
SOU,1,2,0,5,2,7,3,1,4,2,6,1,2,2,1,9,0,0,2012,28
STK,1,1,0,7,5,12,3,2,2,1,8,11,2,5,2,7,1,0,2012,28
SUN,1,2,0,7,3,10,5,0,1,3,5,12,2,4,1,7,1,1,2012,28
SWA,1,0,1,8,9,17,5,5,5,1,17,13,5,4,3,8,1,0,2012,28
TOT,1,1,0,7,4,11,2,3,4,0,18,7,2,3,3,12,0,0,2012,28
WBA,1,1,0,15,9,24,9,1,7,3,13,15,5,7,6,7,0,0,2012,28
WHU,1,0,1,2,7,9,2,0,2,0,12,8,0,3,3,3,0,0,2012,28
WIG,1,4,0,6,2,8,5,2,2,2,4,4,2,3,2,7,1,1,2012,28
AVL,1,1,0,5,4,9,3,3,1,1,15,19,2,2,5,0,1,1,2012,29
LIV,1,2,0,8,8,16,7,2,3,1,11,8,3,9,0,15,0,0,2012,29
NEW,1,1,0,3,5,8,4,0,4,1,19,4,1,1,3,6,0,0,2012,29
NOR,1,0,1,8,7,15,5,2,4,2,13,14,1,5,4,5,1,0,2012,29
QPR,1,1,0,5,4,9,2,2,2,1,18,8,4,1,2,11,0,0,2012,29
RDG,1,2,0,10,10,19,4,3,3,4,4,5,3,8,3,4,2,1,2012,29
SOU,1,0,1,2,4,6,2,0,3,1,10,10,1,0,1,5,0,0,2012,29
STK,1,2,0,3,13,16,4,1,3,2,24,17,3,4,6,16,0,0,2012,29
SUN,1,3,0,6,9,15,6,2,3,2,10,6,3,7,1,9,1,0,2012,29
SWA,1,2,0,9,5,14,4,1,2,1,9,3,4,5,1,8,2,0,2012,29
TOT,1,3,0,8,4,12,4,1,1,3,7,3,5,1,2,4,4,3,2012,29
WBA,1,1,0,7,5,11,2,2,6,1,9,7,3,3,2,5,0,0,2012,29
ARS,1,0,1,4,5,9,0,0,1,0,6,8,1,3,4,5,1,0,2012,30
AVL,1,2,0,12,9,21,7,5,9,3,12,6,4,9,3,12,1,1,2012,30
CHE,1,0,1,7,6,13,5,4,4,0,12,11,1,1,7,8,0,0,2012,30
EVE,1,0,1,10,10,20,8,2,6,4,14,10,3,4,9,4,0,0,2012,30
FUL,1,0,1,6,9,15,3,4,4,1,16,21,6,3,3,6,0,0,2012,30
LIV,1,3,0,11,7,18,11,1,2,5,12,16,2,2,6,10,0,0,2012,30
MCI,1,2,0,6,6,12,3,4,6,1,19,17,4,2,2,5,1,0,2012,30
MUN,1,0,1,3,3,6,0,0,2,0,13,13,0,2,1,4,1,0,2012,30
NEW,1,2,0,10,6,16,4,1,6,3,10,10,2,4,3,7,2,1,2012,30
NOR,1,1,0,6,9,15,6,0,4,3,20,13,2,4,1,7,0,0,2012,30
QPR,1,3,0,8,5,13,6,5,5,3,15,11,3,2,6,5,1,1,2012,30
RDG,1,1,0,5,11,16,4,0,2,0,13,9,5,5,3,5,0,0,2012,30
SOU,1,1,0,7,3,10,5,0,2,3,9,6,4,1,2,8,1,0,2012,30
STK,1,0,1,2,7,9,4,1,1,0,6,10,1,2,4,2,0,0,2012,30
SUN,1,1,0,3,5,8,1,2,6,1,15,7,2,2,1,7,0,0,2012,30
SWA,1,2,0,7,9,16,6,1,2,1,15,4,4,7,2,13,1,0,2012,30
TOT,1,1,0,3,4,7,2,2,2,2,8,7,3,2,0,7,0,0,2012,30
WBA,1,0,1,11,6,17,1,6,8,1,8,24,2,3,6,5,1,0,2012,30
WHU,1,2,0,15,9,24,11,2,5,4,11,8,7,7,4,11,0,0,2012,30
WIG,1,1,0,8,1,9,2,1,3,2,11,9,1,4,2,11,0,0,2012,30
ARS,1,1,0,4,1,5,2,3,2,1,9,6,1,2,2,4,0,0,2012,31
AVL,1,2,0,13,10,23,7,0,5,4,6,9,6,5,6,11,1,0,2012,31
CHE,1,2,0,7,5,12,4,3,4,1,15,7,4,3,2,9,0,0,2012,31
EVE,1,0,1,6,5,11,3,4,6,2,8,14,3,0,2,5,0,0,2012,31
FUL,1,2,0,8,14,21,7,1,5,2,11,9,1,9,4,15,1,1,2012,31
LIV,1,1,0,5,5,10,3,2,5,2,9,15,3,5,1,9,0,0,2012,31
MCI,1,0,1,3,2,5,1,0,0,0,8,5,1,2,2,9,0,0,2012,31
MUN,1,0,1,2,8,9,1,0,3,0,10,12,2,1,1,6,0,0,2012,31
NEW,1,4,0,14,7,21,9,3,7,5,16,12,4,6,5,8,0,0,2012,31
NOR,1,1,0,9,5,14,2,2,3,1,7,16,2,3,9,5,1,1,2012,31
QPR,1,3,0,5,4,9,3,2,3,1,7,9,3,0,3,7,1,1,2012,31
RDG,1,4,0,19,7,26,6,4,2,3,19,9,6,9,2,5,1,0,2012,31
SOU,1,1,0,6,3,9,2,3,3,1,17,7,4,1,1,10,0,0,2012,31
STK,1,1,0,8,10,18,6,3,3,1,7,13,4,3,5,10,1,0,2012,31
SUN,1,1,0,11,3,14,8,4,7,1,7,11,3,2,7,8,0,0,2012,31
SWA,1,2,0,7,3,10,7,1,0,2,6,4,1,5,1,7,0,0,2012,31
TOT,1,1,0,11,4,15,3,4,3,2,23,9,7,6,2,3,0,0,2012,31
WBA,1,3,0,8,6,14,5,4,5,1,16,12,4,4,3,4,1,0,2012,31
WHU,1,1,0,7,12,19,7,0,2,1,7,10,5,5,3,8,1,0,2012,31
WIG,1,0,1,1,6,7,0,1,3,0,7,16,0,2,4,3,0,0,2012,31
ARS,1,1,0,12,7,19,4,5,6,3,7,23,1,2,7,4,0,0,2012,32
AVL,1,1,0,8,5,13,3,5,6,1,17,10,3,4,2,10,0,0,2012,32
CHE,1,1,0,4,5,8,0,1,2,0,11,2,3,2,1,12,1,0,2012,32
EVE,1,2,0,5,15,20,7,0,0,2,13,18,2,8,8,9,0,0,2012,32
FUL,1,1,0,17,11,28,4,8,7,4,26,16,9,4,9,12,0,0,2012,32
LIV,1,0,1,8,3,11,0,5,1,1,2,13,2,0,8,7,1,0,2012,32
MCI,1,1,0,10,5,15,5,7,5,1,19,17,5,2,4,6,0,0,2012,32
MUN,1,2,0,6,5,10,3,0,1,1,12,8,2,4,3,5,2,1,2012,32
NEW,1,0,1,5,3,8,2,1,4,3,6,6,1,1,2,3,0,0,2012,32
NOR,1,2,0,13,5,18,7,5,4,6,19,11,6,5,5,2,0,0,2012,32
QPR,1,1,0,5,13,18,7,2,5,1,9,14,6,3,4,3,2,1,2012,32
RDG,1,2,0,9,4,13,4,2,1,5,7,11,3,6,2,4,2,1,2012,32
SOU,1,0,1,7,3,10,2,3,9,1,18,15,2,3,2,4,0,0,2012,32
STK,1,3,0,7,5,12,6,1,6,2,1,4,3,1,6,12,1,1,2012,32
SUN,1,2,0,8,9,16,3,4,7,0,17,9,1,5,5,12,0,0,2012,32
SWA,1,2,0,6,6,12,4,2,6,3,14,8,5,2,0,6,1,1,2012,32
TOT,1,2,0,4,5,9,4,2,2,1,7,8,6,0,0,4,1,0,2012,32
WBA,1,2,0,9,2,11,6,2,1,3,7,5,1,5,3,6,0,0,2012,32
WHU,1,0,1,8,12,20,7,1,2,2,11,10,3,10,2,11,0,0,2012,32
WIG,1,1,0,4,5,9,1,1,4,0,12,6,3,4,0,22,0,0,2012,32
ARS,2,1,1,7,10,17,6,3,6,2,11,16,4,4,4,9,0,0,2012,33
AVL,1,1,0,6,4,10,0,0,0,2,12,3,2,4,2,6,0,0,2012,33
CHE,1,0,1,3,8,11,2,1,4,1,8,9,2,4,3,6,0,0,2012,33
EVE,2,0,2,13,8,21,5,3,4,3,19,23,7,6,6,20,1,0,2012,33
FUL,2,4,0,18,18,35,11,7,6,5,30,16,12,5,7,23,1,1,2012,33
LIV,1,0,1,4,5,9,2,1,3,1,13,13,3,0,3,5,0,0,2012,33
MCI,1,0,1,5,5,10,3,0,3,1,3,8,2,2,3,10,0,0,2012,33
MUN,2,2,1,12,13,25,5,5,6,1,23,14,11,4,6,10,1,0,2012,33
NEW,1,3,0,4,6,10,6,1,4,1,9,10,0,6,2,6,1,0,2012,33
NOR,1,3,0,11,3,14,7,2,3,2,18,12,4,6,2,6,0,0,2012,33
QPR,1,2,0,10,3,13,5,2,6,2,20,13,3,5,4,4,0,0,2012,33
RDG,1,0,1,16,12,28,10,2,5,4,10,3,9,10,2,7,1,0,2012,33
SOU,1,1,0,5,3,8,3,0,2,0,8,7,2,2,3,5,0,0,2012,33
STK,1,2,0,8,3,11,4,2,6,1,6,8,3,3,1,6,1,0,2012,33
SUN,1,0,1,12,7,19,5,5,5,2,17,20,4,5,10,10,0,0,2012,33
WHU,2,3,0,20,16,36,10,6,8,3,41,19,13,11,4,17,0,0,2012,33
WIG,1,1,0,3,9,12,2,0,2,1,5,10,1,5,3,13,0,0,2012,33
ARS,1,0,1,2,5,7,3,0,4,0,17,4,0,1,0,10,1,0,2012,34
AVL,1,3,0,8,4,12,3,1,2,3,18,8,4,1,4,5,0,0,2012,34
CHE,1,2,0,11,10,21,8,2,4,5,16,10,7,6,5,11,0,0,2012,34
EVE,1,1,0,2,6,8,4,0,3,1,5,7,2,1,1,8,2,1,2012,34
FUL,1,1,0,7,4,11,3,3,5,2,12,9,2,5,2,12,0,0,2012,34
LIV,1,2,0,5,6,11,5,1,5,1,10,2,2,2,2,5,0,0,2012,34
MCI,1,3,0,7,4,11,6,2,3,3,12,9,3,4,1,5,0,0,2012,34
MUN,1,0,1,3,6,9,3,1,4,1,11,7,1,6,2,3,1,0,2012,34
NEW,1,1,0,8,3,11,4,5,6,4,21,15,4,3,2,8,1,0,2012,34
NOR,1,1,0,8,8,16,2,1,1,1,14,9,3,6,2,3,1,1,2012,34
QPR,1,2,0,9,5,14,4,3,6,2,8,13,7,2,1,1,0,0,2012,34
RDG,1,2,0,14,6,20,8,8,8,2,13,15,2,2,12,4,0,0,2012,34
SOU,1,0,1,8,6,14,2,2,1,2,25,7,5,4,1,6,1,0,2012,34
STK,1,0,1,6,17,23,5,1,8,0,11,5,4,8,3,9,0,0,2012,34
SUN,1,0,1,9,2,11,1,3,5,1,9,17,0,5,5,4,0,0,2012,34
SWA,1,0,1,2,7,9,4,0,4,0,4,6,3,1,1,8,1,0,2012,34
TOT,1,1,0,3,8,11,4,1,4,2,10,2,1,4,3,5,0,0,2012,34
WBA,1,1,0,6,4,10,6,2,1,3,9,4,1,2,3,2,2,0,2012,34
WHU,1,0,1,6,13,19,8,2,2,2,9,16,3,6,5,11,0,0,2012,34
WIG,1,2,0,10,10,20,8,5,9,0,8,10,5,5,8,4,0,0,2012,34
ARS,1,1,0,9,3,12,4,5,1,5,10,8,4,1,5,10,0,0,2012,35
AVL,1,1,0,6,4,10,2,2,3,1,6,9,4,1,3,7,0,0,2012,35
CHE,1,0,1,9,4,13,3,1,0,0,13,6,4,6,3,8,0,0,2012,35
EVE,1,0,1,3,3,6,0,1,1,0,6,7,1,1,1,5,1,0,2012,35
FUL,1,1,0,14,7,21,4,3,7,4,14,18,5,2,9,7,0,0,2012,35
LIV,1,0,1,6,5,11,2,3,3,1,12,13,4,2,4,15,0,0,2012,35
MCI,1,1,0,10,1,11,3,5,6,0,18,15,3,1,4,5,1,1,2012,35
MUN,1,1,0,7,12,19,6,1,4,1,15,5,5,7,5,8,1,0,2012,35
NEW,1,6,0,11,5,16,9,2,5,4,11,4,4,6,3,8,1,1,2012,35
NOR,1,1,0,7,5,12,3,3,6,1,10,6,3,4,3,6,0,0,2012,35
QPR,1,0,1,11,5,16,4,7,6,5,14,23,6,3,4,6,1,0,2012,35
RDG,1,0,1,6,9,15,2,1,4,1,10,12,1,4,3,13,0,0,2012,35
SOU,1,3,0,9,1,10,8,0,3,8,9,9,1,5,1,7,1,1,2012,35
STK,1,0,1,4,2,6,0,2,3,0,11,8,2,3,0,2,0,0,2012,35
SUN,1,6,0,10,6,16,10,2,3,4,13,5,3,4,2,11,2,2,2012,35
SWA,1,2,0,15,9,24,8,2,6,3,15,8,3,8,7,11,0,0,2012,35
TOT,1,2,0,4,4,7,5,1,2,0,7,7,4,2,1,4,0,0,2012,35
WBA,1,0,1,6,11,17,3,3,3,1,17,21,5,1,6,10,0,0,2012,35
WHU,1,2,0,10,7,17,8,0,2,5,7,10,3,3,7,11,0,0,2012,35
WIG,1,2,0,6,9,15,3,2,6,0,5,8,1,4,5,3,1,1,2012,35
ARS,1,0,1,3,10,13,4,1,1,0,10,10,2,4,3,9,0,0,2012,36
AVL,1,1,0,6,3,9,2,3,3,1,16,12,2,2,3,8,0,0,2012,36
CHE,2,2,1,14,10,24,7,2,4,0,22,12,6,6,8,12,0,0,2012,36
EVE,1,0,1,8,7,15,2,2,3,1,12,7,2,4,4,9,0,0,2012,36
FUL,1,4,0,12,9,21,10,1,3,2,10,7,4,4,7,6,0,0,2012,36
LIV,1,0,1,3,8,11,2,0,3,1,7,14,0,4,4,7,0,0,2012,36
MCI,2,0,2,12,15,27,8,2,7,1,17,20,8,10,1,11,0,0,2012,36
MUN,1,1,0,7,10,17,3,1,2,1,20,2,5,4,4,4,1,0,2012,36
NEW,1,0,1,9,1,10,3,5,4,1,9,12,1,1,6,5,0,0,2012,36
NOR,1,2,0,4,9,13,4,0,0,2,4,3,2,5,3,7,0,0,2012,36
QPR,1,1,0,4,8,12,7,0,2,1,7,10,1,5,2,9,1,1,2012,36
RDG,1,2,0,15,7,22,9,4,4,4,22,12,5,8,4,3,0,0,2012,36
SOU,1,1,0,2,4,6,1,1,1,0,8,14,1,2,2,3,0,0,2012,36
STK,1,1,0,3,12,15,2,0,4,1,14,10,3,3,2,5,1,1,2012,36
SUN,1,1,0,7,5,12,3,2,4,2,8,8,5,2,3,6,0,0,2012,36
SWA,2,2,1,20,8,28,11,4,7,6,21,23,6,10,5,17,0,0,2012,36
TOT,2,2,1,14,9,23,8,6,13,3,30,13,7,7,3,12,1,0,2012,36
WBA,2,4,0,23,15,38,12,6,8,8,26,24,14,7,9,17,1,0,2012,36
WHU,1,0,1,3,9,12,2,1,4,2,4,11,0,2,4,7,1,0,2012,36
WIG,2,5,0,17,13,30,11,4,10,4,9,22,8,4,10,9,5,2,2012,36
ARS,1,1,0,4,7,11,2,2,5,1,9,7,3,3,3,10,0,0,2012,37
AVL,1,2,0,6,9,15,5,1,6,2,8,16,2,4,4,1,0,0,2012,37
CHE,1,1,0,9,6,15,2,1,1,0,19,11,3,5,3,14,0,0,2012,37
EVE,1,0,1,4,3,7,2,1,0,0,7,8,0,1,5,4,1,0,2012,37
FUL,1,3,0,15,5,20,7,2,1,4,10,11,4,4,6,14,1,0,2012,37
LIV,1,1,0,3,7,10,5,2,3,1,15,6,5,2,0,11,1,0,2012,37
MCI,1,0,1,6,6,12,6,5,2,1,17,7,5,2,4,1,0,0,2012,37
MUN,1,1,0,9,0,9,2,1,3,0,10,6,3,3,2,3,0,0,2012,37
NEW,1,1,0,4,6,10,2,0,3,1,9,3,3,2,0,6,0,0,2012,37
NOR,1,0,1,3,6,8,4,1,1,0,9,12,1,3,0,11,0,0,2012,37
QPR,1,2,0,4,7,11,3,1,3,3,2,3,3,3,1,4,2,2,2012,37
RDG,1,2,0,20,10,30,11,0,3,2,13,10,6,12,6,8,0,0,2012,37
SOU,1,1,0,2,4,6,2,0,1,1,12,15,3,1,2,4,0,0,2012,37
STK,1,2,0,10,15,25,7,2,8,3,9,15,8,4,6,5,1,1,2012,37
SUN,1,1,0,10,7,17,8,4,5,3,16,17,3,5,2,9,0,0,2012,37
SWA,1,2,0,9,6,15,6,1,3,2,14,10,7,5,0,3,1,1,2012,37
TOT,1,1,0,4,2,6,1,3,3,2,15,7,2,0,1,3,1,0,2012,37
WBA,1,4,0,6,6,12,7,2,2,4,12,16,2,2,2,3,1,1,2012,37
WHU,1,2,0,17,11,28,7,3,4,4,16,12,5,13,8,7,0,0,2012,37
WIG,1,4,0,14,7,21,10,4,2,6,14,11,4,3,7,5,1,1,2012,37
ARS,1,0,1,3,4,7,1,0,0,0,8,6,1,3,2,14,0,0,2012,38
AVL,1,2,0,10,7,17,3,3,5,2,6,9,4,2,5,4,1,0,2012,38
CHE,1,1,0,12,8,20,7,2,2,4,6,16,6,7,5,6,1,0,2012,38
EVE,1,2,0,15,8,23,6,2,6,1,18,14,2,8,4,7,5,1,2012,38
FUL,1,0,1,16,11,27,10,4,1,2,26,18,5,8,8,3,1,0,2012,38
LIV,1,0,1,2,9,11,0,1,1,0,2,2,3,6,1,5,0,0,2012,38
MCI,1,3,0,11,6,17,6,4,7,3,12,9,5,4,4,7,1,0,2012,38
MUN,1,5,0,12,8,19,6,2,3,7,14,7,3,8,5,5,1,1,2012,38
NEW,1,1,0,7,3,10,2,2,6,2,7,5,4,0,2,14,1,0,2012,38
NOR,1,2,0,12,2,14,3,4,3,2,17,9,3,6,3,9,0,0,2012,38
QPR,1,1,0,12,16,28,7,1,5,0,13,19,7,8,7,16,1,0,2012,38
RDG,1,4,0,11,10,21,10,4,3,6,9,14,8,8,3,2,2,1,2012,38
SOU,1,1,0,4,4,8,3,2,4,0,10,4,4,0,0,5,0,0,2012,38
STK,1,1,0,7,5,12,7,1,1,2,13,9,3,4,3,9,0,0,2012,38
SUN,1,1,0,20,15,35,11,6,11,2,26,19,8,6,8,17,0,0,2012,38
SWA,1,3,0,6,3,9,5,0,2,3,2,3,1,5,0,9,0,0,2012,38
TOT,1,0,1,5,3,8,3,1,0,1,4,2,5,2,1,2,1,0,2012,38
WBA,1,5,0,13,2,15,6,2,2,5,13,19,5,4,2,6,0,0,2012,38
WHU,1,2,0,9,8,17,6,3,1,1,16,9,6,3,5,1,0,0,2012,38
WIG,1,2,0,3,6,8,3,0,4,0,5,7,4,2,1,10,1,0,2012,38
