Team,Games Played,Goals Conceded,Clean Sheets,Shots ConcededIn,Shots ConcededOut,Shots ConcededTotal,Shots ConcededOn Target,Shots ConcededHead,Shots ConcededSP,Shots ConcededBC,Crosses ConcededLeft Flank,Crosses ConcededRight Flank,Chances ConcededLeft Flank,Chances ConcededCentre,Chances ConcededRight Flank,Defensive SlipsLost,Defensive SlipsErr,Defensive SlipsErr Goal,Season,GW ID
ARS,1,4,0,12,4,16,7,0,3,2,4,6,6,3,4,11,0,0,2016,1
BOU,1,3,0,8,3,11,7,1,1,4,5,2,1,4,3,8,1,1,2016,1
BUR,1,1,0,11,6,17,8,6,4,2,10,18,6,3,4,8,0,0,2016,1
CHE,1,1,0,4,3,7,3,1,4,0,4,3,1,3,0,3,0,0,2016,1
CRY,1,1,0,8,5,13,3,6,8,0,14,7,5,3,3,5,0,0,2016,1
EVE,1,1,0,8,5,13,4,2,5,1,13,8,6,2,0,13,0,0,2016,1
HUL,1,1,0,9,9,18,5,1,4,4,9,3,3,6,2,10,1,0,2016,1
LEI,1,2,0,7,7,14,5,2,8,0,8,6,1,2,2,10,2,0,2016,1
LIV,1,3,0,6,3,9,5,2,3,1,5,14,0,1,5,10,0,0,2016,1
MCI,1,1,0,4,4,7,3,2,5,2,11,9,0,3,1,11,0,0,2016,1
MUN,1,1,0,6,3,9,3,1,4,0,13,11,0,5,2,13,1,0,2016,1
MID,1,1,0,7,5,12,1,2,3,0,6,15,2,1,5,16,0,0,2016,1
SOU,1,1,0,1,4,5,1,0,1,0,8,7,2,1,2,8,0,0,2016,1
STK,1,1,0,8,4,12,2,4,4,2,9,14,3,1,4,10,0,0,2016,1
SUN,1,2,0,8,8,16,4,1,4,2,13,11,5,2,3,13,2,0,2016,1
SWA,1,0,1,6,4,10,3,1,2,1,13,10,3,1,1,6,0,0,2016,1
TOT,1,1,0,6,6,12,6,3,4,1,6,6,3,2,4,9,1,0,2016,1
WAT,1,1,0,11,13,24,6,3,8,0,19,12,4,7,5,11,1,1,2016,1
WBA,1,0,1,7,7,14,4,3,4,2,10,15,2,3,4,8,0,0,2016,1
WHU,1,2,0,9,7,16,6,3,6,1,11,9,4,3,4,16,1,1,2016,1
ARS,1,0,1,3,5,8,1,0,2,0,9,7,2,2,2,6,1,0,2016,2
BOU,1,1,0,9,7,16,2,2,3,2,12,10,4,5,3,10,0,0,2016,2
BUR,1,0,1,9,17,26,5,1,5,0,6,22,3,9,10,16,0,0,2016,2
CHE,1,1,0,3,3,6,2,0,2,1,7,6,1,0,2,9,0,0,2016,2
CRY,1,1,0,10,10,20,5,6,7,4,9,12,4,3,7,8,0,0,2016,2
EVE,1,1,0,8,3,11,4,2,7,3,9,9,2,3,3,14,0,0,2016,2
HUL,1,0,1,9,14,23,3,3,5,1,24,14,10,3,4,10,1,0,2016,2
LEI,1,0,1,5,8,13,4,0,1,0,8,13,3,3,5,22,0,0,2016,2
LIV,1,2,0,1,3,3,2,0,0,0,2,1,1,1,1,7,1,1,2016,2
MCI,1,1,0,5,3,8,3,1,1,2,3,12,0,1,2,14,0,0,2016,2
MUN,1,0,1,7,6,13,1,2,4,0,9,14,2,4,6,3,0,0,2016,2
MID,1,1,0,13,5,18,5,2,5,1,13,8,3,4,6,21,1,1,2016,2
SOU,1,2,0,7,5,12,5,2,1,1,12,6,2,3,4,16,0,0,2016,2
STK,1,4,0,9,3,12,6,2,2,3,12,6,4,4,2,12,0,0,2016,2
SUN,1,2,0,3,5,8,3,0,0,1,2,4,1,4,1,7,0,0,2016,2
SWA,1,2,0,9,3,12,4,2,4,3,3,2,2,5,3,4,0,0,2016,2
TOT,1,0,1,4,6,10,2,1,2,0,19,8,4,1,1,13,0,0,2016,2
WAT,1,2,0,6,7,13,4,0,2,3,18,7,4,4,1,11,0,0,2016,2
WBA,1,2,0,10,3,13,7,3,5,4,7,9,5,5,2,16,0,0,2016,2
WHU,1,0,1,4,4,8,5,1,3,0,8,7,1,3,4,4,0,0,2016,2
ARS,1,1,0,8,6,14,6,3,3,1,15,11,1,3,4,11,1,1,2016,3
BOU,1,1,0,16,8,24,4,8,9,3,20,26,4,6,6,14,0,0,2016,3
BUR,1,3,0,14,8,22,9,1,9,3,12,14,5,6,6,11,1,0,2016,3
CHE,1,0,1,4,2,6,0,2,2,0,10,10,0,2,3,7,0,0,2016,3
CRY,1,1,0,5,5,10,3,0,5,1,5,7,1,5,1,7,0,0,2016,3
EVE,1,0,1,1,8,8,1,1,2,0,10,8,1,2,0,13,0,0,2016,3
HUL,1,1,0,14,15,29,8,5,7,2,27,14,6,4,9,14,0,0,2016,3
LEI,1,1,0,4,5,9,3,2,1,1,11,12,2,2,5,14,0,0,2016,3
LIV,1,1,0,5,6,11,4,2,4,1,11,6,2,2,4,12,1,0,2016,3
MCI,1,1,0,7,2,9,2,3,2,1,12,6,3,1,3,17,3,0,2016,3
MUN,1,0,1,2,6,8,2,1,3,0,4,3,0,2,2,5,0,0,2016,3
MID,1,0,1,8,5,13,2,5,4,0,9,13,2,2,5,12,0,0,2016,3
SOU,1,1,0,4,1,5,2,2,3,2,14,2,3,0,0,11,0,0,2016,3
STK,1,1,0,9,12,21,7,1,6,2,13,6,2,10,4,19,0,0,2016,3
SUN,1,1,0,1,15,16,7,0,3,0,11,10,0,8,1,10,1,1,2016,3
SWA,1,2,0,8,5,13,6,1,4,5,9,9,3,5,2,11,0,0,2016,3
TOT,1,1,0,10,3,13,3,1,1,2,6,6,0,7,5,5,0,0,2016,3
WAT,1,3,0,6,4,10,7,1,0,3,9,7,2,2,3,22,0,0,2016,3
WBA,1,0,1,5,2,7,2,0,2,0,15,4,2,3,1,4,0,0,2016,3
WHU,1,3,0,17,5,22,5,2,4,4,9,6,5,8,5,17,0,0,2016,3
ARS,1,1,0,6,5,11,5,3,2,2,11,5,3,3,3,6,0,0,2016,4
BOU,1,0,1,6,6,12,2,2,3,2,13,4,4,0,3,5,2,0,2016,4
BUR,1,1,0,5,6,11,3,1,2,2,12,12,1,3,3,5,0,0,2016,4
CHE,1,2,0,3,3,6,2,0,0,2,10,5,0,2,0,5,1,1,2016,4
CRY,1,1,0,7,5,12,4,2,3,1,16,16,3,4,2,13,1,0,2016,4
EVE,1,0,1,7,4,11,2,1,2,1,6,6,1,4,2,13,0,0,2016,4
HUL,1,1,0,6,8,14,2,2,4,0,8,10,5,3,1,7,0,0,2016,4
LEI,1,4,0,9,8,17,11,0,0,4,3,4,7,3,7,17,1,1,2016,4
LIV,1,1,0,7,5,12,3,3,4,2,14,7,3,3,2,5,1,1,2016,4
MCI,1,1,0,5,9,14,2,1,1,2,14,11,3,5,3,15,2,1,2016,4
MUN,1,2,0,11,7,18,6,1,6,2,6,5,3,7,3,11,0,0,2016,4
MID,1,2,0,6,6,12,4,4,6,2,6,12,5,2,2,14,1,1,2016,4
SOU,1,2,0,15,3,17,2,6,7,2,13,15,3,2,7,14,0,0,2016,4
STK,1,4,0,14,6,20,8,0,2,3,15,3,7,5,4,7,0,0,2016,4
SUN,1,3,0,15,5,20,9,4,2,4,12,9,6,8,5,7,0,0,2016,4
SWA,1,2,0,18,10,28,7,4,10,2,12,9,7,11,4,9,0,0,2016,4
TOT,1,0,1,9,7,16,2,1,5,0,9,14,3,3,2,11,0,0,2016,4
WAT,1,2,0,8,11,19,4,4,7,1,11,14,2,6,6,10,0,0,2016,4
WBA,1,1,0,8,4,12,5,1,1,1,16,11,4,3,2,15,0,0,2016,4
WHU,1,4,0,10,3,13,8,0,0,3,7,6,2,3,4,8,1,1,2016,4
ARS,1,1,0,3,3,6,2,0,1,1,12,6,3,1,0,13,0,0,2016,5
BOU,1,4,0,11,9,20,11,1,3,4,4,8,2,7,6,14,1,0,2016,5
BUR,1,3,0,7,7,14,6,4,8,3,9,16,1,2,7,9,0,0,2016,5
CHE,1,2,0,7,6,13,5,2,4,2,8,7,3,3,3,16,0,0,2016,5
CRY,1,1,0,6,5,11,4,2,5,2,15,9,1,5,1,5,1,0,2016,5
EVE,1,1,0,1,6,7,0,1,1,0,13,5,1,1,3,8,0,0,2016,5
HUL,1,4,0,16,8,24,9,0,3,5,8,5,6,6,3,2,0,0,2016,5
LEI,1,0,1,3,5,7,2,2,3,1,2,11,1,2,2,7,0,0,2016,5
LIV,1,1,0,9,3,12,4,4,5,1,16,12,5,4,1,22,0,0,2016,5
MCI,1,0,1,3,3,6,2,0,0,0,2,9,5,1,0,21,0,0,2016,5
MUN,1,3,0,6,4,10,5,3,4,3,8,5,4,1,1,5,1,0,2016,5
MID,1,3,0,8,4,11,6,1,3,1,14,8,4,2,3,20,0,0,2016,5
SOU,1,0,1,6,3,9,3,1,1,0,11,7,4,2,2,7,0,0,2016,5
STK,1,4,0,9,5,14,7,4,6,1,17,10,3,2,4,17,0,0,2016,5
SUN,1,1,0,16,15,31,9,2,7,2,15,14,7,10,5,13,1,1,2016,5
SWA,1,1,0,13,6,19,6,4,4,3,25,9,10,1,5,8,0,0,2016,5
TOT,1,0,1,5,1,6,1,3,2,2,3,4,1,2,2,10,1,0,2016,5
WAT,1,1,0,8,7,15,2,3,4,2,26,6,2,2,3,8,1,0,2016,5
WBA,1,2,0,15,8,23,5,3,5,2,17,9,9,3,5,16,0,0,2016,5
WHU,1,4,0,6,2,8,6,0,2,3,6,5,1,4,2,6,0,0,2016,5
ARS,1,0,1,7,2,9,2,1,2,1,11,7,3,4,0,9,0,0,2016,6
BOU,1,0,1,6,7,13,2,3,5,2,13,10,8,1,2,6,0,0,2016,6
BUR,1,0,1,5,7,12,2,2,6,1,11,2,3,1,2,10,0,0,2016,6
CHE,1,3,0,9,5,14,5,2,3,2,10,10,4,3,4,11,1,1,2016,6
CRY,1,2,0,6,5,11,4,0,2,3,11,10,0,3,2,8,1,1,2016,6
EVE,1,1,0,6,6,12,1,2,2,0,8,7,2,3,4,10,1,0,2016,6
HUL,1,5,0,17,15,32,11,2,7,5,10,10,11,9,4,22,0,0,2016,6
LEI,1,4,0,12,4,16,7,3,5,3,8,10,2,3,7,4,0,0,2016,6
LIV,1,1,0,1,1,2,1,0,2,0,5,0,0,1,0,15,0,0,2016,6
MCI,1,1,0,9,4,13,5,5,3,1,11,11,4,3,4,12,0,0,2016,6
MUN,1,1,0,2,8,10,3,0,5,0,10,6,0,3,2,3,0,0,2016,6
MID,1,2,0,10,9,19,5,1,1,1,8,9,4,4,7,20,2,0,2016,6
SOU,1,0,1,7,6,13,0,3,3,0,16,12,2,3,4,9,0,0,2016,6
STK,1,1,0,4,5,9,3,2,3,0,9,7,1,2,4,9,1,0,2016,6
SUN,1,3,0,15,6,21,4,5,6,2,13,8,6,4,6,12,0,0,2016,6
SWA,1,3,0,11,7,18,4,2,3,3,8,10,3,6,5,17,0,0,2016,6
TOT,1,1,0,5,1,6,2,3,2,0,7,4,0,0,4,12,0,0,2016,6
WAT,1,2,0,10,3,13,4,6,8,0,11,13,5,3,2,3,0,0,2016,6
WBA,1,1,0,9,3,12,1,3,5,1,12,12,5,3,2,6,0,0,2016,6
WHU,1,3,0,15,3,18,9,1,1,3,8,8,7,4,4,5,1,1,2016,6
ARS,1,0,1,5,5,10,1,5,5,1,9,11,2,2,6,6,0,0,2016,7
BOU,1,2,0,9,8,17,7,4,3,1,16,9,6,6,2,8,0,0,2016,7
BUR,1,1,0,13,5,18,3,0,4,1,15,6,4,8,3,14,0,0,2016,7
CHE,1,0,1,3,5,8,2,0,2,0,9,6,2,3,0,3,0,0,2016,7
CRY,1,1,0,9,4,13,2,4,6,1,15,15,5,2,5,16,0,0,2016,7
EVE,1,1,0,5,5,10,2,4,7,1,18,13,3,1,1,15,0,0,2016,7
HUL,1,2,0,13,9,22,8,3,7,2,18,11,3,6,8,18,1,0,2016,7
LEI,1,0,1,8,3,11,5,2,0,1,16,12,4,4,0,5,1,0,2016,7
LIV,1,1,0,6,2,8,3,3,3,5,11,5,3,1,0,10,1,0,2016,7
MCI,1,2,0,7,6,13,7,0,2,2,6,8,4,0,3,12,0,0,2016,7
MUN,1,1,0,4,3,7,6,0,1,1,2,9,3,0,2,5,1,1,2016,7
MID,1,1,0,10,9,19,2,4,6,0,4,9,4,6,4,10,0,0,2016,7
SOU,1,0,1,5,4,9,1,3,3,0,6,5,1,3,3,5,1,0,2016,7
STK,1,1,0,16,8,24,9,3,6,5,23,15,8,3,7,10,0,0,2016,7
SUN,1,1,0,9,8,17,7,2,2,0,16,11,5,1,4,1,0,0,2016,7
SWA,1,2,0,10,8,18,6,3,7,2,16,16,5,6,4,19,1,0,2016,7
TOT,1,0,1,6,7,12,6,0,2,1,4,7,1,5,4,22,0,0,2016,7
WAT,1,2,0,4,8,12,3,1,3,2,12,7,4,3,0,12,0,0,2016,7
WBA,1,1,0,6,1,7,2,1,3,2,8,12,1,2,3,7,0,0,2016,7
WHU,1,1,0,7,2,9,2,2,2,1,8,16,1,4,1,4,0,0,2016,7
ARS,1,2,0,9,4,13,6,5,4,4,16,6,6,2,1,5,1,1,2016,8
BOU,1,1,0,4,7,11,4,4,2,0,13,14,3,4,1,8,0,0,2016,8
BUR,1,3,0,24,10,34,14,7,7,5,23,18,7,10,9,10,1,0,2016,8
CHE,1,0,1,2,3,5,0,1,2,0,13,9,2,0,1,5,0,0,2016,8
CRY,1,1,0,6,6,12,4,2,2,1,11,5,4,4,4,11,0,0,2016,8
EVE,1,1,0,12,7,19,8,5,6,3,27,17,4,5,6,14,0,0,2016,8
HUL,1,6,0,13,9,22,10,3,6,3,7,5,6,7,4,10,0,0,2016,8
LEI,1,3,0,10,6,16,6,1,5,5,15,6,4,4,5,17,0,0,2016,8
LIV,1,0,1,2,5,7,1,2,2,1,10,2,2,1,2,17,0,0,2016,8
MCI,1,1,0,1,2,3,2,0,1,0,7,3,0,0,2,6,0,0,2016,8
MUN,1,0,1,4,5,9,3,1,0,0,6,8,2,3,2,10,0,0,2016,8
MID,1,1,0,2,2,4,2,1,2,0,8,7,0,1,2,7,0,0,2016,8
SOU,1,1,0,4,2,6,1,2,3,1,8,5,2,0,2,2,0,0,2016,8
STK,1,0,1,5,6,11,1,0,2,0,8,9,2,4,2,8,0,0,2016,8
SUN,1,2,0,9,8,17,6,1,3,2,12,13,9,0,4,7,0,0,2016,8
SWA,1,3,0,10,6,16,6,1,3,6,5,6,6,1,5,18,3,1,2016,8
TOT,1,1,0,7,1,8,4,2,3,2,5,16,0,1,3,9,0,0,2016,8
WAT,1,0,1,6,4,10,3,2,2,0,23,13,3,3,1,8,1,0,2016,8
WBA,1,1,0,10,10,20,8,0,2,1,9,14,3,8,5,13,0,0,2016,8
WHU,1,0,1,7,5,12,3,4,2,3,18,16,4,3,1,6,0,0,2016,8
ARS,1,0,1,8,3,11,4,5,5,3,8,5,1,1,4,6,1,0,2016,9
BOU,1,0,1,9,7,16,4,1,4,0,6,3,3,6,5,10,0,0,2016,9
BUR,1,1,0,9,12,21,8,2,2,0,21,11,6,4,4,14,1,0,2016,9
CHE,1,0,1,9,7,16,5,2,2,0,18,13,8,1,5,7,0,0,2016,9
CRY,1,3,0,10,6,16,4,4,3,2,7,11,1,8,3,11,2,0,2016,9
EVE,1,2,0,4,6,10,3,1,4,1,11,8,2,2,1,1,1,1,2016,9
HUL,1,2,0,8,4,12,6,1,3,1,8,5,5,4,2,11,0,0,2016,9
LEI,1,1,0,13,10,23,6,4,4,2,22,10,7,5,7,22,0,0,2016,9
LIV,1,1,0,4,3,7,1,1,3,1,8,6,3,3,0,7,0,0,2016,9
MCI,1,1,0,3,3,6,2,0,0,1,4,9,1,1,1,9,1,1,2016,9
MUN,1,4,0,11,3,14,6,1,4,3,9,2,4,4,2,12,1,1,2016,9
MID,1,0,1,3,7,10,6,1,3,1,18,11,2,3,1,13,1,0,2016,9
SOU,1,1,0,8,6,14,3,1,5,1,12,12,3,5,4,18,0,0,2016,9
STK,1,0,1,7,2,9,2,3,2,0,14,9,2,3,3,4,0,0,2016,9
SUN,1,1,0,12,8,20,3,5,7,0,24,7,5,6,6,18,0,0,2016,9
SWA,1,0,1,5,5,10,2,0,2,0,11,4,1,2,4,5,0,0,2016,9
TOT,1,0,1,7,1,8,1,2,2,0,11,4,3,1,3,9,0,0,2016,9
WAT,1,0,1,4,7,11,5,0,1,2,16,8,7,0,3,7,0,0,2016,9
WBA,1,2,0,14,7,21,7,3,2,3,12,11,5,7,5,9,1,1,2016,9
WHU,1,0,1,4,6,10,2,1,2,1,5,11,1,3,3,6,0,0,2016,9
ARS,1,1,0,1,2,3,1,0,1,1,12,4,0,0,1,8,0,0,2016,10
BOU,1,2,0,5,6,11,3,1,1,2,7,9,4,5,1,13,0,0,2016,10
BUR,1,0,1,21,17,38,11,3,9,2,21,17,7,11,12,13,1,0,2016,10
CHE,1,0,1,6,4,10,1,5,4,0,10,17,3,2,3,8,0,0,2016,10
CRY,1,4,0,13,4,17,10,4,2,3,10,7,4,5,3,9,0,0,2016,10
EVE,1,0,1,7,6,13,3,1,4,1,20,7,0,4,6,10,1,0,2016,10
HUL,1,1,0,11,12,23,0,5,6,1,21,8,8,7,4,7,0,0,2016,10
LEI,1,1,0,10,12,22,5,1,6,1,9,17,7,4,5,14,0,0,2016,10
LIV,1,2,0,6,1,7,6,3,2,1,11,3,3,3,0,13,1,1,2016,10
MCI,1,0,1,6,3,9,1,3,2,0,5,11,2,1,4,9,0,0,2016,10
MUN,1,0,1,4,3,7,1,2,2,0,11,5,2,3,1,1,0,0,2016,10
MID,1,0,1,7,11,18,2,2,6,3,10,11,2,9,3,20,0,0,2016,10
SOU,1,2,0,9,4,13,7,1,2,1,6,6,4,6,3,13,0,0,2016,10
STK,1,1,0,8,7,14,6,4,3,1,7,8,5,4,3,5,0,0,2016,10
SUN,1,4,0,14,7,21,7,4,4,3,7,7,4,5,6,13,0,0,2016,10
SWA,1,3,0,10,7,17,4,3,6,3,4,11,2,6,3,8,2,0,2016,10
TOT,1,1,0,4,2,6,1,2,2,1,7,8,4,1,0,5,1,1,2016,10
WAT,1,0,1,3,6,8,2,1,2,0,15,8,2,3,2,3,0,0,2016,10
WBA,1,4,0,12,9,21,7,0,2,3,6,7,1,10,4,12,1,1,2016,10
WHU,1,2,0,12,5,17,6,3,4,3,17,6,6,6,3,13,0,0,2016,10
ARS,1,1,0,7,4,10,3,3,2,1,5,7,3,0,4,13,1,0,2016,11
BOU,1,2,0,6,3,9,4,0,0,1,8,4,1,3,4,10,0,0,2016,11
BUR,1,2,0,8,8,16,5,2,1,3,23,18,4,4,3,14,0,0,2016,11
CHE,1,0,1,1,0,1,0,1,1,0,7,2,0,0,1,4,0,0,2016,11
CRY,1,3,0,9,5,14,6,0,0,2,12,4,4,2,3,4,1,1,2016,11
EVE,1,5,0,15,6,21,9,1,4,1,15,7,4,6,8,17,0,0,2016,11
HUL,1,1,0,13,6,19,7,3,5,1,25,9,5,7,3,8,0,0,2016,11
LEI,1,2,0,7,4,11,5,4,2,1,9,12,3,2,3,10,1,1,2016,11
LIV,1,1,0,4,7,11,8,0,3,1,14,3,3,4,0,15,0,0,2016,11
MCI,1,1,0,3,2,5,3,1,1,0,3,3,1,1,2,16,1,0,2016,11
MUN,1,1,0,3,4,7,1,2,4,1,6,3,2,1,2,9,0,0,2016,11
MID,1,1,0,14,11,25,7,3,6,3,19,14,6,3,11,17,1,0,2016,11
SOU,1,2,0,4,2,6,2,1,4,1,7,5,1,2,2,5,0,0,2016,11
STK,1,1,0,5,4,9,2,5,5,0,7,18,1,0,6,13,0,0,2016,11
SUN,1,1,0,16,6,22,7,3,8,3,15,15,3,9,6,17,0,0,2016,11
SWA,1,3,0,7,2,9,3,0,0,1,4,7,0,3,4,11,1,1,2016,11
TOT,1,1,0,7,8,15,2,4,4,0,10,16,5,2,5,4,0,0,2016,11
WAT,1,6,0,22,6,28,17,5,8,5,9,11,7,12,4,6,1,0,2016,11
WBA,1,1,0,3,2,5,2,3,0,1,11,14,2,0,2,14,0,0,2016,11
WHU,1,1,0,6,7,12,4,3,6,1,11,9,4,1,1,2,1,1,2016,11
ARS,1,1,0,6,6,12,5,3,6,0,14,16,2,2,5,10,0,0,2016,12
BOU,1,0,1,9,5,14,5,5,5,2,7,9,2,5,4,14,0,0,2016,12
BUR,1,4,0,7,9,16,6,3,3,1,14,12,1,5,5,8,3,0,2016,12
CHE,1,0,1,6,6,12,1,2,2,0,15,6,3,1,3,15,0,0,2016,12
CRY,1,2,0,8,2,10,3,0,4,2,15,6,5,1,3,13,1,0,2016,12
EVE,1,1,0,4,2,6,3,2,2,1,8,4,3,0,1,3,0,0,2016,12
HUL,1,3,0,8,3,11,4,1,1,0,10,3,1,5,3,5,0,0,2016,12
LEI,1,2,0,7,3,10,3,4,4,1,9,8,4,4,2,12,0,0,2016,12
LIV,1,0,1,1,2,3,0,1,0,0,5,3,1,1,0,13,1,0,2016,12
MCI,1,1,0,6,2,8,2,2,3,1,8,9,2,0,2,11,0,0,2016,12
MUN,1,1,0,2,3,5,1,2,1,1,7,6,1,1,1,11,0,0,2016,12
MID,1,1,0,10,3,13,3,1,3,2,8,11,3,5,2,14,0,0,2016,12
SOU,1,0,1,9,6,15,2,2,2,2,11,13,1,7,5,13,1,0,2016,12
STK,1,1,0,5,3,8,2,2,2,2,5,3,5,0,2,7,0,0,2016,12
SUN,1,0,1,10,7,17,5,3,4,1,16,22,3,2,7,6,2,0,2016,12
SWA,1,1,0,9,5,14,6,3,3,2,24,21,1,2,5,9,0,0,2016,12
TOT,1,2,0,7,4,11,3,2,6,2,10,5,2,4,2,20,0,0,2016,12
WAT,1,1,0,7,4,11,2,2,4,1,17,14,2,5,1,10,1,0,2016,12
WBA,1,0,1,2,3,5,2,0,2,1,13,5,2,2,0,2,0,0,2016,12
WHU,1,3,0,8,6,14,6,1,6,4,17,10,1,1,3,14,1,1,2016,12
ARS,1,1,0,7,2,9,3,3,4,3,17,10,1,3,3,13,0,0,2016,13
BOU,1,3,0,13,3,16,3,2,1,4,13,10,2,3,9,11,2,1,2016,13
BUR,1,2,0,12,9,21,5,0,5,2,14,4,5,11,2,2,1,1,2016,13
CHE,1,1,0,4,8,12,6,1,3,0,11,8,2,3,5,18,0,0,2016,13
CRY,1,5,0,11,8,18,8,3,11,4,19,11,2,5,2,8,2,1,2016,13
EVE,1,1,0,11,6,17,6,5,3,4,15,10,4,4,5,13,3,0,2016,13
HUL,1,1,0,7,4,11,2,5,4,3,18,16,1,2,6,11,0,0,2016,13
LEI,1,2,0,4,2,6,2,1,1,0,9,11,1,2,3,14,0,0,2016,13
LIV,1,0,1,2,4,6,1,0,2,0,5,6,1,1,1,4,0,0,2016,13
MCI,1,1,0,5,5,10,5,4,7,0,12,6,3,3,1,5,0,0,2016,13
MUN,1,1,0,3,3,6,2,2,3,1,11,7,3,1,1,12,0,0,2016,13
MID,1,2,0,7,4,11,3,2,2,2,7,12,2,2,3,9,0,0,2016,13
SOU,1,0,1,8,5,13,1,4,3,0,9,9,4,6,2,10,0,0,2016,13
STK,1,0,1,7,5,11,2,3,4,0,17,10,2,3,4,12,0,0,2016,13
SUN,1,2,0,14,13,27,7,4,6,1,15,19,5,10,5,7,0,0,2016,13
SWA,1,4,0,10,2,12,4,4,6,4,11,8,3,7,1,10,1,1,2016,13
TOT,1,2,0,5,4,9,5,0,1,2,6,8,1,1,5,7,1,0,2016,13
WAT,1,1,0,7,7,14,1,4,8,0,6,10,4,2,4,8,0,0,2016,13
WBA,1,1,0,4,6,10,4,2,3,0,13,4,3,2,2,2,1,0,2016,13
WHU,1,1,0,13,4,17,8,5,3,2,24,12,4,3,7,9,2,0,2016,13
ARS,1,1,0,6,4,10,3,3,2,1,7,10,4,1,3,4,1,0,2016,14
BOU,1,3,0,6,4,10,3,1,2,2,18,12,5,2,2,11,1,1,2016,14
BUR,1,2,0,6,4,10,4,1,3,1,6,4,2,1,4,11,0,0,2016,14
CHE,1,1,0,11,3,14,4,4,2,3,24,12,6,4,2,11,1,0,2016,14
CRY,1,0,1,12,5,17,3,4,3,0,19,12,4,5,3,17,0,0,2016,14
EVE,1,1,0,5,5,10,2,1,2,0,9,8,1,2,3,12,1,1,2016,14
HUL,1,1,0,10,6,16,4,3,3,3,19,14,1,2,7,8,1,0,2016,14
LEI,1,2,0,14,8,22,6,3,3,0,8,14,5,2,8,16,0,0,2016,14
LIV,1,4,0,8,4,12,8,0,4,4,11,2,2,2,1,11,1,1,2016,14
MCI,1,3,0,7,4,10,4,2,1,2,5,4,1,7,2,18,0,0,2016,14
MUN,1,1,0,8,5,13,6,3,3,2,10,11,4,3,1,11,0,0,2016,14
MID,1,0,1,3,3,6,2,2,3,0,5,8,2,0,2,8,0,0,2016,14
SOU,1,3,0,5,4,9,4,2,5,3,3,8,1,1,3,4,1,1,2016,14
STK,1,0,1,7,7,14,4,1,6,0,12,11,3,4,3,3,1,0,2016,14
SUN,1,1,0,9,9,17,5,3,9,1,10,12,3,5,3,7,0,0,2016,14
SWA,1,5,0,15,13,28,15,2,2,5,12,5,6,11,5,19,1,0,2016,14
TOT,1,0,1,0,1,1,0,0,0,0,12,2,0,1,0,6,0,0,2016,14
WAT,1,3,0,6,5,11,3,3,3,1,8,11,3,3,3,8,0,0,2016,14
WBA,1,1,0,10,7,17,5,1,3,1,17,9,2,5,2,4,0,0,2016,14
WHU,1,5,0,14,5,19,10,2,2,4,8,3,3,8,5,16,1,1,2016,14
ARS,1,1,0,7,5,12,5,3,4,1,11,7,3,1,5,5,0,0,2016,15
BOU,1,3,0,12,3,15,7,4,9,2,6,4,7,3,3,5,0,0,2016,15
BUR,1,2,0,8,10,18,4,0,8,1,14,11,7,2,4,7,0,0,2016,15
CHE,1,0,1,4,2,6,1,2,0,0,9,5,3,0,1,5,1,0,2016,15
CRY,1,3,0,11,4,15,6,2,1,3,10,13,5,5,2,5,1,1,2016,15
EVE,1,3,0,10,1,11,6,6,6,3,10,11,5,2,3,14,0,0,2016,15
HUL,1,3,0,10,5,15,6,3,2,2,8,9,4,1,5,9,0,0,2016,15
LEI,1,2,0,11,8,19,4,3,2,0,20,22,3,6,6,13,0,0,2016,15
LIV,1,2,0,3,5,8,3,0,3,1,10,5,1,3,1,4,2,2,2016,15
MCI,1,4,0,8,3,11,6,2,4,4,2,4,3,3,1,6,1,1,2016,15
MUN,1,0,1,3,9,12,4,2,4,1,17,9,5,1,4,16,0,0,2016,15
MID,1,1,0,10,4,14,2,4,3,1,16,9,2,4,5,10,0,0,2016,15
SOU,1,0,1,4,2,6,1,0,0,0,12,6,0,2,1,8,1,0,2016,15
STK,1,3,0,17,4,21,6,2,3,1,13,4,9,5,3,10,1,0,2016,15
SUN,1,3,0,10,4,14,5,7,5,3,20,13,5,1,5,5,0,0,2016,15
SWA,1,0,1,6,5,11,2,2,4,0,11,4,2,2,3,7,0,0,2016,15
TOT,1,1,0,8,6,14,5,2,4,1,10,8,5,1,1,5,2,0,2016,15
WAT,1,2,0,8,3,11,4,4,5,2,15,9,3,2,5,9,0,0,2016,15
WBA,1,1,0,3,9,12,2,0,3,0,10,8,2,3,2,16,1,1,2016,15
WHU,1,2,0,16,3,19,3,3,2,1,24,19,8,4,3,7,1,1,2016,15
ARS,1,2,0,10,4,14,4,3,6,2,23,3,4,4,4,11,1,0,2016,16
BOU,1,0,1,10,2,12,4,4,5,2,10,13,3,5,2,5,0,0,2016,16
BUR,1,1,0,10,10,20,7,4,7,2,10,6,5,4,6,6,0,0,2016,16
CHE,1,0,1,5,3,8,3,1,2,1,6,7,1,4,2,7,0,0,2016,16
CRY,1,2,0,10,6,16,6,3,5,1,13,11,5,2,4,7,0,0,2016,16
EVE,1,1,0,7,2,9,1,2,4,2,2,8,1,1,4,8,1,0,2016,16
HUL,1,3,0,9,18,27,9,0,7,2,10,7,4,11,6,13,0,0,2016,16
LEI,1,1,0,4,5,9,3,0,1,1,10,7,5,0,2,10,0,0,2016,16
LIV,1,0,1,3,5,8,3,1,3,0,9,6,2,2,1,16,0,0,2016,16
MCI,1,0,1,2,3,5,2,0,2,1,7,3,1,2,0,16,0,0,2016,16
MUN,1,1,0,4,2,6,3,2,3,1,7,5,3,2,1,11,0,0,2016,16
MID,1,3,0,12,3,15,4,3,3,3,7,8,6,4,1,10,0,0,2016,16
SOU,1,0,1,4,1,5,3,1,2,0,5,6,0,1,2,7,1,0,2016,16
STK,1,0,1,5,10,15,4,2,7,0,23,18,3,4,4,10,0,0,2016,16
SUN,1,1,0,10,9,19,6,1,4,0,7,17,2,4,8,14,0,0,2016,16
SWA,1,3,0,8,5,13,4,4,1,3,11,3,4,4,3,8,1,0,2016,16
TOT,1,0,1,6,4,10,5,1,3,0,6,9,2,1,2,10,0,0,2016,16
WAT,1,2,0,8,5,13,7,1,3,3,10,10,2,2,8,11,0,0,2016,16
WBA,1,1,0,8,1,9,4,3,5,2,23,14,5,0,1,8,0,0,2016,16
WHU,1,0,1,3,5,8,2,1,2,2,5,5,1,2,1,3,0,0,2016,16
ARS,1,2,0,9,5,14,5,4,4,3,13,8,5,4,3,9,0,0,2016,17
BOU,1,3,0,7,7,14,7,1,0,1,17,6,2,4,4,10,2,0,2016,17
BUR,1,2,0,13,17,30,9,2,8,0,13,17,8,9,8,14,1,0,2016,17
CHE,1,0,1,3,3,6,2,1,2,0,9,13,2,0,1,5,0,0,2016,17
CRY,1,1,0,8,5,13,6,2,4,0,5,8,4,1,4,13,0,0,2016,17
EVE,1,1,0,9,2,11,3,0,1,3,13,7,5,3,1,6,0,0,2016,17
HUL,1,1,0,10,9,19,5,5,10,2,18,5,7,5,1,9,0,0,2016,17
LEI,1,2,0,7,9,16,7,1,4,3,19,21,5,5,1,8,0,0,2016,17
LIV,1,0,1,3,3,6,1,3,3,1,11,3,2,1,1,8,0,0,2016,17
MCI,1,1,0,3,3,6,1,1,1,1,3,5,1,1,2,11,0,0,2016,17
MUN,1,0,1,5,5,10,1,3,3,1,16,7,4,1,2,10,1,0,2016,17
MID,1,0,1,6,8,14,2,3,1,0,16,15,3,4,4,11,0,0,2016,17
SOU,1,1,0,8,2,10,5,4,2,0,14,7,4,1,3,12,1,0,2016,17
STK,1,2,0,9,5,14,8,5,5,2,19,6,5,2,5,6,0,0,2016,17
SUN,1,0,1,6,4,10,4,3,7,1,13,17,2,2,4,9,0,0,2016,17
SWA,1,3,0,5,5,10,4,2,2,2,5,6,3,1,4,6,0,0,2016,17
TOT,1,1,0,4,1,5,2,0,1,2,8,9,0,0,1,5,1,0,2016,17
WAT,1,1,0,9,2,11,2,2,2,1,10,14,2,4,3,8,0,0,2016,17
WBA,1,2,0,5,5,10,5,2,0,2,5,3,3,2,3,4,0,0,2016,17
WHU,1,0,1,11,5,16,4,4,4,1,8,12,2,8,2,5,2,0,2016,17
ARS,1,0,1,3,0,3,1,2,1,1,9,13,0,0,2,9,1,0,2016,18
BOU,1,3,0,8,6,14,4,0,2,1,6,6,1,8,1,27,0,0,2016,18
BUR,1,0,1,4,4,8,2,2,5,1,5,10,3,1,1,13,0,0,2016,18
CHE,1,0,1,5,3,7,3,2,3,1,7,5,3,1,1,9,1,0,2016,18
CRY,1,1,0,3,6,9,3,1,1,1,11,17,1,3,1,8,0,0,2016,18
EVE,1,0,1,1,6,7,2,1,1,1,8,12,2,2,2,10,0,0,2016,18
HUL,1,3,0,8,8,16,6,1,3,2,7,9,7,2,4,6,0,0,2016,18
LEI,1,2,0,5,3,8,3,1,1,2,13,5,3,3,1,9,0,0,2016,18
LIV,1,1,0,4,3,6,2,2,0,0,6,4,1,2,1,10,0,0,2016,18
MCI,1,0,1,6,5,10,2,2,4,1,13,8,4,1,0,7,0,0,2016,18
MUN,1,1,0,4,5,9,4,0,4,0,14,4,3,1,0,6,0,0,2016,18
MID,1,1,0,2,4,6,4,0,4,0,5,12,0,3,1,6,1,1,2016,18
SOU,1,4,0,10,7,17,5,2,5,1,13,7,6,3,2,8,0,0,2016,18
STK,1,4,0,11,9,20,5,1,3,1,8,5,2,5,6,9,2,2,2016,18
SUN,1,3,0,13,13,26,9,3,5,2,15,9,7,8,5,11,1,1,2016,18
SWA,1,4,0,11,3,14,7,2,1,5,5,10,2,3,7,11,1,1,2016,18
TOT,1,1,0,5,4,9,2,2,3,0,13,6,2,3,1,5,2,0,2016,18
WAT,1,1,0,5,5,10,4,3,2,2,5,6,2,1,4,8,1,0,2016,18
WBA,1,1,0,17,9,26,11,5,3,2,8,10,7,8,6,13,0,0,2016,18
WHU,1,1,0,10,4,14,7,4,3,1,15,11,5,3,3,6,0,0,2016,18
ARS,1,0,1,4,3,7,4,2,3,1,12,5,2,2,1,7,0,0,2016,19
BOU,1,0,1,7,7,14,5,5,6,0,16,14,5,0,4,9,0,0,2016,19
BUR,1,1,0,5,6,11,3,0,2,0,6,5,3,2,4,16,1,0,2016,19
CHE,1,2,0,4,1,5,2,1,4,1,4,5,2,0,1,4,0,0,2016,19
CRY,1,2,0,14,8,22,7,1,5,1,11,9,4,3,9,10,0,0,2016,19
EVE,1,2,0,8,6,13,4,2,6,0,9,8,4,2,1,10,0,0,2016,19
HUL,1,2,0,12,8,20,7,4,0,1,17,10,4,10,4,13,0,0,2016,19
LEI,1,0,1,11,13,24,5,5,9,2,12,17,0,4,7,8,0,0,2016,19
LIV,1,0,1,2,7,9,2,0,2,0,8,9,2,3,1,16,1,0,2016,19
MCI,1,1,0,2,3,5,1,1,0,0,4,5,1,1,3,7,0,0,2016,19
MUN,1,1,0,3,6,9,2,0,1,1,5,8,1,5,1,17,1,0,2016,19
MID,1,2,0,24,8,32,12,5,9,2,24,27,4,12,7,22,0,0,2016,19
SOU,1,2,0,3,4,7,3,1,2,1,6,5,0,2,2,9,0,0,2016,19
STK,1,4,0,10,8,18,7,2,6,2,7,7,4,7,3,11,2,1,2016,19
SUN,1,4,0,11,5,16,6,1,2,4,10,12,8,4,2,6,0,0,2016,19
SWA,1,3,0,6,5,11,6,0,1,4,12,2,3,3,2,10,3,1,2016,19
TOT,1,1,0,4,2,6,2,0,2,2,6,2,0,2,1,5,0,0,2016,19
WAT,1,4,0,11,8,19,6,1,4,4,8,9,8,2,5,5,3,2,2016,19
WBA,1,1,0,5,5,10,1,2,5,0,19,19,2,1,4,11,0,0,2016,19
WHU,1,1,0,9,3,12,4,3,2,1,14,11,4,1,2,9,0,0,2016,19
ARS,1,3,0,6,7,13,6,1,4,2,5,6,4,2,3,15,1,0,2016,20
BOU,1,3,0,9,5,14,4,3,1,1,11,13,4,6,3,7,0,0,2016,20
BUR,1,2,0,5,9,14,3,0,2,0,12,2,4,4,3,9,1,1,2016,20
CHE,1,2,0,3,6,9,2,2,2,2,7,6,3,0,2,11,2,0,2016,20
CRY,1,2,0,7,4,11,4,3,3,2,11,7,3,4,2,9,1,1,2016,20
EVE,1,0,1,7,5,12,3,3,2,1,8,18,0,5,3,8,0,0,2016,20
HUL,1,3,0,6,2,8,5,4,2,1,17,15,0,3,4,11,0,0,2016,20
LEI,1,0,1,4,5,9,1,0,1,1,29,11,3,1,2,16,1,0,2016,20
LIV,1,2,0,5,5,10,5,0,1,2,3,3,1,2,2,6,0,0,2016,20
MCI,1,1,0,6,5,11,2,3,6,0,11,14,3,0,3,7,0,0,2016,20
MUN,1,0,1,3,5,8,2,2,2,1,6,6,2,4,1,13,0,0,2016,20
MID,1,0,1,4,6,10,4,3,4,0,8,7,3,3,2,4,0,0,2016,20
SOU,1,3,0,10,7,17,6,2,4,3,13,7,5,6,2,11,2,1,2016,20
STK,1,0,1,5,4,9,1,2,4,0,11,7,3,1,3,6,0,0,2016,20
SUN,1,2,0,12,9,21,15,5,7,3,13,9,6,6,7,13,0,0,2016,20
SWA,1,1,0,4,3,7,3,0,2,0,18,10,1,0,2,4,0,0,2016,20
TOT,1,0,1,6,5,11,2,3,1,2,8,9,3,3,2,11,0,0,2016,20
WAT,1,2,0,11,5,16,5,3,5,3,11,22,3,4,6,12,2,1,2016,20
WBA,1,1,0,9,8,17,6,4,6,1,23,7,11,1,2,9,0,0,2016,20
WHU,1,2,0,8,5,13,6,0,1,2,8,6,1,4,6,6,1,1,2016,20
ARS,1,0,1,6,8,12,3,1,3,0,11,11,2,2,4,12,1,0,2016,21
BOU,1,3,0,9,5,14,3,4,6,1,14,12,5,1,5,6,0,0,2016,21
BUR,1,0,1,15,5,20,5,5,4,1,18,22,8,3,3,10,0,0,2016,21
CHE,1,0,1,3,4,7,2,1,1,0,10,5,1,3,2,6,0,0,2016,21
CRY,1,3,0,8,6,14,3,1,4,2,13,2,3,3,4,13,0,0,2016,21
EVE,1,0,1,5,8,13,4,3,6,0,8,10,1,2,5,11,1,0,2016,21
HUL,1,1,0,5,4,8,6,0,1,2,4,15,1,3,2,16,1,0,2016,21
LEI,1,3,0,5,3,8,3,1,3,1,6,7,1,4,0,13,0,0,2016,21
LIV,1,1,0,5,4,9,3,2,1,1,16,10,2,1,3,10,0,0,2016,21
MCI,1,4,0,5,1,6,4,0,0,0,9,4,2,3,1,16,1,1,2016,21
MUN,1,1,0,11,2,13,4,2,2,1,10,6,2,4,3,4,1,0,2016,21
MID,1,0,1,9,3,12,5,5,4,1,16,10,4,3,3,4,1,0,2016,21
SOU,1,1,0,2,7,9,3,1,5,0,4,11,2,2,2,7,0,0,2016,21
STK,1,1,0,6,7,13,3,1,4,2,16,6,4,4,1,8,0,0,2016,21
SUN,1,3,0,10,4,14,6,2,2,1,7,6,4,5,1,13,1,1,2016,21
SWA,1,4,0,10,4,14,6,1,0,3,4,3,2,7,1,9,1,1,2016,21
TOT,1,0,1,1,3,3,0,0,1,0,3,6,0,0,1,3,1,0,2016,21
WAT,1,0,1,3,2,5,1,0,0,0,8,6,0,0,3,3,0,0,2016,21
WBA,1,4,0,10,11,21,11,1,6,4,13,10,7,5,6,16,1,1,2016,21
WHU,1,0,1,3,7,10,1,0,3,1,7,10,1,4,1,4,0,0,2016,21
ARS,1,1,0,7,6,13,7,2,4,1,12,8,3,2,2,4,0,0,2016,22
BOU,1,2,0,3,7,10,3,2,6,1,2,5,1,3,1,4,0,0,2016,22
BUR,1,2,0,15,9,24,8,5,6,1,9,12,3,8,8,16,0,0,2016,22
CHE,1,0,1,3,6,9,4,1,3,0,8,8,2,4,0,9,0,0,2016,22
CRY,1,1,0,9,8,17,8,3,4,1,21,8,5,8,1,17,0,0,2016,22
EVE,1,0,1,5,3,8,2,4,6,0,12,13,2,2,3,8,0,0,2016,22
HUL,1,2,0,4,5,9,5,1,4,2,16,16,2,1,2,11,0,0,2016,22
LEI,1,3,0,14,6,20,7,4,1,3,12,22,4,2,7,6,1,0,2016,22
LIV,1,3,0,5,1,6,3,3,4,3,5,3,1,1,2,12,1,1,2016,22
MCI,1,2,0,3,3,6,2,2,2,2,9,3,1,2,1,11,0,0,2016,22
MUN,1,1,0,3,3,6,1,0,0,0,1,6,2,0,3,5,1,0,2016,22
MID,1,3,0,9,4,13,5,2,2,5,6,6,1,5,5,6,1,0,2016,22
SOU,1,0,1,3,8,11,2,1,5,1,6,14,0,3,4,12,0,0,2016,22
STK,1,1,0,14,12,25,8,3,9,1,25,12,6,8,7,12,0,0,2016,22
SUN,1,2,0,9,5,14,5,2,3,1,17,8,4,4,3,10,1,1,2016,22
SWA,1,2,0,9,7,16,5,5,4,1,19,18,3,6,4,12,1,0,2016,22
TOT,1,2,0,14,3,17,7,4,3,4,12,10,7,3,3,15,5,2,2016,22
WAT,1,2,0,10,5,15,5,3,1,1,19,16,4,4,4,14,0,0,2016,22
WBA,1,0,1,3,6,9,3,1,3,0,14,7,4,1,2,5,0,0,2016,22
WHU,1,1,0,7,4,11,2,2,3,1,16,15,3,2,3,13,1,0,2016,22
ARS,1,2,0,6,4,10,6,2,4,1,5,8,0,2,3,12,1,0,2016,23
BOU,1,2,0,6,5,11,4,2,4,2,13,8,1,2,5,7,1,1,2016,23
BUR,1,0,1,7,6,13,5,3,2,1,8,8,2,2,4,7,2,0,2016,23
CHE,1,1,0,4,3,7,3,2,0,3,8,12,3,1,1,4,0,0,2016,23
CRY,1,0,1,2,8,10,2,2,4,0,9,9,2,2,3,15,0,0,2016,23
EVE,1,1,0,9,6,14,6,4,5,3,9,13,3,3,3,12,0,0,2016,23
HUL,1,0,1,11,5,16,6,2,3,2,22,17,4,4,6,9,0,0,2016,23
LEI,1,1,0,15,9,24,3,5,13,1,13,16,6,5,9,5,0,0,2016,23
LIV,1,1,0,4,4,8,2,0,1,1,6,2,0,2,2,10,2,0,2016,23
MCI,1,0,1,1,5,6,1,0,3,1,5,6,1,1,1,9,0,0,2016,23
MUN,1,0,1,3,3,6,2,2,2,1,8,5,2,2,1,9,0,0,2016,23
MID,1,1,0,10,5,15,5,2,5,1,13,12,3,5,3,6,0,0,2016,23
SOU,1,2,0,6,6,12,5,2,5,0,7,11,0,6,3,4,0,0,2016,23
STK,1,1,0,8,7,15,5,4,4,1,10,5,5,2,3,9,0,0,2016,23
SUN,1,0,1,7,7,14,3,2,6,1,13,22,4,3,2,10,0,0,2016,23
SWA,1,1,0,6,4,10,2,1,1,1,14,12,4,2,3,13,1,0,2016,23
TOT,1,0,1,3,0,3,1,0,0,0,9,0,1,1,0,6,0,0,2016,23
WAT,1,1,0,14,6,20,5,3,8,0,15,12,6,6,2,15,0,0,2016,23
WBA,1,1,0,7,4,11,3,1,4,1,16,6,2,3,0,11,0,0,2016,23
WHU,1,4,0,7,4,11,4,1,5,4,8,6,2,1,3,14,1,1,2016,23
ARS,1,3,0,8,5,13,6,4,2,3,8,11,4,3,2,17,1,1,2016,24
BOU,1,6,0,12,3,15,10,0,2,4,5,3,5,4,2,20,1,1,2016,24
BUR,1,2,0,7,9,16,7,2,3,2,9,11,2,4,7,8,0,0,2016,24
CHE,1,1,0,6,3,9,5,5,5,3,14,18,1,3,3,15,1,0,2016,24
CRY,1,4,0,5,5,10,7,1,3,1,1,5,4,1,2,5,1,1,2016,24
EVE,1,3,0,8,10,18,8,0,7,4,11,8,4,4,5,8,0,0,2016,24
HUL,1,0,1,14,8,22,5,2,12,1,21,24,2,10,3,9,1,0,2016,24
LEI,1,3,0,13,3,16,9,3,1,3,9,7,5,5,6,11,0,0,2016,24
LIV,1,2,0,6,1,7,4,1,1,3,7,3,3,2,1,2,1,1,2016,24
MCI,1,1,0,1,3,4,2,1,3,0,2,6,1,1,0,5,0,0,2016,24
MUN,1,0,1,6,5,11,1,3,4,0,10,13,3,2,3,14,0,0,2016,24
MID,1,1,0,11,6,17,5,3,3,3,14,19,5,3,6,6,0,0,2016,24
SOU,1,3,0,3,3,6,4,0,2,1,3,10,1,2,1,6,0,0,2016,24
STK,1,1,0,8,7,15,4,2,3,2,15,8,1,1,8,14,0,0,2016,24
SUN,1,0,1,14,7,21,8,7,9,4,15,25,2,3,7,9,0,0,2016,24
SWA,1,2,0,14,3,17,5,3,6,5,15,10,6,3,3,16,0,0,2016,24
TOT,1,0,1,5,3,8,0,2,1,1,6,8,4,1,1,8,0,0,2016,24
WAT,1,1,0,5,6,11,6,1,6,2,6,7,2,1,2,4,1,0,2016,24
WBA,1,0,1,6,6,12,2,4,4,2,16,20,1,3,4,4,0,0,2016,24
WHU,1,1,0,13,8,21,7,5,5,0,13,11,5,3,4,10,1,0,2016,24
ARS,1,0,1,7,2,9,4,6,5,0,19,15,5,0,3,11,0,0,2016,25
BOU,1,2,0,11,6,17,5,1,3,5,9,9,2,4,6,15,2,0,2016,25
BUR,1,1,0,7,6,13,2,0,2,0,12,8,3,4,2,22,2,0,2016,25
CHE,1,1,0,3,4,7,4,0,1,2,3,4,2,1,1,4,1,0,2016,25
CRY,1,1,0,5,2,7,3,3,2,1,8,7,2,2,2,8,0,0,2016,25
EVE,1,0,1,6,3,9,3,5,4,0,11,8,3,3,2,15,1,0,2016,25
HUL,1,2,0,15,2,17,5,2,2,4,2,7,1,3,6,17,0,0,2016,25
LEI,1,2,0,7,3,10,4,2,1,1,14,8,3,3,3,8,0,0,2016,25
LIV,1,0,1,5,2,7,2,2,2,1,9,4,2,1,2,13,0,0,2016,25
MCI,1,0,1,1,5,5,1,1,1,0,4,9,0,0,3,16,0,0,2016,25
MUN,1,0,1,3,6,9,3,0,1,1,5,5,3,3,1,10,0,0,2016,25
MID,1,0,1,5,2,7,3,1,1,2,6,7,1,2,4,7,0,0,2016,25
SOU,1,0,1,2,5,6,1,1,2,0,10,6,2,0,1,7,0,0,2016,25
STK,1,0,1,3,3,6,1,1,4,0,8,8,0,3,2,5,0,0,2016,25
SUN,1,4,0,10,5,15,8,2,1,3,6,17,3,4,7,6,1,0,2016,25
SWA,1,0,1,4,5,9,1,1,1,1,9,7,1,4,1,11,0,0,2016,25
TOT,1,2,0,11,6,17,9,2,6,4,14,8,3,7,1,6,3,1,2016,25
WAT,1,2,0,12,10,22,11,1,0,4,8,6,5,4,11,17,0,0,2016,25
WBA,1,2,0,7,9,16,4,2,3,1,15,13,7,4,1,10,0,0,2016,25
WHU,1,2,0,7,1,8,3,2,4,1,7,9,2,3,1,11,0,0,2016,25
BOU,1,2,0,8,5,13,4,4,5,1,18,5,4,3,3,8,1,1,2016,26
BUR,1,1,0,9,6,15,1,4,2,1,15,18,1,3,4,6,0,0,2016,26
CHE,1,1,0,2,1,3,2,2,3,1,5,6,1,1,0,7,0,0,2016,26
CRY,1,0,1,4,7,11,4,1,2,1,2,10,3,4,1,12,0,0,2016,26
EVE,1,0,1,8,2,10,1,3,6,0,9,11,4,3,1,9,0,0,2016,26
HUL,1,1,0,5,6,11,3,1,6,1,6,10,3,3,0,5,0,0,2016,26
LEI,1,1,0,11,6,17,7,2,3,0,21,12,6,6,2,16,0,0,2016,26
LIV,1,3,0,10,4,14,8,5,7,3,7,5,1,4,3,8,1,1,2016,26
MID,1,1,0,11,4,15,3,3,4,0,15,14,5,3,5,13,0,0,2016,26
STK,1,4,0,11,10,21,9,1,5,1,7,7,6,7,6,10,1,1,2016,26
SUN,1,2,0,16,4,20,8,3,8,2,15,14,9,3,4,13,0,0,2016,26
SWA,1,3,0,10,6,16,5,2,2,1,12,8,6,3,5,19,1,1,2016,26
TOT,1,0,1,5,0,5,3,1,1,1,9,6,1,0,2,8,1,0,2016,26
WAT,1,1,0,6,7,13,2,2,4,2,18,10,4,3,2,14,1,0,2016,26
WBA,1,1,0,6,6,12,4,3,4,1,10,14,3,5,3,8,0,0,2016,26
WHU,1,1,0,5,4,9,1,2,3,2,4,6,1,4,2,7,0,0,2016,26
ARS,1,3,0,11,7,18,7,3,7,3,14,8,6,6,2,7,0,0,2016,27
BOU,1,1,0,13,7,20,7,4,8,4,14,26,4,4,8,8,0,0,2016,27
BUR,1,3,0,16,8,24,8,8,10,0,21,26,1,5,7,21,0,0,2016,27
CHE,1,1,0,5,6,11,1,2,4,0,10,22,0,7,1,7,1,1,2016,27
CRY,1,0,1,3,8,11,1,0,3,0,14,8,2,3,3,1,0,0,2016,27
EVE,1,3,0,11,9,20,7,4,7,2,6,12,3,4,8,11,2,1,2016,27
HUL,1,3,0,8,9,17,5,3,10,3,11,16,3,3,5,8,0,0,2016,27
LEI,1,1,0,6,5,10,4,2,5,1,5,14,1,2,3,6,0,0,2016,27
LIV,1,1,0,5,2,7,3,2,2,1,9,7,1,2,2,10,0,0,2016,27
MCI,2,0,2,12,4,16,5,7,6,1,17,7,7,1,4,21,0,0,2016,27
MUN,1,1,0,2,1,3,1,1,1,1,2,4,1,0,0,12,1,0,2016,27
MID,1,2,0,11,2,13,7,3,5,4,16,9,3,3,3,24,0,0,2016,27
SOU,1,3,0,11,5,16,4,2,6,1,10,10,1,7,3,8,1,0,2016,27
STK,2,0,2,9,11,20,3,2,5,2,22,9,5,4,8,28,1,0,2016,27
SUN,1,2,0,8,6,14,7,1,1,3,7,7,7,2,3,9,1,0,2016,27
SWA,1,2,0,4,2,6,4,1,0,1,3,2,1,2,1,1,0,0,2016,27
TOT,1,2,0,4,4,8,4,0,3,2,8,5,4,0,3,5,1,1,2016,27
WAT,1,4,0,12,8,20,11,1,7,1,6,12,3,3,9,11,1,1,2016,27
WBA,1,2,0,8,2,10,3,2,2,3,12,14,2,2,3,12,0,0,2016,27
WHU,1,2,0,8,1,9,4,0,2,2,6,5,2,4,0,8,0,0,2016,27
BOU,1,2,0,9,7,16,7,3,5,1,7,15,4,5,3,14,1,1,2016,28
BUR,1,2,0,6,4,10,3,0,4,1,12,9,2,3,3,6,0,0,2016,28
EVE,1,0,1,1,4,5,2,0,0,0,7,9,2,2,1,9,0,0,2016,28
HUL,1,1,0,9,2,11,3,4,5,3,5,14,3,2,3,7,1,0,2016,28
LIV,1,1,0,6,5,11,1,0,9,1,11,4,2,3,0,1,0,0,2016,28
SWA,1,2,0,8,7,15,6,1,1,3,8,9,3,3,4,8,1,1,2016,28
WBA,1,3,0,8,8,16,5,2,4,3,3,9,4,3,4,7,0,0,2016,28
WHU,1,3,0,17,5,22,9,5,5,5,11,6,3,4,8,14,0,0,2016,28
ARS,1,3,0,11,1,12,7,5,3,3,5,9,4,2,4,10,1,1,2016,29
BOU,1,0,1,4,7,10,1,1,7,0,13,18,3,0,1,11,0,0,2016,29
BUR,1,0,1,7,7,14,5,2,4,2,11,8,6,1,4,4,0,0,2016,29
CHE,1,1,0,5,0,5,1,1,2,1,8,4,1,2,0,7,0,0,2016,29
CRY,1,0,1,2,5,6,2,1,2,0,4,6,1,2,2,9,1,0,2016,29
EVE,1,0,1,4,2,6,0,1,1,1,7,18,2,1,1,1,1,0,2016,29
HUL,1,4,0,12,2,14,8,3,3,4,8,7,4,3,4,9,2,1,2016,29
LEI,1,2,0,12,8,20,6,6,10,3,14,20,2,7,6,13,0,0,2016,29
LIV,1,1,0,12,1,13,3,3,3,5,15,7,5,4,2,16,0,0,2016,29
MCI,1,1,0,13,0,13,4,1,4,2,13,6,2,6,2,11,1,0,2016,29
MUN,1,1,0,9,1,10,3,3,1,1,18,19,3,0,4,14,1,1,2016,29
MID,1,3,0,9,5,14,6,3,2,4,4,5,2,1,8,12,1,1,2016,29
SOU,1,2,0,7,5,12,6,2,2,2,3,7,2,7,1,9,0,0,2016,29
STK,1,2,0,13,7,20,7,2,13,2,5,5,8,5,2,11,1,1,2016,29
SUN,1,0,1,9,7,16,3,2,6,1,9,12,2,4,5,7,1,0,2016,29
SWA,1,2,0,5,7,12,6,2,1,1,9,6,2,3,4,13,2,0,2016,29
TOT,1,1,0,5,3,8,3,0,1,1,9,3,3,2,3,6,1,1,2016,29
WAT,1,1,0,5,2,7,0,1,2,0,8,13,2,1,1,10,0,0,2016,29
WBA,1,1,0,6,5,11,2,3,2,1,13,6,5,2,2,10,0,0,2016,29
WHU,1,3,0,8,3,11,5,1,5,4,7,4,1,6,2,8,0,0,2016,29
ARS,1,2,0,9,5,14,5,3,5,2,13,6,8,3,0,14,1,0,2016,30
BOU,1,0,1,10,4,14,4,1,1,0,11,5,4,4,3,11,0,0,2016,30
BUR,1,2,0,10,9,19,7,0,6,3,8,6,2,6,3,10,3,0,2016,30
CHE,1,2,0,6,2,8,3,1,3,2,6,3,1,4,2,13,1,0,2016,30
CRY,1,1,0,16,8,24,11,4,6,4,26,15,5,9,4,9,0,0,2016,30
EVE,1,3,0,6,4,10,5,0,0,0,3,2,2,3,4,17,0,0,2016,30
HUL,1,1,0,8,4,12,4,6,1,2,9,22,2,1,5,12,1,1,2016,30
LEI,1,0,1,9,1,10,2,3,2,2,10,15,5,0,4,10,0,0,2016,30
LIV,1,1,0,5,4,9,4,2,5,2,14,9,0,3,3,15,0,0,2016,30
MCI,1,2,0,6,2,8,3,2,4,1,4,9,1,1,5,14,0,0,2016,30
MUN,1,0,1,1,2,3,1,0,1,0,3,5,2,0,1,7,0,0,2016,30
MID,1,0,1,6,9,15,3,3,3,0,24,23,6,5,2,10,0,0,2016,30
SOU,1,0,1,8,4,12,2,0,3,3,4,7,1,4,0,3,0,0,2016,30
STK,1,2,0,12,11,23,10,1,9,1,7,13,3,7,3,8,0,0,2016,30
SUN,1,1,0,15,8,23,10,6,7,2,15,25,4,5,7,8,0,0,2016,30
SWA,1,0,1,6,2,8,1,1,0,1,10,4,2,3,2,19,0,0,2016,30
TOT,1,0,1,5,8,13,2,3,3,0,11,9,4,5,2,3,0,0,2016,30
WAT,1,0,1,3,8,11,3,0,2,0,13,13,5,3,1,3,0,0,2016,30
WBA,1,0,1,9,9,18,3,1,2,1,13,19,2,5,4,13,1,0,2016,30
WHU,1,2,0,6,1,7,3,1,2,1,10,6,0,1,2,5,1,0,2016,30
ARS,1,0,1,2,5,7,2,0,3,0,5,7,0,1,2,18,0,0,2016,31
BOU,1,2,0,9,11,20,8,6,6,3,14,15,4,8,3,16,0,0,2016,31
BUR,1,0,1,8,7,15,2,4,4,1,9,11,3,3,3,16,0,0,2016,31
CHE,1,1,0,11,6,17,7,3,7,4,9,17,2,8,3,13,1,0,2016,31
CRY,1,3,0,19,6,25,7,4,2,5,17,23,6,4,8,8,0,0,2016,31
EVE,1,1,0,10,8,18,3,4,3,1,18,14,3,3,4,12,1,0,2016,31
HUL,1,2,0,7,5,12,4,3,1,2,13,13,3,4,4,10,0,0,2016,31
LEI,1,0,1,9,6,15,3,2,5,0,13,9,6,1,3,2,1,0,2016,31
LIV,1,2,0,6,2,8,2,1,5,3,4,8,2,2,1,14,1,1,2016,31
MCI,1,2,0,6,4,10,4,1,3,2,6,6,3,2,2,8,1,1,2016,31
MUN,1,1,0,6,5,11,4,1,4,0,5,4,2,6,1,5,0,0,2016,31
MID,1,4,0,15,2,17,5,4,5,2,5,19,4,3,3,12,0,0,2016,31
SOU,1,1,0,11,6,17,3,3,10,2,13,10,3,4,6,6,0,0,2016,31
STK,1,1,0,4,3,7,3,1,1,0,12,1,1,1,2,9,1,0,2016,31
SUN,1,2,0,11,8,19,8,4,6,1,13,11,3,7,6,4,0,0,2016,31
SWA,1,3,0,11,7,18,8,1,0,3,18,6,3,9,4,4,0,0,2016,31
TOT,1,1,0,3,1,4,1,1,1,1,9,6,1,2,1,10,0,0,2016,31
WAT,1,0,1,11,7,18,2,3,5,2,14,18,3,4,4,11,0,0,2016,31
WBA,1,2,0,6,3,9,2,2,2,1,7,9,1,2,4,6,1,1,2016,31
WHU,1,3,0,13,8,21,8,2,4,3,8,3,4,6,7,16,2,1,2016,31
ARS,1,3,0,13,4,17,6,3,4,2,6,13,4,4,7,11,1,0,2016,32
BOU,1,3,0,10,5,15,5,3,2,1,7,4,6,5,1,9,0,0,2016,32
BUR,1,0,1,8,5,13,3,5,8,0,13,13,4,1,3,8,0,0,2016,32
CHE,1,1,0,2,10,11,1,1,3,0,9,8,0,7,2,5,0,0,2016,32
CRY,1,0,1,8,3,11,3,1,1,0,11,13,1,4,4,17,1,0,2016,32
EVE,1,2,0,4,2,6,4,2,3,1,11,8,2,2,0,10,0,0,2016,32
HUL,1,3,0,15,8,23,7,2,5,2,11,7,6,7,3,11,0,0,2016,32
LEI,1,4,0,7,5,12,7,3,4,5,6,7,1,7,2,13,0,0,2016,32
LIV,1,1,0,6,3,9,4,3,3,4,13,10,2,2,2,13,3,0,2016,32
MCI,1,1,0,5,3,7,1,0,2,0,4,6,0,2,3,5,0,0,2016,32
MUN,1,0,1,3,6,9,4,0,2,1,5,10,1,1,4,11,0,0,2016,32
MID,1,0,1,5,2,7,2,1,3,1,3,14,1,1,3,5,0,0,2016,32
SOU,1,0,1,11,6,17,6,3,5,3,10,15,2,7,2,8,0,0,2016,32
STK,1,2,0,9,6,15,4,2,5,1,10,9,4,6,1,6,0,0,2016,32
SUN,1,3,0,6,12,18,9,1,5,2,4,9,1,7,7,12,0,0,2016,32
SWA,1,1,0,7,7,14,6,2,3,1,10,8,2,4,4,8,3,0,2016,32
TOT,1,0,1,4,4,8,2,0,3,0,6,11,2,1,3,14,0,0,2016,32
WAT,1,4,0,8,11,19,6,1,5,1,13,6,6,6,4,14,0,0,2016,32
WBA,1,1,0,6,4,10,3,1,1,1,10,5,1,2,5,2,1,0,2016,32
WHU,1,0,1,4,1,5,1,2,3,0,10,10,3,1,0,15,0,0,2016,32
ARS,1,1,0,9,4,13,5,3,8,2,15,7,2,2,4,13,1,0,2016,33
BOU,1,4,0,16,8,24,14,0,7,5,14,9,6,6,7,8,0,0,2016,33
BUR,1,3,0,16,13,29,7,3,7,1,18,6,5,9,7,6,0,0,2016,33
CHE,1,2,0,4,5,9,3,0,0,1,6,4,3,4,0,8,0,0,2016,33
CRY,1,2,0,5,1,6,2,2,2,0,10,10,0,0,3,13,1,0,2016,33
EVE,1,1,0,7,7,13,4,2,7,1,8,14,2,2,1,6,1,0,2016,33
HUL,1,3,0,10,4,14,4,2,1,3,6,8,2,4,4,9,0,0,2016,33
LEI,1,2,0,11,4,15,4,3,3,3,17,15,3,2,5,13,0,0,2016,33
LIV,1,0,1,3,4,7,2,1,0,1,9,14,0,4,1,9,0,0,2016,33
MCI,1,0,1,5,3,8,1,3,3,1,5,13,1,0,4,8,0,0,2016,33
MUN,1,0,1,3,2,5,0,0,2,0,5,9,0,0,3,8,0,0,2016,33
MID,1,2,0,7,5,12,4,0,5,1,12,7,1,6,0,8,0,0,2016,33
SOU,1,3,0,11,7,18,5,3,5,4,13,9,3,4,3,9,1,1,2016,33
STK,1,1,0,10,4,14,3,2,5,1,14,8,6,2,3,11,1,0,2016,33
SUN,1,2,0,4,3,7,3,1,2,2,6,2,2,2,1,9,0,0,2016,33
SWA,1,1,0,5,10,15,7,2,2,2,5,9,2,4,4,14,1,1,2016,33
TOT,1,0,1,3,2,5,1,1,1,0,6,1,1,2,2,3,0,0,2016,33
WAT,1,0,1,9,4,13,4,3,3,0,13,11,4,4,1,6,1,0,2016,33
WBA,1,1,0,7,8,15,2,2,3,2,11,4,3,6,3,15,1,0,2016,33
WHU,1,2,0,7,7,14,4,1,5,1,11,7,2,5,1,7,1,1,2016,33
ARS,1,0,1,7,1,7,3,1,4,0,4,6,2,0,3,3,2,0,2016,34
BOU,1,0,1,1,4,5,2,1,2,0,5,6,1,4,0,7,0,0,2016,34
BUR,1,2,0,7,5,12,6,1,2,3,7,6,4,4,3,15,0,0,2016,34
CHE,1,2,0,8,4,12,4,2,9,1,11,13,2,3,1,6,0,0,2016,34
CRY,2,2,0,17,15,32,5,5,6,2,30,19,4,9,11,30,0,0,2016,34
EVE,1,0,1,8,7,15,3,3,7,0,14,9,3,2,5,13,0,0,2016,34
HUL,1,0,1,7,7,14,2,3,8,2,11,13,4,3,3,7,0,0,2016,34
LEI,1,1,0,4,8,12,5,2,4,0,16,13,4,3,3,8,0,0,2016,34
LIV,1,2,0,5,2,7,3,1,4,2,8,5,2,4,0,16,0,0,2016,34
MCI,1,0,1,2,1,3,1,1,1,1,3,6,0,0,2,12,1,0,2016,34
MUN,2,0,2,12,15,27,6,3,7,1,26,20,7,8,8,24,0,0,2016,34
MID,2,4,1,15,16,31,14,4,9,5,15,21,8,7,10,23,2,1,2016,34
SOU,1,4,0,12,5,17,7,3,4,1,9,8,5,8,3,9,1,0,2016,34
STK,1,2,0,8,2,10,6,2,4,0,16,8,7,0,1,4,2,0,2016,34
SUN,1,1,0,2,4,6,2,0,2,2,6,12,0,3,0,5,0,0,2016,34
SWA,1,0,1,6,3,9,3,2,3,3,11,12,1,2,3,16,0,0,2016,34
TOT,1,0,1,5,1,6,1,2,3,0,8,6,1,2,2,8,0,0,2016,34
WAT,1,2,0,3,5,8,3,2,4,2,4,8,1,0,1,7,0,0,2016,34
WHU,1,0,1,1,3,4,0,1,1,0,6,7,1,1,1,8,0,0,2016,34
ARS,1,2,0,14,6,20,11,4,6,5,11,16,8,2,4,11,1,1,2016,35
BOU,1,0,1,10,7,17,5,1,5,2,8,12,0,6,5,8,1,0,2016,35
BUR,1,0,1,11,4,15,5,4,9,0,21,20,2,4,6,18,0,0,2016,35
CHE,1,0,1,6,6,12,2,1,3,0,6,4,1,4,2,8,0,0,2016,35
CRY,1,2,0,6,3,9,3,2,1,2,7,11,3,2,3,0,1,1,2016,35
EVE,1,3,0,8,3,11,5,0,4,3,4,8,2,5,2,16,1,1,2016,35
HUL,1,0,1,5,6,11,2,0,1,1,10,10,1,1,2,10,2,0,2016,35
LEI,1,0,1,9,7,16,4,6,6,0,12,14,3,3,7,8,0,0,2016,35
LIV,1,0,1,2,7,9,2,0,2,1,6,8,1,3,1,9,0,0,2016,35
MCI,1,2,0,7,7,14,6,0,6,1,9,6,2,6,0,12,1,0,2016,35
MUN,1,1,0,8,4,12,4,1,4,0,3,8,5,3,2,11,0,0,2016,35
MID,1,2,0,14,8,22,4,5,8,4,22,17,6,5,7,14,0,0,2016,35
SOU,1,0,1,4,5,9,1,0,4,0,16,7,3,4,0,10,0,0,2016,35
STK,1,0,1,8,4,12,4,2,2,0,12,5,2,3,4,12,2,0,2016,35
SUN,1,1,0,11,4,15,6,3,2,2,8,8,8,1,5,9,0,0,2016,35
SWA,1,1,0,8,4,12,6,2,2,3,9,12,4,2,4,9,0,0,2016,35
TOT,1,0,1,9,3,12,4,0,4,0,10,5,1,5,3,9,1,0,2016,35
WAT,1,1,0,5,7,12,8,1,4,0,10,12,5,1,2,15,0,0,2016,35
WBA,1,1,0,4,2,6,1,0,2,1,9,13,1,3,0,6,1,1,2016,35
WHU,1,0,1,9,10,19,4,2,4,2,7,8,5,5,5,9,1,0,2016,35
ARS,2,0,2,13,11,24,7,6,5,3,24,28,6,3,8,18,1,0,2016,36
BOU,1,2,0,7,8,14,3,2,3,3,11,14,5,3,1,8,0,0,2016,36
BUR,1,2,0,7,4,11,3,3,3,1,14,12,3,1,2,9,1,0,2016,36
CHE,1,0,1,1,1,2,1,0,0,0,5,3,1,0,0,6,0,0,2016,36
CRY,1,5,0,22,4,26,12,4,7,2,11,10,10,6,3,21,6,4,2016,36
EVE,1,1,0,8,1,9,4,2,5,3,12,9,4,0,3,5,1,0,2016,36
HUL,1,2,0,8,4,12,5,3,5,4,10,5,4,3,2,10,2,0,2016,36
LEI,1,0,1,8,6,14,7,4,2,0,14,9,6,3,3,12,1,0,2016,36
LIV,1,0,1,3,1,4,0,1,2,0,12,6,2,0,0,3,0,0,2016,36
MCI,1,0,1,2,3,5,2,1,0,0,8,3,1,1,0,10,0,0,2016,36
MUN,1,2,0,5,4,9,4,2,3,1,8,11,3,3,2,12,0,0,2016,36
MID,1,3,0,13,8,21,7,2,6,2,13,2,5,6,6,14,1,1,2016,36
SOU,2,2,1,14,14,28,12,6,6,3,17,20,6,10,6,22,1,0,2016,36
STK,1,2,0,6,7,12,2,2,2,2,5,6,4,4,1,9,0,0,2016,36
SUN,1,0,1,8,8,16,5,2,3,1,11,21,4,3,5,4,0,0,2016,36
SWA,1,0,1,4,5,9,2,3,2,0,21,13,0,3,4,10,0,0,2016,36
TOT,1,1,0,6,7,13,5,1,2,3,6,8,4,3,4,6,2,0,2016,36
WAT,1,3,0,6,5,11,5,0,5,0,12,17,1,3,2,5,2,2,2016,36
WBA,1,2,0,10,4,14,4,3,4,1,10,13,5,3,2,3,1,1,2016,36
WHU,1,0,1,6,5,11,5,2,3,0,13,11,5,0,2,10,1,0,2016,36
ARS,2,1,1,9,7,16,6,3,5,2,14,18,5,4,3,20,0,0,2016,37
BOU,1,1,0,5,9,14,3,2,3,1,5,8,3,2,3,6,0,0,2016,37
BUR,1,2,0,11,7,18,6,1,3,2,6,3,4,2,9,11,0,0,2016,37
CHE,2,3,1,10,6,16,5,3,5,2,11,19,3,3,3,15,2,2,2016,37
CRY,1,0,1,6,3,9,0,1,2,1,10,15,2,3,2,9,0,0,2016,37
EVE,1,0,1,12,2,14,2,3,5,2,11,14,1,6,6,10,0,0,2016,37
HUL,1,4,0,9,3,12,4,2,4,4,7,7,4,3,2,2,2,2,2016,37
LEI,2,8,0,24,19,43,17,7,9,5,17,19,11,9,12,30,1,0,2016,37
LIV,1,0,1,7,3,10,3,2,7,2,7,8,2,2,2,12,0,0,2016,37
MCI,2,2,0,9,6,15,6,2,2,3,12,14,5,1,4,14,1,0,2016,37
MUN,2,2,1,20,11,31,12,5,12,5,22,20,10,4,9,23,0,0,2016,37
MID,1,2,0,10,4,14,4,4,6,1,15,6,3,3,1,5,0,0,2016,37
SOU,2,1,1,11,14,25,4,5,7,2,12,14,4,9,7,16,1,0,2016,37
STK,1,4,0,10,0,10,6,3,2,4,4,12,4,0,4,14,2,0,2016,37
SUN,2,4,0,26,13,39,16,10,15,6,21,22,11,11,10,11,1,1,2016,37
SWA,1,0,1,10,3,13,4,2,6,1,12,10,3,2,3,8,1,0,2016,37
TOT,2,2,0,10,10,20,7,3,6,3,15,17,2,6,6,17,0,0,2016,37
WAT,2,5,0,23,16,39,15,4,12,3,27,13,15,9,6,24,3,0,2016,37
WBA,2,4,0,23,22,45,15,1,9,4,17,20,10,16,10,22,2,0,2016,37
WHU,1,4,0,15,11,26,11,5,5,4,13,5,5,9,5,9,3,0,2016,37
ARS,1,1,0,15,7,22,7,4,2,1,15,18,5,7,4,5,0,0,2016,38
BOU,1,1,0,17,3,20,4,6,10,2,11,14,7,5,3,14,0,0,2016,38
BUR,1,2,0,6,8,14,4,1,1,2,10,11,1,3,2,10,0,0,2016,38
CHE,1,1,0,3,4,7,3,1,4,1,4,4,1,1,1,9,0,0,2016,38
CRY,1,2,0,6,3,9,2,1,1,1,1,7,1,3,4,12,0,0,2016,38
EVE,1,3,0,13,4,17,9,2,3,6,5,3,2,6,3,8,0,0,2016,38
HUL,1,7,0,12,7,19,14,2,5,6,15,5,7,7,4,15,1,1,2016,38
LEI,1,1,0,2,8,10,4,0,5,1,4,7,1,4,0,12,0,0,2016,38
LIV,1,0,1,6,3,9,3,3,3,2,7,3,1,3,1,6,1,0,2016,38
MCI,1,0,1,5,1,6,2,0,3,1,4,6,0,2,2,9,1,0,2016,38
MUN,1,0,1,2,4,6,1,1,4,0,9,14,0,0,2,10,0,0,2016,38
MID,1,3,0,12,13,25,10,0,3,2,4,13,5,11,3,8,0,0,2016,38
SOU,1,1,0,11,3,14,2,6,7,1,12,11,4,2,6,5,0,0,2016,38
STK,1,0,1,11,4,15,6,3,7,1,12,9,2,4,2,4,1,0,2016,38
SUN,1,5,0,19,9,28,8,2,9,3,19,8,7,11,5,12,2,2,2016,38
SWA,1,1,0,10,6,16,5,4,4,3,13,9,4,3,3,2,2,1,2016,38
TOT,1,1,0,6,4,10,4,1,1,2,6,5,4,2,2,4,2,1,2016,38
WAT,1,5,0,11,4,15,8,2,3,5,7,1,5,2,4,17,1,1,2016,38
WBA,1,2,0,9,3,12,2,4,5,3,20,20,4,3,4,9,0,0,2016,38
WHU,1,1,0,4,5,9,1,2,4,3,10,5,3,2,1,6,0,0,2016,38
