Team,Games Played,Goals Conceded,Clean Sheets,Shots ConcededIn,Shots ConcededOut,Shots ConcededTotal,Shots ConcededOn Target,Shots ConcededHead,Shots ConcededSP,Shots ConcededBC,Crosses ConcededLeft Flank,Crosses ConcededRight Flank,Chances ConcededLeft Flank,Chances ConcededCentre,Chances ConcededRight Flank,Defensive SlipsLost,Defensive SlipsErr,Defensive SlipsErr Goal,Season,GW ID
ARS,1,1,0,1,3,4,2,1,1,0,4,5,1,2,0,7,1,0,2014,1
AVL,1,0,1,5,7,12,2,1,4,0,7,11,2,1,7,9,0,0,2014,1
BUR,1,3,0,7,4,11,3,1,3,3,11,4,1,5,3,12,0,0,2014,1
CHE,1,1,0,5,4,9,2,1,0,0,3,12,1,1,5,3,1,0,2014,1
CRY,1,2,0,6,8,14,6,3,5,3,22,11,3,4,4,12,0,0,2014,1
EVE,1,2,0,7,4,11,3,2,3,3,5,11,2,2,2,6,2,1,2014,1
HUL,1,0,1,12,7,19,5,4,8,2,15,19,5,3,6,8,0,0,2014,1
LEI,1,2,0,8,5,13,3,1,3,0,2,15,0,0,6,9,1,0,2014,1
LIV,1,1,0,8,4,12,6,1,1,3,12,25,1,6,2,10,1,0,2014,1
MCI,1,0,1,9,3,12,0,2,5,1,14,7,3,2,4,14,0,0,2014,1
MUN,1,2,0,1,4,5,4,0,0,0,2,7,1,3,1,4,0,0,2014,1
NEW,1,2,0,9,4,13,5,1,1,3,5,5,2,3,6,6,1,0,2014,1
QPR,1,1,0,8,3,11,4,3,4,1,13,7,3,3,3,4,0,0,2014,1
SOU,1,2,0,4,8,12,5,0,2,2,8,8,2,6,2,15,0,0,2014,1
STK,1,1,0,6,1,7,1,1,3,1,11,12,1,2,2,4,1,0,2014,1
SUN,1,2,0,4,6,10,5,0,0,2,14,16,1,5,2,5,0,0,2014,1
SWA,1,1,0,8,6,14,5,4,5,1,16,12,6,3,2,13,0,0,2014,1
TOT,1,0,1,12,6,18,4,4,5,2,17,11,4,7,2,5,0,0,2014,1
WBA,1,2,0,4,3,7,2,1,4,2,8,9,0,0,4,8,0,0,2014,1
WHU,1,1,0,2,8,10,4,0,3,1,8,5,3,5,0,9,0,0,2014,1
ARS,1,2,0,6,2,8,2,1,2,3,2,6,2,3,1,7,1,0,2014,2
AVL,1,0,1,7,4,11,4,1,3,0,9,12,2,6,1,6,0,0,2014,2
BUR,1,1,0,6,4,10,4,1,3,1,13,4,4,1,1,6,2,1,2014,2
CHE,1,0,1,0,6,6,4,0,0,1,12,11,0,2,4,6,1,0,2014,2
CRY,1,3,0,10,7,17,8,4,7,2,12,8,6,5,3,6,2,1,2014,2
EVE,1,2,0,6,7,13,3,2,2,2,13,10,3,2,5,7,1,0,2014,2
HUL,1,1,0,12,7,19,3,4,6,2,15,11,7,3,0,7,0,0,2014,2
LEI,1,2,0,12,15,27,10,4,6,2,11,11,6,5,10,22,0,0,2014,2
LIV,1,3,0,6,4,9,4,1,2,3,8,4,4,2,1,4,1,1,2014,2
MCI,1,1,0,7,4,11,3,3,1,1,15,10,3,4,2,9,1,0,2014,2
MUN,1,1,0,6,5,11,3,1,5,0,10,4,5,3,2,12,2,0,2014,2
NEW,1,0,1,4,6,10,0,3,2,0,10,14,5,0,1,8,1,0,2014,2
QPR,1,4,0,11,7,18,5,3,5,3,8,13,5,3,6,15,3,0,2014,2
SOU,1,0,1,4,4,8,2,1,3,1,11,12,2,0,3,5,0,0,2014,2
STK,1,1,0,3,6,9,2,0,1,1,10,8,4,1,0,7,0,0,2014,2
SUN,1,1,0,3,7,10,3,1,2,1,10,9,3,2,0,13,1,0,2014,2
SWA,1,0,1,7,5,12,1,1,3,1,14,11,2,3,2,3,2,0,2014,2
TOT,1,0,1,7,2,9,1,3,3,2,9,10,3,3,0,3,1,0,2014,2
WBA,1,0,1,6,3,9,2,3,2,0,6,16,1,2,5,3,1,0,2014,2
WHU,1,1,0,5,4,9,4,1,3,1,8,14,0,4,4,7,0,0,2014,2
ARS,1,1,0,7,2,9,3,2,0,1,12,8,1,5,3,13,0,0,2014,3
AVL,1,1,0,4,5,9,3,2,3,0,13,20,0,3,4,3,0,0,2014,3
BUR,1,0,1,6,1,7,1,2,2,0,21,10,2,2,2,12,0,0,2014,3
CHE,1,3,0,8,9,16,6,4,3,3,16,16,5,3,6,13,1,0,2014,3
CRY,1,3,0,11,7,18,4,3,5,1,17,22,2,4,5,11,0,0,2014,3
EVE,1,6,0,9,3,12,8,1,2,4,6,3,2,4,5,9,3,2,2014,3
HUL,1,2,0,7,4,11,4,1,3,0,3,7,2,3,2,5,1,0,2014,3
LEI,1,1,0,13,11,24,6,3,5,4,6,17,3,9,7,12,1,0,2014,3
LIV,1,0,1,5,2,7,1,2,2,1,13,10,3,2,1,10,0,0,2014,3
MCI,1,1,0,2,5,7,2,1,0,0,12,6,3,1,3,13,1,1,2014,3
MUN,1,0,1,4,5,9,3,1,4,0,6,4,2,1,2,4,1,0,2014,3
NEW,1,3,0,8,4,12,7,0,1,3,8,6,1,3,5,12,0,0,2014,3
QPR,1,0,1,7,9,16,6,2,3,1,9,11,1,3,8,9,0,0,2014,3
SOU,1,1,0,2,2,4,2,0,3,1,6,5,1,0,1,2,0,0,2014,3
STK,1,0,1,12,4,16,2,2,3,0,17,12,6,6,2,11,0,0,2014,3
SUN,1,1,0,7,11,18,4,2,3,1,11,10,4,5,7,10,1,0,2014,3
SWA,1,0,1,6,10,16,2,2,7,1,10,12,3,5,3,3,1,0,2014,3
TOT,1,3,0,11,6,17,8,3,4,3,5,4,4,4,3,8,2,1,2014,3
WBA,1,3,0,8,7,15,7,1,3,3,11,1,1,7,2,8,2,2,2014,3
WHU,1,3,0,11,7,18,7,2,6,1,13,19,4,3,7,1,0,0,2014,3
ARS,1,2,0,10,5,15,8,2,2,4,9,7,3,4,6,13,0,0,2014,4
AVL,1,0,1,10,8,18,1,5,4,0,15,17,3,4,7,2,0,0,2014,4
BUR,1,0,1,11,5,16,3,4,7,0,17,6,5,4,4,10,1,0,2014,4
CHE,1,2,0,6,6,12,2,0,1,2,9,6,1,3,6,12,0,0,2014,4
CRY,1,0,1,5,6,11,3,0,2,1,15,7,2,4,2,6,0,0,2014,4
EVE,1,0,1,7,6,13,3,0,2,0,16,18,2,2,4,4,0,0,2014,4
HUL,1,2,0,7,10,17,4,4,5,0,24,7,6,4,6,16,0,0,2014,4
LEI,1,0,1,15,12,27,6,5,11,1,26,25,6,7,7,11,0,0,2014,4
LIV,1,1,0,5,0,5,1,2,5,1,11,8,2,1,0,1,0,0,2014,4
MCI,1,2,0,8,7,15,6,0,2,5,7,8,1,7,2,23,1,0,2014,4
MUN,1,0,1,2,7,9,1,1,1,1,4,3,3,4,1,7,2,0,2014,4
NEW,1,4,0,6,4,10,7,2,1,3,7,14,2,4,2,3,3,2,2014,4
QPR,1,4,0,10,8,18,9,2,2,4,6,13,4,6,6,6,0,0,2014,4
SOU,1,0,1,5,4,9,4,1,3,3,7,13,1,4,1,8,0,0,2014,4
STK,1,1,0,3,5,8,1,1,2,1,9,6,2,2,4,9,0,0,2014,4
SUN,1,2,0,9,8,16,6,1,4,3,4,11,2,6,5,17,1,1,2014,4
SWA,1,4,0,17,14,30,9,3,6,3,15,6,7,9,10,20,0,0,2014,4
TOT,1,2,0,3,4,7,1,0,0,0,8,15,2,2,3,11,0,0,2014,4
WBA,1,2,0,2,10,12,5,0,0,1,3,2,3,1,6,11,2,2,2014,4
WHU,1,2,0,4,7,11,6,2,1,0,7,15,3,1,3,8,1,1,2014,4
ARS,1,0,1,5,2,6,2,4,4,1,10,10,2,1,2,6,2,0,2014,5
AVL,1,3,0,5,4,9,3,0,2,2,10,8,3,2,3,8,0,0,2014,5
BUR,1,0,1,5,9,14,6,3,3,0,9,4,3,6,2,11,0,0,2014,5
CHE,1,1,0,8,8,16,4,3,3,1,18,16,4,1,5,12,1,0,2014,5
CRY,1,2,0,11,6,17,5,0,4,3,8,7,4,3,4,10,0,0,2014,5
EVE,1,3,0,6,4,10,3,1,1,2,2,9,3,2,3,9,3,2,2014,5
HUL,1,2,0,13,12,25,7,3,3,1,13,15,6,7,7,9,0,0,2014,5
LEI,1,3,0,7,9,16,5,2,5,3,10,12,1,6,4,9,0,0,2014,5
LIV,1,3,0,6,7,13,7,3,4,1,12,6,1,8,1,4,2,1,2014,5
MCI,1,1,0,4,2,6,2,2,4,1,10,2,2,1,1,16,0,0,2014,5
MUN,1,5,0,11,4,15,5,3,1,3,14,5,8,3,1,6,2,1,2014,5
NEW,1,2,0,4,6,10,3,1,4,1,4,9,3,1,4,3,2,1,2014,5
QPR,1,2,0,6,2,8,4,1,2,2,5,6,2,3,2,6,2,1,2014,5
SOU,1,0,1,4,1,5,1,0,1,1,5,8,0,1,2,7,0,0,2014,5
STK,1,2,0,6,15,21,5,2,9,1,19,9,3,7,8,15,0,0,2014,5
SUN,1,0,1,7,9,16,6,1,3,0,14,7,4,4,7,7,0,0,2014,5
SWA,1,1,0,8,3,11,4,3,1,0,14,20,4,3,3,2,0,0,2014,5
TOT,1,1,0,5,5,10,4,3,6,2,8,8,2,1,4,8,0,0,2014,5
WBA,1,0,1,7,0,7,1,4,4,0,23,18,5,0,2,15,0,0,2014,5
WHU,1,1,0,6,5,11,5,0,0,0,10,10,1,3,4,4,0,0,2014,5
ARS,1,1,0,4,2,6,4,1,2,1,8,5,1,3,1,7,1,1,2014,6
AVL,1,3,0,10,7,17,7,4,1,4,17,8,6,2,7,5,0,0,2014,6
BUR,1,4,0,9,11,20,6,3,4,1,14,15,7,4,3,14,0,0,2014,6
CHE,1,0,1,2,5,7,1,1,2,0,9,4,3,2,0,10,0,0,2014,6
CRY,1,0,1,4,3,7,1,0,1,0,11,6,0,1,2,10,2,0,2014,6
EVE,1,1,0,11,13,24,8,3,8,1,8,16,2,3,11,11,1,0,2014,6
HUL,1,4,0,13,8,20,6,4,2,2,12,7,8,7,4,15,0,0,2014,6
LEI,1,2,0,9,7,16,6,6,5,2,8,13,3,4,8,9,0,0,2014,6
LIV,1,1,0,3,8,11,5,1,1,1,5,7,3,2,4,10,0,0,2014,6
MCI,1,2,0,6,4,10,5,2,0,1,10,17,1,3,2,10,0,0,2014,6
MUN,1,1,0,12,1,13,4,7,6,1,20,19,3,1,5,5,1,0,2014,6
NEW,1,1,0,7,5,12,3,1,3,2,6,8,2,1,4,6,1,0,2014,6
QPR,1,2,0,12,7,19,9,1,4,3,17,13,2,5,6,8,0,0,2014,6
SOU,1,1,0,5,5,10,2,3,4,0,8,4,4,2,1,9,0,0,2014,6
STK,1,0,1,7,9,16,1,2,7,1,16,13,5,2,6,10,0,0,2014,6
SUN,1,0,1,0,7,7,1,0,1,0,6,8,2,4,1,9,0,0,2014,6
SWA,1,0,1,6,9,15,3,3,5,2,11,15,5,4,2,10,0,0,2014,6
TOT,1,1,0,8,8,16,6,1,3,1,17,28,4,4,2,16,0,0,2014,6
WBA,1,0,1,3,7,10,2,1,2,0,13,8,2,5,0,3,0,0,2014,6
WHU,1,2,0,5,3,8,3,0,0,0,10,9,3,1,4,8,0,0,2014,6
ARS,1,2,0,3,2,5,3,0,0,3,5,8,2,0,1,13,0,0,2014,7
AVL,1,2,0,18,9,27,7,5,7,2,9,18,6,6,8,7,0,0,2014,7
BUR,1,2,0,9,6,15,6,3,6,2,24,9,5,3,2,16,0,0,2014,7
CHE,1,0,1,2,8,10,0,0,1,0,5,9,2,5,2,27,0,0,2014,7
CRY,1,2,0,9,6,15,2,3,3,1,8,13,3,4,6,2,0,0,2014,7
EVE,1,2,0,7,8,15,4,2,4,3,15,16,1,6,6,12,0,0,2014,7
HUL,1,0,1,4,7,11,1,3,4,1,8,11,4,0,4,12,0,0,2014,7
LEI,1,2,0,4,6,10,4,2,2,1,16,13,4,3,1,8,0,0,2014,7
LIV,1,1,0,3,5,8,4,2,2,2,12,8,0,2,4,4,1,0,2014,7
MCI,1,0,1,2,4,6,1,1,0,1,3,2,1,3,1,15,1,0,2014,7
MUN,1,1,0,9,1,10,5,4,6,4,7,15,2,2,3,6,0,0,2014,7
NEW,1,2,0,9,2,11,5,1,3,3,10,3,3,5,1,8,1,1,2014,7
QPR,1,2,0,8,3,11,3,3,6,1,19,11,2,3,2,5,0,0,2014,7
SOU,1,1,0,5,4,9,3,1,3,1,10,17,2,3,3,9,0,0,2014,7
STK,1,3,0,3,5,8,3,2,4,2,10,10,2,3,1,11,0,0,2014,7
SUN,1,1,0,5,6,11,5,0,3,0,10,8,4,2,2,10,1,0,2014,7
SWA,1,2,0,7,2,9,4,1,1,1,12,8,3,0,2,9,1,0,2014,7
TOT,1,0,1,4,3,7,3,0,2,2,14,6,2,0,2,1,2,0,2014,7
WBA,1,2,0,10,9,19,7,0,1,1,9,10,5,7,3,10,0,0,2014,7
WHU,1,0,1,3,8,10,3,1,2,1,6,10,1,2,5,7,0,0,2014,7
ARS,1,2,0,3,1,4,4,2,1,1,2,0,2,0,1,5,1,1,2014,8
AVL,1,3,0,8,7,15,6,1,5,2,4,4,4,3,5,4,2,1,2014,8
BUR,1,3,0,16,6,22,5,8,6,3,18,9,7,5,6,8,0,0,2014,8
CHE,1,1,0,4,3,7,4,0,1,2,3,12,1,3,2,9,1,0,2014,8
CRY,1,2,0,7,7,14,4,2,4,1,3,3,2,5,5,15,0,0,2014,8
EVE,1,0,1,5,5,10,2,1,2,0,14,13,2,3,3,4,0,0,2014,8
HUL,1,2,0,16,9,25,9,3,3,2,15,13,5,9,4,19,0,0,2014,8
LEI,1,1,0,8,11,19,6,3,8,3,14,10,6,4,4,11,2,0,2014,8
LIV,1,2,0,11,6,15,5,4,5,5,16,8,4,5,1,9,3,1,2014,8
MCI,1,1,0,7,12,19,7,0,4,4,6,7,2,6,4,20,1,1,2014,8
MUN,1,2,0,3,5,8,2,1,1,1,4,3,3,2,2,4,0,0,2014,8
NEW,1,0,1,5,2,7,2,0,2,1,17,5,2,2,0,5,0,0,2014,8
QPR,1,3,0,10,6,15,4,0,2,2,4,4,2,5,5,13,1,0,2014,8
SOU,1,0,1,9,7,13,1,3,8,1,12,9,3,4,2,4,0,0,2014,8
STK,1,1,0,6,7,13,4,1,5,4,9,6,1,4,2,11,0,0,2014,8
SUN,1,8,0,14,7,21,9,1,3,5,12,13,6,7,6,6,2,2,2014,8
SWA,1,2,0,9,8,17,3,3,3,2,5,14,1,6,6,13,0,0,2014,8
TOT,1,4,0,17,3,20,12,1,4,5,12,3,7,4,3,15,0,0,2014,8
WBA,1,2,0,11,11,22,7,2,6,0,17,24,3,4,7,7,1,0,2014,8
WHU,1,1,0,13,4,17,3,5,2,2,23,12,8,0,3,10,1,1,2014,8
ARS,1,0,1,8,3,11,3,6,2,0,4,13,2,4,4,14,1,0,2014,9
AVL,1,2,0,3,8,11,4,0,2,1,5,5,5,3,1,4,1,1,2014,9
BUR,1,3,0,8,7,15,6,2,1,2,3,6,2,4,5,15,1,0,2014,9
CHE,1,1,0,13,6,19,7,4,6,2,11,19,5,4,6,5,0,0,2014,9
CRY,1,2,0,8,9,17,4,1,5,1,14,17,3,5,5,1,1,0,2014,9
EVE,1,1,0,8,6,14,3,1,3,2,15,14,0,6,1,9,2,1,2014,9
HUL,1,0,1,6,11,17,3,3,8,1,25,9,4,4,1,20,0,0,2014,9
LEI,1,2,0,3,4,7,3,1,1,2,7,6,3,2,1,5,1,0,2014,9
LIV,1,0,1,2,4,6,3,1,0,0,6,2,3,1,0,8,0,0,2014,9
MCI,1,2,0,9,3,12,4,2,3,3,7,12,2,3,2,8,1,0,2014,9
MUN,1,1,0,7,2,9,4,2,3,2,5,11,3,2,4,15,2,0,2014,9
NEW,1,1,0,8,10,18,2,2,4,4,12,20,2,6,3,9,1,0,2014,9
QPR,1,0,1,10,5,15,6,3,2,1,19,12,3,4,1,7,0,0,2014,9
SOU,1,0,1,4,4,8,1,1,0,1,9,5,4,1,2,9,0,0,2014,9
STK,1,1,0,13,7,20,2,2,7,0,10,8,4,5,7,6,0,0,2014,9
SUN,1,2,0,7,8,15,5,1,1,2,11,8,1,7,3,12,2,2,2014,9
SWA,1,0,1,4,5,9,4,2,2,1,10,8,3,1,2,9,1,0,2014,9
TOT,1,2,0,4,4,8,2,1,2,2,2,9,0,3,2,6,1,1,2014,9
WBA,1,2,0,5,3,8,6,2,3,2,3,10,1,3,2,7,0,0,2014,9
WHU,1,1,0,11,10,21,5,1,6,3,12,11,5,4,5,14,0,0,2014,9
ARS,1,0,1,3,3,6,2,0,1,1,6,1,2,0,2,5,1,0,2014,10
AVL,1,2,0,11,7,18,7,3,7,4,15,8,3,5,5,16,1,0,2014,10
BUR,1,3,0,18,14,32,11,3,13,4,34,15,9,6,8,21,0,0,2014,10
CHE,1,1,0,3,4,7,1,1,1,0,5,5,0,3,1,10,1,0,2014,10
CRY,1,3,0,6,3,8,7,2,4,1,4,6,3,2,2,2,1,1,2014,10
EVE,1,0,1,4,4,8,1,0,0,1,7,3,1,4,1,12,0,0,2014,10
HUL,1,1,0,7,3,10,3,1,1,3,7,3,3,5,1,4,1,1,2014,10
LEI,1,1,0,3,5,8,3,1,1,0,3,7,4,1,2,5,0,0,2014,10
LIV,1,1,0,7,7,14,2,0,6,2,10,12,2,4,1,5,4,1,2014,10
MCI,1,0,1,7,2,9,2,2,4,1,7,6,2,4,2,15,0,0,2014,10
MUN,1,1,0,12,5,17,6,2,4,4,16,6,4,6,5,11,0,0,2014,10
NEW,1,0,1,2,4,6,3,1,2,0,9,4,2,2,1,7,0,0,2014,10
QPR,1,2,0,9,9,18,8,1,3,2,17,10,4,6,3,10,1,0,2014,10
SOU,1,0,1,3,5,8,1,2,2,0,12,12,1,3,4,10,0,0,2014,10
STK,1,2,0,7,3,10,2,2,1,0,6,3,3,2,2,2,0,0,2014,10
SUN,1,1,0,6,3,9,1,1,3,1,19,15,2,2,4,13,0,0,2014,10
SWA,1,0,1,6,11,17,3,2,6,1,25,7,4,3,4,17,0,0,2014,10
TOT,1,1,0,9,3,12,1,3,3,1,7,13,3,2,5,2,0,0,2014,10
WBA,1,0,1,11,4,14,5,6,6,3,19,12,6,1,4,12,1,0,2014,10
WHU,1,2,0,12,9,21,6,2,5,5,22,15,6,2,5,24,1,1,2014,10
ARS,1,2,0,5,6,11,5,1,3,0,9,11,1,3,3,11,1,0,2014,11
AVL,1,0,1,16,5,21,5,9,6,1,25,24,6,4,7,5,0,0,2014,11
BUR,1,0,1,7,5,12,1,4,4,0,10,7,4,1,3,9,1,0,2014,11
CHE,1,1,0,5,7,12,4,1,3,0,13,14,1,5,4,13,0,0,2014,11
CRY,1,1,0,8,15,23,4,2,5,0,12,14,6,7,2,12,1,1,2014,11
EVE,1,1,0,4,6,10,2,3,5,0,4,22,2,1,3,8,1,0,2014,11
HUL,1,1,0,7,7,14,3,1,6,2,14,8,4,4,1,8,1,0,2014,11
LEI,1,2,0,12,6,18,6,2,7,1,21,21,6,3,3,9,0,0,2014,11
LIV,1,2,0,12,3,15,5,1,2,3,8,9,3,7,2,13,4,0,2014,11
MCI,1,2,0,11,6,17,4,3,7,2,15,9,6,3,2,12,1,0,2014,11
MUN,1,0,1,3,3,6,1,1,1,1,7,7,1,3,1,3,1,0,2014,11
NEW,1,0,1,5,5,10,2,1,2,1,12,6,2,5,0,11,1,0,2014,11
QPR,1,2,0,17,8,24,5,6,7,1,14,8,10,4,5,12,2,0,2014,11
SOU,1,0,1,3,2,5,0,1,2,1,8,8,2,1,1,8,0,0,2014,11
STK,1,1,0,6,8,14,4,4,7,1,11,10,2,4,4,10,0,0,2014,11
SUN,1,1,0,7,9,16,7,2,0,1,12,5,5,3,6,17,0,0,2014,11
SWA,1,1,0,7,5,12,4,1,2,3,16,14,4,5,1,14,1,0,2014,11
TOT,1,2,0,9,2,11,4,0,3,1,9,6,2,3,3,9,2,0,2014,11
WBA,1,2,0,5,3,8,3,2,4,1,10,7,4,0,1,13,1,0,2014,11
WHU,1,0,1,5,7,12,4,1,2,0,7,8,3,1,3,6,1,0,2014,11
ARS,1,2,0,9,3,12,2,3,5,2,6,6,5,0,4,10,1,1,2014,12
AVL,1,1,0,11,5,16,4,3,7,0,25,19,5,3,4,4,0,0,2014,12
BUR,1,1,0,13,12,25,3,6,9,3,29,29,6,2,8,14,2,0,2014,12
CHE,1,0,1,0,5,5,1,0,1,0,4,1,1,0,3,6,0,0,2014,12
CRY,1,1,0,7,5,12,1,2,5,1,6,9,2,4,3,5,1,0,2014,12
EVE,1,1,0,10,4,14,3,4,5,1,27,18,6,3,3,15,1,0,2014,12
HUL,1,2,0,8,15,23,6,1,8,3,18,17,3,9,7,12,0,0,2014,12
LEI,1,0,1,6,5,11,5,1,5,1,9,16,1,2,6,7,0,0,2014,12
LIV,1,3,0,6,9,15,5,0,2,2,12,12,2,5,4,7,2,1,2014,12
MCI,1,1,0,4,4,8,3,0,2,2,4,7,0,4,1,12,0,0,2014,12
MUN,1,1,0,13,11,23,9,4,6,2,21,12,7,9,5,11,1,0,2014,12
NEW,1,0,1,7,6,13,4,4,3,0,7,14,4,1,6,4,1,0,2014,12
QPR,1,1,0,9,5,14,6,1,5,2,24,15,5,2,3,13,0,0,2014,12
SOU,1,1,0,3,4,7,1,0,3,2,8,15,1,0,4,1,1,1,2014,12
STK,1,2,0,3,2,5,4,0,0,2,1,4,2,1,1,8,1,1,2014,12
SUN,1,0,1,7,6,13,4,3,3,0,11,9,5,6,0,8,0,0,2014,12
SWA,1,2,0,17,6,23,10,1,0,2,14,5,8,7,3,16,0,0,2014,12
TOT,1,1,0,9,1,10,2,2,2,1,8,9,5,0,2,5,1,0,2014,12
WBA,1,2,0,12,9,21,8,1,8,7,18,13,3,4,9,9,0,0,2014,12
WHU,1,2,0,7,7,14,4,0,1,3,3,2,4,6,1,6,0,0,2014,12
ARS,1,0,1,4,4,8,1,3,2,1,8,11,2,3,2,3,0,0,2014,13
AVL,1,1,0,8,3,11,4,2,0,4,17,5,5,0,2,8,0,0,2014,13
BUR,1,1,0,10,8,18,7,3,5,0,13,13,4,8,3,5,0,0,2014,13
CHE,1,0,1,4,8,12,3,0,1,2,4,11,0,3,4,15,0,0,2014,13
CRY,1,1,0,8,10,18,4,2,3,2,22,5,5,8,2,12,2,1,2014,13
EVE,1,2,0,3,10,13,6,1,1,2,14,2,3,4,2,12,2,2,2014,13
HUL,1,3,0,9,6,15,5,4,5,2,19,7,3,5,3,8,0,0,2014,13
LEI,1,3,0,21,12,33,5,10,13,4,16,14,8,3,9,12,0,0,2014,13
LIV,1,0,1,6,7,13,3,2,3,1,8,9,3,2,5,6,0,0,2014,13
MCI,1,0,1,4,9,13,4,1,3,1,12,20,2,4,2,8,0,0,2014,13
MUN,1,0,1,4,0,4,2,2,2,0,5,1,1,1,1,7,0,0,2014,13
NEW,1,1,0,5,7,12,3,1,2,2,15,11,3,4,2,1,0,0,2014,13
QPR,1,2,0,13,7,19,4,4,2,3,11,13,7,4,3,7,1,0,2014,13
SOU,1,3,0,7,8,15,5,2,3,3,10,4,2,7,4,10,0,0,2014,13
STK,1,1,0,9,7,16,3,2,4,1,12,10,3,4,1,9,2,0,2014,13
SUN,1,0,1,6,18,24,6,2,2,0,10,8,6,4,12,10,0,0,2014,13
SWA,1,1,0,4,7,11,5,1,1,2,4,11,0,3,5,10,1,0,2014,13
TOT,1,1,0,3,7,10,5,1,1,2,15,7,4,2,2,16,1,0,2014,13
WBA,1,1,0,8,9,17,5,2,2,2,5,11,2,9,3,13,3,0,2014,13
WHU,1,0,1,3,4,7,1,0,1,0,4,12,3,0,2,5,0,0,2014,13
ARS,1,0,1,3,3,6,1,0,1,1,8,11,3,2,1,1,1,0,2014,14
AVL,1,0,1,9,8,17,5,2,4,0,20,15,4,2,6,11,0,0,2014,14
BUR,1,1,0,7,4,11,4,1,2,1,12,12,2,2,5,9,1,0,2014,14
CHE,1,0,1,4,6,10,2,3,3,0,14,7,4,2,3,12,1,0,2014,14
CRY,1,1,0,1,4,5,3,0,2,0,3,6,0,2,1,6,1,1,2014,14
EVE,1,1,0,6,2,8,1,4,1,0,16,9,3,2,1,5,1,0,2014,14
HUL,1,1,0,7,6,13,5,1,5,1,12,10,2,3,4,10,1,0,2014,14
LEI,1,3,0,6,6,11,3,1,4,2,10,6,2,3,0,10,2,2,2014,14
LIV,1,1,0,7,13,20,3,1,7,2,11,15,3,3,4,10,2,0,2014,14
MCI,1,1,0,5,3,8,2,2,3,0,5,5,2,0,2,12,0,0,2014,14
MUN,1,1,0,3,2,5,3,1,2,3,4,9,0,1,0,9,0,0,2014,14
NEW,1,1,0,9,3,12,2,3,4,0,11,5,1,4,4,2,0,0,2014,14
QPR,1,2,0,12,7,19,7,2,4,1,19,15,8,5,3,18,1,0,2014,14
SOU,1,1,0,14,5,19,8,3,3,4,18,12,2,9,4,14,1,0,2014,14
STK,1,2,0,8,2,10,3,1,3,4,12,12,3,3,2,12,1,0,2014,14
SUN,1,4,0,9,6,15,4,1,0,1,6,4,6,4,5,13,0,0,2014,14
SWA,1,0,1,2,3,5,1,1,2,1,4,5,1,1,1,5,0,0,2014,14
TOT,1,3,0,9,3,12,8,0,2,2,6,6,0,5,6,13,1,1,2014,14
WBA,1,2,0,6,6,12,6,2,5,1,8,6,2,2,3,4,1,0,2014,14
WHU,1,1,0,14,8,22,5,3,7,1,11,13,2,7,7,12,0,0,2014,14
ARS,1,3,0,8,5,13,4,3,4,4,13,10,4,2,3,14,1,0,2014,15
AVL,1,1,0,5,5,10,4,0,0,1,12,11,2,4,1,5,1,1,2014,15
BUR,1,2,0,6,5,11,5,0,2,3,9,9,3,2,3,7,0,0,2014,15
CHE,1,2,0,5,5,10,3,2,2,2,4,10,0,6,1,11,2,1,2014,15
CRY,1,0,1,9,5,14,2,2,1,1,6,7,4,6,3,6,0,0,2014,15
EVE,1,1,0,13,6,19,3,2,4,3,15,16,5,5,5,8,1,0,2014,15
HUL,1,0,1,3,3,6,3,0,3,1,4,3,2,1,0,6,0,0,2014,15
LEI,1,2,0,14,2,16,7,5,3,3,6,12,6,6,4,13,0,0,2014,15
LIV,1,0,1,3,4,7,1,1,4,0,6,9,0,2,2,6,0,0,2014,15
MCI,1,0,1,4,5,9,2,0,2,0,9,10,0,3,2,15,0,0,2014,15
MUN,1,1,0,12,3,15,4,4,3,3,7,10,1,2,9,5,2,0,2014,15
NEW,1,1,0,17,9,26,8,8,5,2,18,13,7,9,9,10,1,1,2014,15
QPR,1,0,1,9,6,15,3,3,7,1,14,12,5,3,2,8,0,0,2014,15
SOU,1,2,0,2,1,3,2,0,1,2,2,8,0,1,1,10,1,1,2014,15
STK,1,2,0,11,3,14,6,5,4,3,12,15,6,3,2,19,1,0,2014,15
SUN,1,0,1,6,9,15,2,1,1,0,9,19,4,7,2,17,0,0,2014,15
SWA,1,3,0,12,3,15,7,4,7,4,19,16,6,5,2,12,2,0,2014,15
TOT,1,0,1,12,4,16,4,1,6,1,9,16,3,3,4,10,0,0,2014,15
WBA,1,0,1,6,6,12,2,4,3,1,16,9,4,3,3,2,0,0,2014,15
WHU,1,1,0,7,4,11,2,0,3,1,9,3,1,6,2,9,1,0,2014,15
ARS,1,1,0,4,6,10,4,2,6,1,6,21,1,1,3,7,0,0,2014,16
AVL,1,1,0,7,6,13,5,1,2,3,13,19,3,0,6,9,1,1,2014,16
BUR,1,0,1,7,8,15,4,2,5,2,18,14,5,3,4,6,0,0,2014,16
CHE,1,0,1,3,5,8,0,1,4,0,4,13,1,2,1,10,1,0,2014,16
CRY,1,1,0,5,2,7,3,0,2,1,6,10,3,0,0,7,0,0,2014,16
EVE,1,1,0,5,13,17,4,2,6,1,9,11,4,3,4,12,0,0,2014,16
HUL,1,2,0,6,6,12,3,2,4,1,8,8,4,1,5,12,0,0,2014,16
LEI,1,1,0,6,3,9,4,0,2,1,1,5,2,3,3,10,0,0,2014,16
LIV,1,3,0,7,4,11,6,2,2,3,7,8,3,3,2,10,1,1,2014,16
MCI,1,0,1,2,5,7,1,1,4,0,13,12,0,1,1,12,0,0,2014,16
MUN,1,0,1,10,9,19,8,2,6,3,6,9,4,5,7,17,2,0,2014,16
NEW,1,4,0,11,6,17,4,3,4,3,13,8,4,5,4,15,1,0,2014,16
QPR,1,3,0,5,8,13,5,1,2,1,5,2,4,4,2,14,1,1,2014,16
SOU,1,1,0,2,5,7,2,1,2,1,11,4,2,2,1,10,0,0,2014,16
STK,1,1,0,5,6,11,3,1,3,0,7,16,1,2,5,6,0,0,2014,16
SUN,1,1,0,12,8,20,7,6,5,0,16,14,5,5,5,12,1,0,2014,16
SWA,1,2,0,5,5,10,4,3,3,1,15,3,4,3,2,8,2,1,2014,16
TOT,1,1,0,11,4,15,3,3,3,2,20,11,5,1,5,11,0,0,2014,16
WBA,1,0,1,3,4,7,2,0,2,0,6,7,0,2,2,5,0,0,2014,16
WHU,1,1,0,6,7,13,4,1,3,1,24,9,3,2,2,6,0,0,2014,16
ARS,1,2,0,15,12,27,10,6,6,1,13,7,7,8,8,11,1,1,2014,17
AVL,1,1,0,9,7,16,9,1,1,1,18,15,5,6,4,6,0,0,2014,17
BUR,1,2,0,11,12,23,6,4,7,2,11,8,7,5,8,13,0,0,2014,17
CHE,1,0,1,4,9,13,2,2,2,0,20,12,3,8,1,13,0,0,2014,17
CRY,1,3,0,10,5,15,3,2,3,1,15,11,2,5,6,8,0,0,2014,17
EVE,1,3,0,7,4,11,3,3,2,4,8,13,3,4,2,2,0,0,2014,17
HUL,1,1,0,7,6,13,3,2,3,1,8,4,3,4,4,7,0,0,2014,17
LEI,1,2,0,9,1,10,2,1,6,2,9,13,1,4,2,8,1,1,2014,17
LIV,1,2,0,4,3,7,3,2,2,1,2,11,1,2,3,12,0,0,2014,17
MCI,1,0,1,4,2,6,1,1,5,1,9,9,1,3,0,14,0,0,2014,17
MUN,1,1,0,6,4,10,4,1,5,0,2,5,3,3,1,6,0,0,2014,17
NEW,1,1,0,9,7,16,3,3,3,3,8,7,6,6,3,8,0,0,2014,17
QPR,1,2,0,11,5,16,6,1,2,1,16,13,3,5,5,2,0,0,2014,17
SOU,1,0,1,7,7,13,4,3,3,0,14,8,4,1,3,16,0,0,2014,17
STK,1,2,0,6,9,15,6,1,2,2,8,6,3,7,3,13,0,0,2014,17
SUN,1,0,1,8,7,15,7,3,3,2,10,17,4,4,5,14,0,0,2014,17
SWA,1,0,1,5,6,11,3,2,3,1,15,6,2,2,3,7,0,0,2014,17
TOT,1,1,0,5,4,9,5,1,4,0,14,3,3,4,0,7,0,0,2014,17
WBA,1,3,0,11,6,17,7,2,6,5,8,8,3,6,3,4,1,1,2014,17
WHU,1,0,1,6,4,10,4,2,1,1,12,13,2,1,4,13,1,0,2014,17
ARS,1,1,0,7,9,16,2,2,3,1,8,10,3,3,3,4,0,0,2014,18
AVL,1,1,0,4,3,7,2,1,2,1,10,6,1,3,1,7,0,0,2014,18
BUR,1,1,0,4,6,10,3,0,1,1,4,3,2,4,3,9,0,0,2014,18
CHE,1,0,1,4,2,6,0,1,1,1,14,8,1,2,2,13,0,0,2014,18
CRY,1,3,0,7,6,13,6,4,4,1,14,2,5,2,4,9,1,0,2014,18
EVE,1,1,0,7,5,12,2,2,1,1,6,13,3,0,6,7,1,0,2014,18
HUL,1,1,0,9,3,12,2,3,5,1,11,14,3,2,2,7,1,1,2014,18
LEI,1,2,0,4,4,8,3,1,2,2,4,5,0,2,4,6,1,1,2014,18
LIV,1,0,1,6,10,16,0,2,6,0,18,12,5,3,1,8,0,0,2014,18
MCI,1,1,0,11,7,18,6,4,6,6,12,11,4,4,5,10,2,1,2014,18
MUN,1,1,0,5,3,8,4,1,3,1,9,7,1,0,2,14,1,0,2014,18
NEW,1,3,0,8,1,9,4,2,1,3,8,8,3,2,3,14,0,0,2014,18
QPR,1,2,0,9,6,15,5,2,3,3,11,4,5,3,3,21,1,1,2014,18
SOU,1,1,0,5,7,12,4,2,3,0,18,12,3,2,2,4,1,0,2014,18
STK,1,0,1,5,11,16,4,3,5,2,17,8,4,5,2,7,0,0,2014,18
SUN,1,3,0,4,9,13,5,2,4,1,12,10,2,6,3,14,1,1,2014,18
SWA,1,0,1,8,3,11,3,3,4,3,8,13,4,3,1,12,0,0,2014,18
TOT,1,1,0,15,7,22,6,5,7,1,24,16,6,4,6,9,0,0,2014,18
WBA,1,3,0,8,1,9,5,0,0,2,9,1,4,1,1,13,1,1,2014,18
WHU,1,2,0,16,12,28,9,3,10,3,9,3,4,10,8,12,1,0,2014,18
ARS,1,1,0,7,7,14,4,3,5,2,25,16,4,3,3,7,1,0,2014,19
AVL,1,0,1,7,7,14,3,1,1,0,8,18,1,5,6,7,0,0,2014,19
BUR,1,2,0,13,4,17,6,2,4,1,17,10,7,4,4,8,0,0,2014,19
CHE,1,1,0,4,5,9,1,2,4,1,6,8,2,1,3,6,0,0,2014,19
CRY,1,0,1,5,6,11,2,4,8,0,17,11,3,2,2,3,0,0,2014,19
EVE,1,3,0,10,3,13,6,0,3,2,19,9,2,8,2,10,2,2,2014,19
HUL,1,1,0,2,2,4,2,0,0,0,5,2,0,2,2,5,0,0,2014,19
LEI,1,0,1,11,8,19,4,4,6,2,19,11,7,1,2,7,1,0,2014,19
LIV,1,1,0,7,5,11,4,4,4,1,10,11,4,2,1,10,1,0,2014,19
MCI,1,2,0,7,5,12,3,3,5,1,10,2,4,6,0,10,0,0,2014,19
MUN,1,0,1,3,6,9,4,1,3,1,11,7,3,1,2,7,0,0,2014,19
NEW,1,2,0,7,2,9,2,1,2,2,8,8,1,1,5,8,0,0,2014,19
QPR,1,0,1,4,6,10,3,1,2,0,7,8,2,4,2,10,0,0,2014,19
SOU,1,1,0,5,2,7,1,0,0,0,21,18,1,1,4,21,0,0,2014,19
STK,1,0,1,5,10,15,4,0,3,2,10,9,1,3,4,17,0,0,2014,19
SUN,1,0,1,9,5,14,2,3,3,0,10,17,4,5,4,6,1,0,2014,19
SWA,1,4,0,12,9,21,11,1,2,4,8,3,4,5,7,11,2,1,2014,19
TOT,1,0,1,7,2,9,5,2,2,4,8,13,5,1,1,4,0,0,2014,19
WBA,1,2,0,6,7,13,3,4,2,2,12,11,4,5,2,8,0,0,2014,19
WHU,1,2,0,15,6,21,7,4,6,4,10,7,4,7,5,12,1,0,2014,19
ARS,1,2,0,10,3,13,5,3,0,3,10,11,5,1,4,3,4,3,2014,20
AVL,1,0,1,2,4,6,0,0,0,1,4,5,0,3,2,9,0,0,2014,20
BUR,1,3,0,7,4,10,4,3,3,3,17,7,4,1,1,9,0,0,2014,20
CHE,1,5,0,8,3,11,8,0,0,3,8,9,1,0,6,7,0,0,2014,20
CRY,1,0,1,8,6,14,3,3,7,2,9,9,6,3,1,9,1,0,2014,20
EVE,1,2,0,9,5,14,5,2,5,3,16,9,0,3,5,13,1,1,2014,20
HUL,1,0,1,3,6,9,3,1,3,2,13,6,1,1,2,16,0,0,2014,20
LEI,1,2,0,11,7,18,6,2,2,2,5,7,2,3,8,9,0,0,2014,20
LIV,1,2,0,6,10,16,3,1,9,1,10,9,1,4,3,12,0,0,2014,20
MCI,1,2,0,3,1,4,4,1,2,1,4,5,1,0,1,7,0,0,2014,20
MUN,1,1,0,10,1,11,2,4,8,2,17,9,4,3,2,5,2,0,2014,20
NEW,1,3,0,8,7,15,4,4,2,2,7,7,4,3,1,3,0,0,2014,20
QPR,1,1,0,15,10,25,5,5,6,2,17,10,3,8,4,10,1,0,2014,20
SOU,1,0,1,5,6,11,6,0,1,1,19,11,3,3,0,13,0,0,2014,20
STK,1,1,0,5,1,6,2,1,3,1,9,18,1,3,1,4,0,0,2014,20
SUN,1,3,0,24,8,32,12,2,5,5,13,12,9,9,8,8,0,0,2014,20
SWA,1,1,0,13,11,24,6,5,3,7,12,10,5,4,7,6,0,0,2014,20
TOT,1,3,0,14,5,19,7,2,3,4,7,6,3,12,1,10,1,1,2014,20
WBA,1,1,0,6,2,8,3,2,1,1,15,10,2,3,2,11,0,0,2014,20
WHU,1,1,0,8,6,14,3,0,1,1,9,5,3,4,5,4,0,0,2014,20
ARS,1,0,1,4,3,7,2,1,2,0,9,11,1,1,4,9,1,0,2014,21
AVL,1,1,0,9,2,11,3,3,0,4,18,9,3,3,1,7,1,0,2014,21
BUR,1,1,0,8,9,17,7,3,5,2,14,10,4,6,3,7,0,0,2014,21
CHE,1,0,1,6,5,11,4,1,3,0,10,6,2,3,2,19,0,0,2014,21
CRY,1,1,0,4,5,9,5,2,2,1,8,8,1,2,4,9,0,0,2014,21
EVE,1,1,0,8,10,18,2,2,7,1,18,5,4,6,5,13,1,0,2014,21
HUL,1,1,0,5,4,9,3,1,2,1,6,10,2,4,3,6,0,0,2014,21
LEI,1,0,1,8,4,12,1,1,4,1,15,7,1,6,1,8,0,0,2014,21
LIV,1,0,1,1,4,5,1,1,2,0,9,11,1,1,1,7,0,0,2014,21
MCI,1,1,0,4,7,11,4,1,5,2,14,4,4,0,3,12,0,0,2014,21
MUN,1,1,0,9,0,9,1,2,2,2,10,10,3,2,2,4,0,0,2014,21
NEW,1,2,0,7,2,9,4,0,2,1,6,8,0,6,2,16,1,0,2014,21
QPR,1,2,0,14,4,18,7,4,8,3,14,9,9,3,5,5,1,0,2014,21
SOU,1,0,1,8,2,10,0,3,1,2,16,14,5,2,2,8,1,0,2014,21
STK,1,3,0,7,7,14,6,1,2,3,13,12,2,3,7,21,2,1,2014,21
SUN,1,1,0,11,10,21,4,2,7,2,11,2,4,9,2,17,1,0,2014,21
SWA,1,1,0,6,6,11,4,2,6,0,18,9,3,4,2,7,0,0,2014,21
TOT,1,2,0,15,6,21,7,3,9,3,10,11,3,8,5,9,0,0,2014,21
WBA,1,0,1,5,7,12,2,2,1,0,15,8,4,0,4,5,1,0,2014,21
WHU,1,1,0,7,12,19,3,3,4,2,8,10,6,5,5,11,0,0,2014,21
ARS,1,0,1,11,1,12,4,2,1,0,26,16,5,3,2,20,0,0,2014,22
AVL,1,2,0,10,2,12,5,1,2,2,4,6,5,2,5,7,1,1,2014,22
BUR,1,3,0,7,4,11,4,1,5,0,13,13,1,2,4,3,0,0,2014,22
CHE,1,0,1,1,10,11,0,0,0,0,2,4,2,3,3,7,0,0,2014,22
CRY,1,2,0,6,2,8,3,3,3,2,16,5,3,3,2,5,1,1,2014,22
EVE,1,0,1,2,3,5,0,0,1,0,3,6,1,2,1,7,0,0,2014,22
HUL,1,3,0,11,6,17,6,3,5,4,12,11,6,3,3,15,2,1,2014,22
LEI,1,1,0,5,8,13,3,2,3,1,7,8,1,4,4,17,1,0,2014,22
LIV,1,0,1,10,5,15,4,5,4,0,15,14,6,3,2,8,0,0,2014,22
MCI,1,2,0,7,2,9,3,3,2,2,6,3,1,4,3,33,0,0,2014,22
MUN,1,0,1,9,9,18,4,1,4,0,16,3,4,3,4,11,1,0,2014,22
NEW,1,2,0,5,0,5,3,2,1,0,10,2,2,2,1,3,1,1,2014,22
QPR,1,2,0,7,5,12,7,1,1,3,11,5,5,2,1,9,1,0,2014,22
SOU,1,1,0,9,7,16,3,3,4,1,12,19,5,2,6,10,0,0,2014,22
STK,1,0,1,4,3,7,3,0,1,0,13,16,2,0,3,8,0,0,2014,22
SUN,1,2,0,9,17,26,7,0,3,0,18,19,5,5,7,11,0,0,2014,22
SWA,1,5,0,11,10,21,11,1,1,4,4,3,4,7,6,18,2,1,2014,22
TOT,1,1,0,5,4,8,4,1,4,2,6,8,1,3,1,6,0,0,2014,22
WBA,1,0,1,6,11,17,4,1,3,1,21,21,4,3,5,13,1,0,2014,22
WHU,1,0,1,4,5,9,3,0,1,0,14,7,5,1,1,12,0,0,2014,22
ARS,1,0,1,4,5,9,2,2,1,1,17,9,2,3,1,10,1,0,2014,23
AVL,1,5,0,8,5,13,8,2,1,3,8,14,2,6,3,16,0,0,2014,23
BUR,1,2,0,4,4,8,3,1,2,2,10,11,3,0,3,13,0,0,2014,23
CHE,1,1,0,8,1,9,5,2,0,1,13,9,2,2,4,12,1,0,2014,23
CRY,1,1,0,7,7,14,2,2,2,1,5,5,5,2,4,9,2,1,2014,23
EVE,1,0,1,6,7,13,2,1,5,1,16,22,2,4,3,10,0,0,2014,23
HUL,1,3,0,3,9,12,5,1,2,0,4,4,2,4,4,23,1,1,2014,23
LEI,1,3,0,7,5,12,5,0,2,3,6,17,1,4,4,9,1,1,2014,23
LIV,1,0,1,5,2,7,2,3,4,0,10,7,0,3,2,6,0,0,2014,23
MCI,1,1,0,2,1,3,2,1,1,1,7,1,1,0,2,13,0,0,2014,23
MUN,1,1,0,3,2,4,1,2,2,1,11,6,2,1,0,5,1,0,2014,23
NEW,1,0,1,7,6,13,7,6,6,1,10,13,3,2,5,10,1,0,2014,23
QPR,1,3,0,7,8,15,3,2,4,0,11,7,3,3,4,9,2,2,2014,23
SOU,1,1,0,2,4,6,1,1,2,0,3,0,2,2,1,6,0,0,2014,23
STK,1,1,0,7,7,14,4,1,6,2,11,3,3,3,2,13,0,0,2014,23
SUN,1,0,1,9,4,13,4,6,3,1,13,18,4,3,6,3,0,0,2014,23
SWA,1,0,1,9,6,15,4,1,2,2,28,23,3,4,2,10,1,0,2014,23
TOT,1,0,1,9,4,13,4,3,6,0,9,14,3,4,5,5,0,0,2014,23
WBA,1,3,0,6,8,14,4,1,3,1,4,4,2,4,2,16,0,0,2014,23
WHU,1,2,0,12,9,21,7,1,2,3,8,5,3,5,2,15,2,0,2014,23
ARS,1,2,0,8,15,23,8,2,7,1,11,14,6,6,7,11,1,0,2014,24
AVL,1,2,0,8,4,12,5,2,2,1,9,5,3,4,2,7,1,0,2014,24
BUR,1,2,0,9,3,12,4,5,6,3,15,8,4,3,2,7,1,0,2014,24
CHE,1,1,0,6,2,8,1,4,2,1,18,18,3,2,3,13,0,0,2014,24
CRY,1,0,1,14,5,19,5,3,5,0,20,10,3,7,3,14,2,0,2014,24
EVE,1,0,1,10,7,17,6,0,3,0,9,3,1,5,7,13,0,0,2014,24
HUL,1,1,0,11,7,18,5,5,7,0,22,12,5,2,6,10,0,0,2014,24
LEI,1,1,0,10,4,14,2,2,7,1,7,13,2,2,5,9,2,0,2014,24
LIV,1,0,1,3,3,6,1,1,3,0,10,5,1,1,1,5,0,0,2014,24
MCI,1,1,0,4,3,7,3,1,1,2,2,5,0,2,1,4,0,0,2014,24
MUN,1,1,0,9,4,13,6,6,8,1,12,12,3,3,2,4,0,0,2014,24
NEW,1,1,0,3,4,7,3,2,0,0,19,9,3,3,0,9,0,0,2014,24
QPR,1,1,0,7,9,16,5,0,3,0,16,9,3,6,5,9,1,0,2014,24
SOU,1,0,1,7,5,12,3,3,5,1,17,2,1,4,4,14,1,0,2014,24
STK,1,1,0,7,2,9,3,3,0,1,13,8,2,2,5,16,0,0,2014,24
SUN,1,1,0,7,9,16,7,1,5,3,18,13,3,5,3,7,0,0,2014,24
SWA,1,1,0,0,4,4,1,0,0,0,2,4,3,1,0,8,0,0,2014,24
TOT,1,1,0,5,2,7,3,2,1,1,8,6,2,1,2,11,0,0,2014,24
WBA,1,2,0,7,5,12,4,3,3,1,18,10,2,5,1,8,1,0,2014,24
WHU,1,1,0,11,7,18,6,3,6,1,11,17,3,5,3,8,1,1,2014,24
ARS,1,1,0,10,1,11,4,1,3,1,11,15,0,3,3,14,0,0,2014,25
AVL,1,2,0,6,4,10,4,1,2,1,8,4,3,4,0,6,0,0,2014,25
BUR,1,3,0,7,4,11,6,2,3,2,6,12,2,4,2,19,0,0,2014,25
CHE,1,0,1,2,5,7,4,1,1,1,5,4,2,2,3,7,0,0,2014,25
CRY,1,1,0,1,4,5,1,1,1,1,10,3,1,1,1,8,0,0,2014,25
EVE,1,1,0,11,10,21,7,4,6,0,27,18,7,6,5,12,0,0,2014,25
HUL,1,0,1,5,6,11,4,2,1,0,13,7,3,2,2,8,0,0,2014,25
LEI,1,2,0,9,8,17,7,1,8,3,6,4,4,3,4,8,2,1,2014,25
LIV,1,2,0,6,8,14,5,0,4,2,2,9,4,4,2,9,0,0,2014,25
MCI,1,1,0,6,10,16,4,5,5,1,14,12,3,3,6,22,1,0,2014,25
MUN,1,1,0,10,3,13,3,4,6,2,13,12,5,3,3,2,2,1,2014,25
NEW,1,1,0,7,0,7,3,4,4,1,10,12,1,1,5,7,0,0,2014,25
QPR,1,0,1,11,7,18,6,4,5,2,17,20,5,3,6,19,0,0,2014,25
SOU,1,0,1,1,3,4,1,0,1,0,5,4,0,1,2,2,0,0,2014,25
STK,1,4,0,9,5,14,8,1,2,3,6,6,4,3,4,13,0,0,2014,25
SUN,1,2,0,11,8,19,4,6,5,1,12,5,9,5,4,14,0,0,2014,25
SWA,1,2,0,6,6,12,4,2,3,0,10,9,3,2,4,10,0,0,2014,25
TOT,1,3,0,9,7,16,7,0,2,3,5,6,4,3,1,13,3,1,2014,25
WBA,1,0,1,5,5,10,3,1,3,0,9,12,1,2,4,11,0,0,2014,25
WHU,1,0,1,10,11,21,7,4,5,1,15,13,8,6,4,10,1,0,2014,25
ARS,1,1,0,16,6,22,3,7,10,2,17,33,2,2,7,11,0,0,2014,26
AVL,1,2,0,6,5,11,6,3,1,1,9,13,3,1,5,5,0,0,2014,26
BUR,1,1,0,9,5,14,5,2,2,1,7,13,4,3,6,16,0,0,2014,26
CHE,1,1,0,6,4,10,5,2,3,0,7,7,3,1,3,6,0,0,2014,26
CRY,1,2,0,7,5,12,4,3,4,4,7,3,2,3,2,18,0,0,2014,26
EVE,1,2,0,11,5,15,4,3,3,3,9,15,3,3,4,9,4,2,2014,26
HUL,1,1,0,4,4,8,3,3,3,0,18,4,4,0,2,11,0,0,2014,26
LEI,1,2,0,12,6,18,3,3,3,3,8,10,3,3,9,6,0,0,2014,26
LIV,1,0,1,7,6,13,5,1,6,1,9,17,1,3,3,10,0,0,2014,26
MCI,1,0,1,3,5,8,1,0,3,0,10,7,3,3,0,12,0,0,2014,26
MUN,1,2,0,10,1,11,5,3,4,1,5,8,3,3,4,4,1,0,2014,26
NEW,1,5,0,9,7,16,9,3,5,6,10,3,5,4,1,7,3,1,2014,26
QPR,1,2,0,11,5,16,6,8,4,2,12,13,3,2,7,4,1,1,2014,26
SOU,1,2,0,4,2,6,4,0,0,1,2,1,2,0,3,8,1,1,2014,26
STK,1,1,0,3,0,3,2,3,2,0,16,12,1,0,2,3,0,0,2014,26
SUN,1,0,1,1,4,5,1,1,0,0,13,12,1,0,1,6,0,0,2014,26
SWA,1,1,0,12,6,18,3,2,3,1,13,25,2,6,6,10,2,0,2014,26
TOT,1,2,0,8,4,12,5,1,2,4,10,14,2,4,4,4,0,0,2014,26
WBA,1,0,1,5,8,13,2,2,6,0,13,22,3,1,7,10,0,0,2014,26
WHU,1,2,0,12,15,27,8,2,9,3,19,0,8,7,3,8,1,1,2014,26
ARS,1,0,1,4,4,8,2,0,3,0,7,17,1,1,2,17,0,0,2014,27
AVL,1,1,0,9,5,14,5,4,9,1,13,11,3,2,3,9,0,0,2014,27
BUR,1,1,0,7,2,9,2,1,3,2,8,5,2,3,2,6,1,0,2014,27
CRY,1,1,0,13,9,22,5,7,7,1,21,14,11,3,5,6,0,0,2014,27
EVE,1,2,0,10,7,17,4,4,2,2,16,10,7,4,4,15,0,0,2014,27
HUL,1,1,0,11,6,17,2,2,9,0,9,13,3,5,2,5,0,0,2014,27
LIV,1,1,0,5,3,8,1,1,0,2,7,4,1,4,1,12,0,0,2014,27
MCI,1,2,0,7,4,11,5,0,0,0,5,5,1,4,4,12,1,0,2014,27
MUN,1,0,1,2,3,5,3,2,1,1,1,2,1,1,3,6,1,0,2014,27
NEW,1,0,1,8,6,14,3,0,3,0,9,13,2,4,1,3,1,0,2014,27
SOU,1,1,0,7,0,7,3,3,4,1,10,6,2,1,2,5,0,0,2014,27
STK,1,0,1,1,0,1,0,0,0,1,4,3,0,0,1,3,0,0,2014,27
SUN,1,2,0,20,10,30,9,6,11,3,21,17,8,9,5,12,0,0,2014,27
SWA,1,0,1,10,4,13,6,2,4,0,21,4,6,4,1,5,0,0,2014,27
WBA,1,0,1,7,5,12,2,2,3,0,13,12,3,2,3,7,0,0,2014,27
WHU,1,3,0,9,3,12,5,5,9,1,10,9,5,2,2,3,1,0,2014,27
ARS,1,1,0,2,8,10,3,0,1,0,13,11,1,1,3,11,0,0,2014,28
AVL,1,1,0,2,1,3,1,2,3,2,12,7,0,1,1,2,0,0,2014,28
BUR,1,2,0,8,12,20,8,2,4,1,7,7,4,9,3,16,0,0,2014,28
CHE,1,0,1,12,6,18,5,2,4,1,13,15,6,2,4,8,2,0,2014,28
CRY,1,1,0,12,11,23,3,2,8,2,20,13,6,4,4,15,1,1,2014,28
EVE,1,2,0,7,4,11,3,2,2,1,13,15,3,2,3,8,2,1,2014,28
HUL,1,1,0,5,4,9,3,3,1,1,6,7,3,1,5,10,0,0,2014,28
LEI,1,2,0,16,6,22,9,3,1,3,14,14,6,6,7,13,1,0,2014,28
LIV,1,0,1,4,5,9,1,2,5,0,11,6,1,2,2,7,0,0,2014,28
MCI,1,0,1,2,4,6,2,1,2,0,4,4,0,4,1,8,0,0,2014,28
MUN,1,0,1,5,4,9,2,2,3,2,10,7,2,5,0,10,1,0,2014,28
NEW,1,1,0,7,4,11,5,3,1,5,12,9,3,3,2,19,1,1,2014,28
QPR,2,4,0,23,10,33,14,4,7,7,29,15,9,10,7,37,2,1,2014,28
SOU,1,0,1,6,3,9,3,2,1,0,8,16,2,1,3,10,1,0,2014,28
STK,1,0,1,5,5,10,5,1,4,0,12,17,1,3,1,6,0,0,2014,28
SUN,1,1,0,11,3,14,5,4,6,1,17,17,7,3,3,8,0,0,2014,28
SWA,1,3,0,7,13,20,7,3,2,3,20,12,6,7,7,8,0,0,2014,28
TOT,2,3,0,18,9,27,11,2,6,4,17,19,5,6,10,11,2,1,2014,28
WBA,1,2,0,6,10,16,7,0,3,3,11,3,3,3,4,9,1,1,2014,28
WHU,1,1,0,9,3,12,2,3,1,3,10,5,6,4,1,12,0,0,2014,28
ARS,1,0,1,6,1,7,1,1,2,0,9,8,1,0,2,16,1,0,2014,29
AVL,1,0,1,5,7,12,2,2,1,0,9,8,5,3,2,15,0,0,2014,29
BUR,1,0,1,11,11,22,5,3,3,1,20,7,4,7,3,19,0,0,2014,29
CHE,1,1,0,9,3,12,5,0,3,2,7,6,3,6,2,14,1,0,2014,29
CRY,1,1,0,4,7,11,4,2,5,0,10,9,2,3,4,11,0,0,2014,29
EVE,1,0,1,9,3,12,3,2,4,0,15,10,1,1,4,8,1,0,2014,29
HUL,1,0,1,7,8,15,3,2,7,0,13,13,2,4,6,10,0,0,2014,29
LEI,1,0,1,8,4,12,5,3,4,2,10,11,4,4,4,5,0,0,2014,29
LIV,1,0,1,2,8,10,3,0,2,0,11,7,2,1,2,9,1,0,2014,29
MCI,1,1,0,2,8,10,4,2,2,0,11,1,1,6,1,7,0,0,2014,29
MUN,1,0,1,2,3,5,1,0,2,0,4,7,1,0,1,12,0,0,2014,29
NEW,1,3,0,4,11,15,8,1,3,3,9,3,5,2,2,12,2,2,2014,29
QPR,1,3,0,12,3,15,4,4,8,2,19,7,4,3,4,6,1,1,2014,29
SOU,1,1,0,18,4,22,7,5,8,6,9,13,4,5,5,15,0,0,2014,29
STK,1,1,0,8,6,14,5,2,1,0,6,13,4,3,5,8,1,1,2014,29
SUN,1,4,0,6,8,14,8,1,2,2,7,6,5,4,4,14,0,0,2014,29
SWA,1,1,0,6,10,16,5,2,1,2,12,5,5,3,6,11,0,0,2014,29
TOT,1,3,0,7,4,11,3,3,3,1,4,11,0,1,6,11,1,1,2014,29
WBA,1,0,1,3,6,9,2,3,1,0,8,8,3,1,2,3,0,0,2014,29
WHU,1,3,0,19,0,19,9,3,4,5,15,8,7,5,4,13,0,0,2014,29
ARS,1,1,0,13,3,16,4,3,5,2,9,15,1,5,6,22,1,0,2014,30
AVL,1,1,0,7,2,9,5,1,3,3,10,10,2,1,4,14,0,0,2014,30
BUR,1,2,0,13,7,20,3,6,7,1,13,16,5,4,4,11,0,0,2014,30
CHE,1,2,0,11,8,19,8,2,8,2,7,9,3,1,7,8,1,1,2014,30
CRY,1,1,0,10,7,17,4,4,7,3,15,16,2,3,7,10,0,0,2014,30
EVE,1,1,0,5,9,14,1,2,3,2,22,13,3,4,3,7,0,0,2014,30
HUL,1,3,0,6,2,8,3,2,0,1,10,5,3,3,2,5,1,1,2014,30
LEI,1,4,0,9,1,10,4,0,1,5,8,10,0,0,4,9,1,1,2014,30
LIV,1,2,0,3,3,6,4,0,0,2,3,11,0,3,2,11,0,0,2014,30
MCI,1,0,1,3,0,3,0,3,3,1,5,1,1,2,0,2,0,0,2014,30
MUN,1,1,0,3,4,7,1,0,1,1,3,5,0,3,2,15,0,0,2014,30
NEW,1,2,0,7,0,7,3,2,4,1,11,7,3,2,1,18,0,0,2014,30
QPR,1,2,0,6,2,8,3,0,1,1,9,3,1,1,5,3,0,0,2014,30
SOU,1,0,1,9,7,15,3,2,4,1,17,5,3,5,4,3,0,0,2014,30
STK,1,2,0,9,3,12,3,1,3,3,6,10,4,0,6,7,0,0,2014,30
SUN,1,1,0,11,4,15,4,4,3,1,19,23,2,4,7,1,0,0,2014,30
SWA,1,0,1,10,2,12,3,2,3,0,14,6,2,3,5,7,0,0,2014,30
TOT,1,3,0,10,5,14,5,7,5,5,15,12,5,4,4,10,0,0,2014,30
WBA,1,3,0,23,20,43,16,1,11,4,18,5,8,15,10,14,1,1,2014,30
WHU,1,0,1,4,3,7,3,0,1,1,8,10,2,3,1,5,0,0,2014,30
ARS,1,1,0,6,7,13,2,0,4,1,9,7,7,1,3,15,1,0,2014,31
AVL,2,6,0,21,10,31,12,7,11,4,36,24,9,5,11,16,2,1,2014,31
BUR,1,0,1,2,10,12,2,0,2,0,5,3,2,5,4,10,0,0,2014,31
CHE,1,1,0,3,4,7,2,0,2,0,4,5,2,3,0,5,2,1,2014,31
CRY,1,1,0,9,13,22,4,1,7,0,22,8,9,7,4,15,1,0,2014,31
EVE,1,0,1,5,6,11,2,1,5,0,22,9,4,2,3,9,1,0,2014,31
HUL,1,3,0,4,5,9,4,0,2,3,14,1,2,1,2,4,1,1,2014,31
LEI,1,1,0,10,4,14,7,4,3,4,16,12,5,4,3,9,1,1,2014,31
LIV,1,4,0,10,6,16,10,3,4,1,9,12,4,4,5,15,2,1,2014,31
MCI,1,2,0,4,1,5,3,1,4,3,6,2,0,1,2,8,0,0,2014,31
MUN,1,1,0,4,1,5,2,1,3,0,3,3,3,0,2,6,1,1,2014,31
NEW,1,1,0,9,7,16,4,3,8,1,15,10,3,2,6,12,1,0,2014,31
QPR,2,4,0,26,16,42,13,9,11,4,27,27,12,7,11,20,1,0,2014,31
SOU,1,1,0,6,4,10,1,4,7,1,8,5,5,2,1,9,0,0,2014,31
STK,1,2,0,13,6,19,10,1,4,5,11,11,3,5,7,13,1,1,2014,31
SUN,1,0,1,4,6,10,1,1,3,1,9,6,1,4,1,12,0,0,2014,31
SWA,1,1,0,5,5,10,1,1,4,1,9,16,3,2,3,11,0,0,2014,31
TOT,1,0,1,10,5,15,4,5,4,2,16,15,3,5,3,5,2,0,2014,31
WBA,1,4,0,6,6,12,7,2,3,2,7,3,4,1,3,8,0,0,2014,31
WHU,1,2,0,14,6,20,6,6,4,5,15,17,7,7,4,7,0,0,2014,31
ARS,1,0,1,3,5,8,4,0,3,1,10,9,1,4,1,9,0,0,2014,32
AVL,1,0,1,9,5,14,3,4,4,1,13,10,2,4,7,19,0,0,2014,32
BUR,1,1,0,7,10,17,5,1,5,1,8,11,0,7,2,16,0,0,2014,32
CHE,1,0,1,6,9,15,4,1,4,1,15,8,2,7,3,5,0,0,2014,32
CRY,1,1,0,7,5,12,3,1,2,0,7,12,1,4,4,10,0,0,2014,32
EVE,1,1,0,6,5,11,3,2,6,1,9,7,3,2,1,8,0,0,2014,32
HUL,1,2,0,7,2,9,4,0,1,4,14,4,3,1,0,4,0,0,2014,32
LEI,1,2,0,4,4,8,5,3,5,1,12,8,2,2,3,3,0,0,2014,32
LIV,1,0,1,5,5,10,3,2,4,0,8,11,3,3,2,13,1,0,2014,32
MCI,1,4,0,9,2,11,7,3,4,6,4,9,3,0,4,12,0,0,2014,32
MUN,1,2,0,8,2,10,3,1,3,2,9,2,5,4,0,7,0,0,2014,32
NEW,1,2,0,11,3,14,6,1,7,1,5,7,3,3,2,16,2,1,2014,32
QPR,1,1,0,5,4,9,1,2,2,1,9,13,1,1,4,11,1,1,2014,32
SOU,1,0,1,8,7,15,3,2,4,0,8,15,4,4,4,6,0,0,2014,32
STK,1,1,0,6,5,11,3,3,4,0,9,12,4,2,2,6,0,0,2014,32
SUN,1,4,0,10,4,14,5,1,2,4,5,5,1,2,5,21,0,0,2014,32
SWA,1,1,0,6,6,12,8,2,1,1,11,4,3,3,4,4,0,0,2014,32
TOT,1,1,0,8,3,11,3,3,4,1,8,4,2,3,4,7,1,1,2014,32
WBA,1,3,0,9,3,12,4,3,6,3,17,22,1,5,5,12,1,1,2014,32
WHU,1,1,0,7,11,18,2,1,2,0,26,13,6,3,3,11,3,0,2014,32
BUR,1,1,0,10,11,21,8,2,4,3,15,13,3,5,7,9,0,0,2014,33
CHE,1,0,1,7,8,15,2,1,3,0,4,20,3,5,7,10,0,0,2014,33
CRY,1,2,0,4,4,8,3,1,3,1,8,6,2,2,3,6,2,1,2014,33
EVE,1,0,1,4,6,10,1,3,1,2,8,13,2,4,2,7,0,0,2014,33
LEI,1,0,1,3,7,10,6,0,3,1,5,11,2,6,1,13,0,0,2014,33
MCI,1,0,1,7,3,9,3,1,2,2,7,2,1,2,3,7,2,0,2014,33
MUN,1,1,0,3,4,7,2,0,2,2,3,5,1,2,1,10,1,0,2014,33
NEW,1,3,0,7,7,14,8,1,3,4,1,9,1,5,3,13,0,0,2014,33
SOU,1,2,0,9,6,15,2,4,8,3,7,12,3,5,4,7,1,1,2014,33
STK,1,1,0,7,5,12,4,2,3,1,10,6,5,4,2,4,0,0,2014,33
SWA,1,2,0,12,6,18,6,6,8,4,21,11,6,4,5,13,1,1,2014,33
TOT,1,1,0,7,4,11,5,1,3,1,9,14,4,2,1,13,0,0,2014,33
WBA,1,0,1,13,6,19,4,3,5,2,11,26,4,5,6,13,1,0,2014,33
WHU,1,2,0,14,4,18,3,1,3,2,19,6,10,5,0,4,1,1,2014,33
ARS,1,0,1,4,3,7,2,1,1,2,4,1,2,2,2,7,0,0,2014,34
AVL,1,3,0,6,5,11,4,2,7,2,8,8,1,5,3,8,1,1,2014,34
BUR,1,1,0,5,3,8,4,1,4,1,12,8,2,1,1,4,1,0,2014,34
CHE,2,1,1,13,6,19,3,2,3,2,26,23,3,3,9,15,1,0,2014,34
CRY,1,2,0,10,11,21,7,3,3,2,16,17,4,9,4,8,1,1,2014,34
EVE,1,0,1,7,10,17,4,5,4,0,18,14,4,5,5,9,1,0,2014,34
HUL,2,0,2,11,8,19,12,1,4,1,22,19,5,3,5,23,0,0,2014,34
LEI,2,3,1,17,6,23,8,5,5,3,28,17,10,4,6,21,1,0,2014,34
LIV,2,1,1,9,8,17,8,6,8,2,19,16,8,1,4,7,1,0,2014,34
MCI,1,2,0,6,7,13,4,2,6,1,14,9,2,4,4,15,1,1,2014,34
MUN,1,3,0,4,5,9,7,1,3,2,11,4,4,3,0,11,0,0,2014,34
NEW,1,3,0,8,3,11,6,4,3,2,9,4,3,2,5,6,1,0,2014,34
QPR,1,0,1,4,4,8,2,2,3,1,8,5,3,0,2,3,0,0,2014,34
SOU,1,2,0,4,3,7,2,1,1,0,8,8,3,1,3,6,0,0,2014,34
STK,1,1,0,10,5,15,5,1,6,2,15,7,2,4,3,7,2,1,2014,34
SUN,1,1,0,10,13,23,8,3,5,2,12,31,8,7,3,8,0,0,2014,34
SWA,1,2,0,9,3,12,4,3,3,3,15,19,2,3,4,6,1,1,2014,34
TOT,1,2,0,10,3,13,4,5,5,2,13,14,5,2,4,4,1,1,2014,34
WBA,1,0,1,7,15,22,4,2,3,1,7,14,4,6,5,10,0,0,2014,34
WHU,1,0,1,12,6,18,7,4,5,2,12,12,9,4,2,4,0,0,2014,34
ARS,1,1,0,5,3,8,1,5,1,1,10,10,5,0,2,7,1,0,2014,35
AVL,1,2,0,6,3,9,5,2,3,2,10,7,2,1,0,8,1,1,2014,35
BUR,1,1,0,17,12,29,6,5,6,3,29,14,9,5,4,5,0,0,2014,35
CHE,1,0,1,5,3,8,1,0,4,0,10,15,0,3,2,14,1,0,2014,35
CRY,1,1,0,9,8,17,7,2,7,2,6,5,4,5,2,14,1,0,2014,35
EVE,1,3,0,7,4,11,4,3,4,2,7,9,2,2,5,6,0,0,2014,35
HUL,1,3,0,16,6,22,9,1,2,3,7,8,6,5,6,15,1,1,2014,35
LEI,1,0,1,5,7,12,3,1,4,0,13,8,3,4,2,10,0,0,2014,35
LIV,1,1,0,3,7,10,2,0,6,0,9,11,2,2,1,7,0,0,2014,35
MCI,1,0,1,13,8,21,5,5,8,3,12,11,8,5,6,13,1,0,2014,35
MUN,1,1,0,3,3,6,3,2,4,0,8,1,1,1,1,4,0,0,2014,35
NEW,1,3,0,16,3,19,7,6,9,6,17,16,6,0,6,9,1,0,2014,35
QPR,1,2,0,11,14,25,8,6,9,2,21,6,8,6,4,7,1,0,2014,35
SOU,1,2,0,9,3,12,6,3,2,2,7,4,2,2,2,10,0,0,2014,35
STK,1,2,0,10,7,17,4,4,4,3,13,9,5,6,4,11,0,0,2014,35
SUN,1,1,0,6,5,11,2,1,3,1,8,8,1,0,3,14,2,1,2014,35
SWA,1,0,1,3,6,9,3,2,1,0,5,7,2,5,1,7,0,0,2014,35
TOT,1,1,0,10,5,15,4,1,2,2,7,12,2,4,4,14,1,1,2014,35
WBA,1,0,1,13,13,26,9,1,5,2,24,19,8,8,2,6,0,0,2014,35
WHU,1,0,1,6,3,9,2,3,3,1,13,8,4,1,3,7,0,0,2014,35
ARS,1,1,0,2,6,8,3,1,0,0,3,5,3,0,3,14,1,0,2014,36
AVL,1,0,1,3,3,6,1,3,5,0,8,11,0,2,3,2,0,0,2014,36
BUR,1,0,1,9,12,21,3,6,5,1,20,15,6,5,2,6,0,0,2014,36
CHE,1,1,0,9,6,15,4,1,4,1,8,11,6,2,5,15,0,0,2014,36
CRY,1,2,0,11,2,13,4,2,1,3,12,8,2,5,4,6,1,1,2014,36
EVE,1,2,0,6,4,10,3,0,1,1,5,3,1,3,2,8,1,1,2014,36
HUL,1,1,0,7,1,8,2,3,2,1,11,4,1,3,2,9,1,1,2014,36
LEI,1,0,1,4,6,10,3,1,2,0,20,10,3,5,0,14,0,0,2014,36
LIV,1,1,0,7,1,8,3,1,2,0,6,9,3,4,1,11,0,0,2014,36
MCI,1,0,1,4,5,9,3,2,5,2,14,5,3,3,0,10,0,0,2014,36
MUN,1,1,0,11,2,13,4,2,5,1,14,18,6,3,2,10,1,0,2014,36
NEW,1,1,0,8,0,8,3,3,5,1,10,5,2,1,3,7,0,0,2014,36
QPR,1,6,0,18,5,23,11,3,6,7,9,12,4,5,6,10,2,1,2014,36
SOU,1,2,0,9,1,10,3,3,3,2,9,10,2,2,4,9,1,1,2014,36
STK,1,0,1,4,6,9,3,2,3,0,13,7,1,3,2,10,0,0,2014,36
SUN,1,0,1,16,6,22,4,3,4,0,21,17,4,7,8,15,0,0,2014,36
SWA,1,0,1,14,9,23,9,2,1,2,14,17,3,9,4,10,1,0,2014,36
TOT,1,3,0,10,6,16,8,2,4,3,19,15,1,3,5,5,2,2,2014,36
WBA,1,1,0,8,7,15,4,2,8,1,16,20,2,4,6,19,0,0,2014,36
WHU,1,1,0,7,7,14,5,0,3,1,13,11,1,5,3,4,0,0,2014,36
ARS,2,1,1,13,7,19,7,2,4,3,14,10,6,3,8,10,1,0,2014,37
AVL,1,6,0,16,2,18,11,1,2,8,16,4,7,4,2,6,3,2,2014,37
BUR,1,0,1,5,6,11,3,3,5,2,12,14,2,2,3,8,1,0,2014,37
CHE,1,3,0,5,4,9,5,0,1,1,3,7,4,0,4,6,0,0,2014,37
CRY,1,1,0,7,11,18,3,1,3,1,11,8,1,5,4,14,1,1,2014,37
EVE,1,1,0,6,7,13,3,1,3,1,17,12,3,4,5,4,0,0,2014,37
HUL,1,2,0,6,4,10,3,1,1,2,9,8,2,6,1,7,0,0,2014,37
LEI,1,0,1,5,8,13,3,2,6,1,14,10,1,8,1,7,0,0,2014,37
LIV,1,3,0,11,4,15,6,0,4,3,9,9,1,5,2,16,0,0,2014,37
MCI,1,2,0,7,6,13,9,4,4,2,10,11,5,1,3,14,1,0,2014,37
MUN,1,1,0,5,0,5,3,0,0,2,9,8,0,2,3,18,0,0,2014,37
NEW,1,2,0,4,4,8,4,1,0,0,6,10,1,3,2,6,1,1,2014,37
QPR,1,1,0,14,8,22,7,3,8,3,14,11,3,4,6,24,0,0,2014,37
SOU,1,1,0,6,3,9,4,1,1,3,15,15,2,3,1,10,0,0,2014,37
STK,1,0,1,8,3,11,4,1,2,0,16,13,1,4,2,13,0,0,2014,37
SUN,2,0,2,23,16,39,8,4,5,1,38,28,11,9,9,30,0,0,2014,37
SWA,1,4,0,15,7,22,11,4,5,2,13,8,4,6,10,17,1,1,2014,37
TOT,1,0,1,12,2,14,1,5,4,1,19,14,5,2,4,4,2,0,2014,37
WBA,1,0,1,5,7,12,3,0,3,1,2,12,3,4,1,12,0,0,2014,37
WHU,1,2,0,12,9,21,5,5,10,2,17,4,6,8,3,4,0,0,2014,37
ARS,1,1,0,8,6,14,5,2,4,0,4,7,3,5,4,10,1,1,2014,38
AVL,1,1,0,4,2,6,3,1,1,1,5,4,1,1,3,3,0,0,2014,38
BUR,1,0,1,11,6,17,5,4,4,0,20,12,3,4,5,14,0,0,2014,38
CHE,1,1,0,7,10,17,8,3,4,2,4,6,3,5,5,10,0,0,2014,38
CRY,1,0,1,2,3,5,2,1,1,0,9,9,0,4,1,10,0,0,2014,38
EVE,1,1,0,9,7,16,3,3,2,2,8,10,2,8,4,12,2,0,2014,38
HUL,1,0,1,3,4,7,1,0,1,0,2,5,2,2,2,7,0,0,2014,38
LEI,1,1,0,5,13,18,2,3,6,2,14,9,1,6,4,6,0,0,2014,38
LIV,1,6,0,5,10,15,9,2,1,4,5,7,0,5,5,10,3,3,2014,38
MCI,1,0,1,8,5,13,4,2,1,1,10,13,3,4,1,19,0,0,2014,38
MUN,1,0,1,11,5,16,6,5,7,0,17,17,3,1,5,5,0,0,2014,38
NEW,1,0,1,2,2,4,1,1,0,1,12,5,1,1,1,6,0,0,2014,38
QPR,1,5,0,18,4,22,7,4,7,2,16,11,6,4,6,13,2,2,2014,38
SOU,1,2,0,10,5,15,6,2,4,3,8,12,3,6,1,12,1,0,2014,38
STK,1,1,0,6,7,13,4,0,3,2,12,7,0,7,5,11,0,0,2014,38
SUN,1,3,0,13,11,24,8,5,6,2,21,12,6,5,11,21,0,0,2014,38
SWA,1,1,0,7,6,13,7,2,3,1,18,12,2,4,4,11,0,0,2014,38
TOT,1,0,1,8,1,9,1,2,2,1,6,11,0,3,5,11,0,0,2014,38
WBA,1,4,0,18,6,24,13,0,6,2,12,5,4,12,2,7,0,0,2014,38
WHU,1,2,0,10,7,17,4,4,2,2,19,8,4,6,3,15,0,0,2014,38
