Team,Games Played,Goals Conceded,Clean Sheets,Shots ConcededIn,Shots ConcededOut,Shots ConcededTotal,Shots ConcededOn Target,Shots ConcededHead,Shots ConcededSP,Shots ConcededBC,Crosses ConcededLeft Flank,Crosses ConcededRight Flank,Chances ConcededLeft Flank,Chances ConcededCentre,Chances ConcededRight Flank,Defensive SlipsLost,Defensive SlipsErr,Defensive SlipsErr Goal,Season,GW ID
ARS,1,0,1,3,5,8,1,1,2,0,13,7,3,0,0,2,0,0,2011,1
AVL,1,0,1,10,5,15,5,3,3,2,13,8,2,7,3,3,0,0,2011,1
BLA,1,2,0,11,4,15,4,5,3,2,16,12,4,0,6,5,0,0,2011,1
BOL,1,0,1,5,13,17,2,1,4,1,4,9,6,2,4,5,1,0,2011,1
CHE,1,0,1,1,5,6,1,1,1,0,13,8,2,2,2,6,0,0,2011,1
FUL,1,0,1,5,2,7,1,3,3,0,7,13,2,1,3,2,0,0,2011,1
LIV,1,1,0,5,9,14,4,2,0,0,15,5,1,6,3,5,0,0,2011,1
MCI,1,0,1,2,6,8,3,0,2,0,9,5,2,3,2,12,0,0,2011,1
MUN,1,1,0,9,8,16,3,0,2,0,5,12,2,5,5,4,1,1,2011,1
NEW,1,0,1,4,7,11,1,1,2,1,14,8,2,4,2,14,0,0,2011,1
NOR,1,1,0,14,6,20,6,6,2,4,11,12,3,6,6,15,0,0,2011,1
QPR,1,4,0,9,9,18,5,2,8,2,4,6,6,7,3,9,0,0,2011,1
STK,1,0,1,8,11,19,7,3,4,1,15,12,2,4,3,15,0,0,2011,1
SUN,1,1,0,9,5,14,3,7,5,1,10,11,6,0,5,4,0,0,2011,1
SWA,1,4,0,23,7,30,15,1,7,5,9,9,9,10,7,14,1,1,2011,1
WBA,1,2,0,6,5,11,1,3,4,2,9,22,1,3,4,11,0,0,2011,1
WIG,1,1,0,8,5,13,2,3,4,2,13,9,6,2,2,2,2,1,2011,1
WOL,1,1,0,11,6,17,2,3,9,2,18,12,3,6,4,7,1,0,2011,1
ARS,1,2,0,7,7,14,6,2,1,2,16,9,3,7,3,8,1,1,2011,2
AVL,1,1,0,5,7,12,2,2,3,1,14,8,3,2,2,10,0,0,2011,2
BLA,1,3,0,5,5,10,5,2,1,1,8,9,1,4,3,8,0,0,2011,2
BOL,1,3,0,11,7,18,7,2,4,3,13,9,4,4,9,11,2,2,2011,2
CHE,1,1,0,4,2,6,4,1,0,2,7,7,2,1,2,4,1,1,2011,2
EVE,1,1,0,2,2,4,1,0,0,0,1,4,1,1,2,4,0,0,2011,2
FUL,1,2,0,10,10,20,6,1,3,3,8,15,6,3,5,8,3,1,2011,2
LIV,1,0,1,5,8,12,3,2,5,1,14,10,3,2,3,8,0,0,2011,2
MCI,1,2,0,5,2,7,3,2,4,0,12,13,1,0,3,4,0,0,2011,2
MUN,1,0,1,7,14,21,9,1,5,0,6,5,3,5,6,13,0,0,2011,2
NEW,1,0,1,7,8,15,3,3,2,0,24,6,7,2,3,8,1,0,2011,2
NOR,1,1,0,10,8,18,5,1,2,2,11,13,7,5,2,6,0,0,2011,2
QPR,1,0,1,6,8,14,4,3,2,1,15,11,3,4,3,2,0,0,2011,2
STK,1,1,0,2,8,10,3,1,3,0,16,9,2,1,3,2,1,0,2011,2
SUN,1,1,0,8,5,13,5,4,8,3,8,7,1,1,7,4,1,0,2011,2
SWA,1,0,1,6,4,10,3,1,2,1,3,10,0,5,4,5,0,0,2011,2
TOT,1,3,0,15,13,28,14,4,9,4,15,18,5,12,4,8,0,0,2011,2
WBA,1,2,0,16,8,24,8,5,5,2,19,21,9,6,4,16,0,0,2011,2
WIG,1,0,1,6,7,13,4,2,2,0,22,5,2,2,3,9,0,0,2011,2
WOL,1,0,1,8,4,12,4,2,4,2,11,10,1,5,5,3,0,0,2011,2
ARS,1,8,0,15,10,25,14,3,4,5,13,5,6,10,5,9,1,1,2011,3
AVL,1,0,1,4,3,7,2,4,1,0,12,11,3,1,2,6,0,0,2011,3
BLA,1,1,0,8,3,11,3,1,1,2,9,11,2,4,2,6,0,0,2011,3
BOL,1,3,0,12,8,20,6,3,5,3,10,19,2,6,8,9,0,0,2011,3
CHE,1,1,0,6,5,11,6,2,2,2,8,9,3,3,2,1,1,1,2011,3
EVE,1,0,1,14,7,21,7,3,5,2,9,14,6,3,4,10,1,0,2011,3
FUL,1,2,0,7,5,12,6,2,5,1,9,7,4,1,3,8,1,1,2011,3
LIV,1,1,0,6,4,10,3,2,3,1,8,12,2,0,5,9,1,1,2011,3
MCI,1,1,0,8,13,21,5,4,4,2,13,10,4,5,9,10,0,0,2011,3
MUN,1,2,0,9,11,20,8,2,2,4,8,5,5,10,2,5,0,0,2011,3
NEW,1,1,0,10,8,18,5,6,7,1,13,9,4,7,5,11,0,0,2011,3
NOR,1,3,0,9,9,18,7,5,5,3,17,20,6,2,4,7,1,1,2011,3
QPR,1,2,0,5,7,12,5,0,2,0,11,8,1,3,1,11,1,0,2011,3
STK,1,0,1,9,7,16,4,3,5,1,11,12,2,1,7,9,0,0,2011,3
SUN,1,0,1,12,6,18,3,7,4,3,9,13,5,1,9,6,0,0,2011,3
SWA,1,0,1,8,4,12,2,2,2,2,15,8,4,3,4,6,0,0,2011,3
TOT,1,5,0,11,11,22,9,2,1,4,9,8,6,8,7,7,0,0,2011,3
WBA,1,1,0,2,3,5,1,1,1,0,8,8,1,2,1,4,0,0,2011,3
WIG,1,0,1,6,13,19,4,4,9,0,9,10,3,5,5,5,1,0,2011,3
WOL,1,0,1,11,7,18,3,6,9,0,15,14,8,0,6,4,0,0,2011,3
ARS,1,0,1,7,5,12,2,2,6,2,14,5,3,3,3,10,1,0,2011,4
AVL,1,2,0,12,9,21,7,6,6,8,17,11,11,2,4,12,1,0,2011,4
BLA,1,1,0,7,7,14,3,2,6,0,30,15,4,3,3,12,0,0,2011,4
BOL,1,5,0,9,5,14,7,1,4,5,10,8,4,3,2,9,0,0,2011,4
CHE,1,1,0,6,7,13,3,3,5,1,12,12,2,3,4,5,1,0,2011,4
EVE,1,2,0,3,6,9,3,1,4,1,3,5,1,4,3,5,0,0,2011,4
FUL,1,1,0,4,7,11,3,0,3,0,6,6,1,4,3,6,0,0,2011,4
LIV,1,1,0,2,1,3,1,1,1,1,8,4,2,0,0,1,0,0,2011,4
MCI,1,0,1,7,4,11,3,2,1,2,10,3,3,2,3,6,0,0,2011,4
MUN,1,0,1,12,10,22,5,4,1,0,13,15,4,5,8,6,0,0,2011,4
NEW,1,0,1,12,4,16,2,4,3,4,20,7,8,3,3,6,0,0,2011,4
NOR,1,1,0,5,10,15,6,3,3,3,10,3,2,4,5,9,1,1,2011,4
QPR,1,0,1,6,2,8,1,3,4,0,9,12,1,2,2,4,0,0,2011,4
STK,1,0,1,13,11,24,6,2,5,3,16,18,6,5,6,14,1,0,2011,4
SUN,1,2,0,7,12,19,5,0,4,0,7,10,3,9,3,3,1,0,2011,4
SWA,1,1,0,8,11,19,3,1,2,2,11,11,4,7,5,7,1,1,2011,4
TOT,1,0,1,6,4,10,5,5,3,1,6,12,1,2,3,4,1,0,2011,4
WBA,1,0,1,8,10,18,3,2,3,2,12,22,4,5,5,8,0,0,2011,4
WIG,1,3,0,18,8,26,7,3,7,5,9,5,5,8,6,16,0,0,2011,4
WOL,1,2,0,10,6,16,4,2,3,1,13,10,5,5,3,3,0,0,2011,4
ARS,1,4,0,5,3,8,4,2,3,4,4,8,2,4,2,12,0,0,2011,5
AVL,1,1,0,12,10,22,6,1,8,3,13,18,6,6,2,14,0,0,2011,5
BLA,1,3,0,18,7,23,8,7,7,4,22,20,6,6,10,14,0,0,2011,5
BOL,1,2,0,9,5,14,6,5,7,2,20,6,6,3,1,3,0,0,2011,5
CHE,1,3,0,9,5,14,5,4,4,5,5,13,1,4,5,11,1,1,2011,5
EVE,1,1,0,4,6,10,1,0,3,1,4,10,1,1,3,10,0,0,2011,5
FUL,1,2,0,8,11,18,5,2,3,1,14,10,5,4,6,5,0,0,2011,5
LIV,1,4,0,14,12,26,9,1,5,5,10,9,3,10,4,6,2,2,2011,5
MCI,1,2,0,4,10,14,5,1,4,2,8,10,3,7,2,2,1,0,2011,5
MUN,1,1,0,14,8,22,7,4,5,5,12,14,3,5,8,8,1,0,2011,5
NEW,1,1,0,8,3,11,1,0,1,2,11,7,1,2,3,8,1,0,2011,5
NOR,1,1,0,5,4,9,4,2,4,1,10,8,3,1,0,9,0,0,2011,5
QPR,1,0,1,8,7,15,2,6,5,1,14,12,6,1,3,3,0,0,2011,5
STK,1,4,0,4,5,9,6,0,3,0,14,6,2,1,4,5,1,0,2011,5
SUN,1,0,1,7,4,10,2,4,6,0,18,6,3,1,2,4,0,0,2011,5
SWA,1,0,1,5,10,15,5,4,4,1,12,11,4,4,4,5,0,0,2011,5
TOT,1,0,1,0,3,3,1,0,1,0,5,4,1,0,1,4,0,0,2011,5
WBA,1,3,0,7,3,10,4,2,4,4,7,5,4,2,1,6,1,0,2011,5
WIG,1,3,0,12,7,19,5,7,5,2,16,13,6,5,5,4,0,0,2011,5
WOL,1,3,0,9,11,20,10,3,9,2,13,4,4,3,7,3,0,0,2011,5
ARS,1,0,1,1,2,3,2,0,1,0,6,6,0,1,2,4,0,0,2011,6
AVL,1,1,0,9,10,19,2,4,11,0,14,14,6,3,2,5,0,0,2011,6
BLA,1,3,0,9,12,21,4,4,6,2,17,11,5,6,7,8,1,1,2011,6
BOL,1,3,0,15,13,28,11,1,5,3,11,9,7,8,6,10,0,0,2011,6
CHE,1,1,0,6,1,7,1,4,6,2,14,7,6,0,1,1,0,0,2011,6
EVE,1,2,0,7,12,19,7,0,4,1,19,7,3,5,3,7,1,1,2011,6
FUL,1,0,1,5,4,9,3,1,0,1,14,9,1,4,1,8,1,0,2011,6
LIV,1,1,0,7,11,17,2,3,7,1,6,19,3,2,5,4,1,0,2011,6
MCI,1,0,1,3,5,8,2,1,1,0,9,11,2,2,2,6,0,0,2011,6
MUN,1,1,0,8,5,13,5,3,5,4,26,9,5,2,2,1,1,0,2011,6
NEW,1,1,0,2,1,3,1,0,1,0,4,7,2,0,1,4,0,0,2011,6
NOR,1,1,0,5,9,14,5,0,1,2,15,4,5,3,3,3,1,0,2011,6
QPR,1,1,0,7,5,11,2,0,2,1,11,15,3,1,3,6,0,0,2011,6
STK,1,1,0,10,4,14,4,3,2,2,9,10,6,5,2,16,1,0,2011,6
SUN,1,2,0,4,8,12,4,2,3,0,10,11,1,1,6,3,1,0,2011,6
SWA,1,4,0,9,6,15,7,1,2,1,11,6,2,5,4,10,0,0,2011,6
TOT,1,1,0,1,4,5,3,0,1,0,2,8,3,2,0,10,0,0,2011,6
WBA,1,0,1,8,10,18,5,2,2,1,4,8,3,11,1,6,0,0,2011,6
WIG,1,2,0,13,3,16,6,6,6,2,15,5,7,2,6,10,2,2,2011,6
WOL,1,2,0,11,5,16,5,3,2,4,12,15,1,3,9,7,0,0,2011,6
ARS,1,2,0,12,6,18,6,3,6,4,13,11,4,5,6,11,2,1,2011,7
AVL,1,0,1,7,8,15,4,1,3,0,8,17,5,1,8,12,0,0,2011,7
BLA,1,4,0,14,5,19,7,1,5,1,8,14,5,6,7,2,1,0,2011,7
BOL,1,5,0,14,5,19,9,1,3,4,8,8,10,5,2,3,2,2,2011,7
CHE,1,1,0,7,8,15,3,2,6,1,5,7,4,4,3,8,1,0,2011,7
EVE,1,2,0,9,7,16,6,4,7,4,17,15,4,2,5,2,2,1,2011,7
FUL,1,0,1,4,13,17,5,2,2,0,20,4,4,4,5,2,1,0,2011,7
LIV,1,0,1,3,9,12,3,1,4,0,10,9,2,3,2,8,0,0,2011,7
MCI,1,0,1,2,4,6,4,0,1,0,9,5,2,2,1,4,0,0,2011,7
MUN,1,0,1,8,9,17,3,2,4,1,7,5,4,6,4,3,1,0,2011,7
NEW,1,1,0,20,8,28,7,4,6,1,21,24,6,9,5,6,0,0,2011,7
NOR,1,2,0,10,10,20,4,3,6,2,17,18,4,6,5,7,0,0,2011,7
QPR,1,6,0,13,9,22,9,0,1,5,5,6,3,9,3,4,0,0,2011,7
STK,1,2,0,3,8,11,3,2,5,2,11,3,2,2,1,8,1,1,2011,7
SUN,1,2,0,3,6,9,3,2,5,1,15,7,1,4,1,4,1,1,2011,7
SWA,1,0,1,4,7,11,2,2,6,0,19,8,4,1,1,8,0,0,2011,7
TOT,1,1,0,7,6,13,5,2,2,2,14,10,1,4,6,4,0,0,2011,7
WBA,1,2,0,8,6,14,7,3,3,1,13,16,2,5,4,5,0,0,2011,7
WIG,1,2,0,7,9,16,6,1,2,3,7,11,1,7,5,4,0,0,2011,7
WOL,1,2,0,11,2,13,5,1,1,2,9,5,4,6,2,5,0,0,2011,7
ARS,1,1,0,4,4,8,2,3,3,1,9,3,0,4,2,3,1,0,2011,8
AVL,1,4,0,8,6,14,8,1,2,2,7,4,4,3,4,6,2,2,2011,8
BLA,1,1,0,6,7,13,3,3,5,0,17,9,1,4,5,7,0,0,2011,8
BOL,1,1,0,8,9,16,2,3,5,0,9,5,2,2,4,12,0,0,2011,8
CHE,1,1,0,4,5,9,2,1,1,1,3,7,2,1,5,2,0,0,2011,8
EVE,1,3,0,3,4,7,5,2,2,3,14,8,1,2,3,4,0,0,2011,8
FUL,1,2,0,9,8,17,3,3,7,5,16,11,3,2,4,5,0,0,2011,8
LIV,1,1,0,6,5,11,2,4,3,1,6,5,2,3,2,5,0,0,2011,8
MCI,1,1,0,7,3,10,3,2,2,2,9,3,0,3,3,1,1,0,2011,8
MUN,1,1,0,7,8,15,5,2,3,4,12,21,4,1,5,5,1,1,2011,8
NEW,1,2,0,8,5,13,6,2,1,1,3,7,3,5,2,8,0,0,2011,8
NOR,1,1,0,4,8,12,3,2,1,0,7,5,4,2,1,12,0,0,2011,8
QPR,1,1,0,8,4,12,5,4,6,0,5,10,1,1,8,7,0,0,2011,8
STK,1,0,1,2,5,7,1,1,0,0,5,4,2,4,0,2,0,0,2011,8
SUN,1,2,0,13,8,21,5,3,9,0,15,10,2,9,5,13,1,0,2011,8
SWA,1,3,0,9,9,18,6,3,4,3,13,9,4,7,6,6,0,0,2011,8
TOT,1,2,0,7,7,14,6,2,5,2,14,14,1,4,6,8,0,0,2011,8
WBA,1,0,1,16,3,19,7,5,7,2,16,25,5,2,7,1,0,0,2011,8
WIG,1,3,0,9,7,16,9,1,4,4,7,7,6,5,1,11,2,2,2011,8
WOL,1,2,0,9,9,18,7,1,0,1,2,3,1,7,7,6,0,0,2011,8
ARS,1,1,0,4,3,7,1,1,4,2,4,5,0,3,2,1,0,0,2011,9
AVL,1,2,0,6,7,13,4,2,6,3,15,12,6,1,2,4,0,0,2011,9
BLA,1,2,0,5,4,9,6,0,1,2,8,9,0,3,6,8,0,0,2011,9
BOL,1,2,0,12,7,19,4,2,8,0,14,16,6,5,2,7,0,0,2011,9
CHE,1,1,0,5,5,10,2,0,3,2,7,7,2,3,2,7,0,0,2011,9
EVE,1,1,0,9,6,15,4,2,3,1,14,17,3,9,2,8,0,0,2011,9
FUL,1,3,0,5,7,12,5,2,5,3,12,11,3,5,1,6,0,0,2011,9
LIV,1,1,0,5,7,12,7,3,1,2,7,10,2,2,6,2,1,1,2011,9
MCI,1,1,0,5,6,11,4,1,4,0,14,16,4,2,1,9,0,0,2011,9
MUN,1,6,0,13,9,22,7,1,4,7,11,5,9,9,1,10,0,0,2011,9
NEW,1,0,1,6,8,14,2,3,2,0,16,8,4,6,1,7,0,0,2011,9
NOR,1,1,0,21,8,29,9,7,7,2,19,18,11,4,5,15,0,0,2011,9
QPR,1,0,1,8,6,14,2,3,3,1,16,5,9,2,3,7,0,0,2011,9
STK,1,3,0,6,3,9,4,1,4,4,17,7,2,2,4,8,2,1,2011,9
SUN,1,0,1,5,9,14,6,2,4,0,10,3,4,2,6,3,0,0,2011,9
SWA,1,2,0,12,10,22,9,4,9,3,18,23,1,3,7,4,0,0,2011,9
TOT,1,1,0,17,2,19,4,7,9,1,14,11,6,5,5,12,2,0,2011,9
WBA,1,1,0,4,4,8,1,1,2,2,8,8,0,3,2,6,1,1,2011,9
WIG,1,1,0,7,5,12,4,3,4,1,16,15,3,0,5,9,0,0,2011,9
WOL,1,2,0,7,10,17,9,1,2,5,17,8,8,4,5,6,1,1,2011,9
ARS,1,3,0,7,7,14,6,3,5,2,8,7,3,3,4,7,3,1,2011,10
AVL,1,2,0,10,6,16,4,6,7,1,22,9,7,2,3,6,0,0,2011,10
BLA,1,3,0,9,5,14,6,3,2,3,16,21,3,5,4,7,0,0,2011,10
BOL,1,3,0,13,11,23,7,1,4,6,11,7,10,7,4,8,0,0,2011,10
CHE,1,5,0,12,1,13,7,1,3,4,4,5,6,3,1,14,2,2,2011,10
EVE,1,1,0,3,4,7,4,0,0,2,4,5,2,2,3,8,0,0,2011,10
FUL,1,0,1,9,11,20,6,4,8,1,21,16,8,2,5,9,0,0,2011,10
LIV,1,0,1,3,9,12,1,2,4,0,6,13,3,2,4,2,0,0,2011,10
MCI,1,1,0,5,8,13,4,2,2,1,5,10,0,6,4,3,0,0,2011,10
MUN,1,0,1,7,12,19,8,1,5,0,22,5,4,6,3,5,0,0,2011,10
NEW,1,1,0,11,1,12,3,6,7,1,18,10,6,1,1,6,0,0,2011,10
NOR,1,3,0,5,6,11,3,1,3,2,7,11,2,5,2,12,1,1,2011,10
QPR,1,3,0,18,7,25,10,3,9,6,6,6,3,5,10,5,1,0,2011,10
STK,1,3,0,5,3,8,3,1,2,3,6,4,2,1,0,1,0,0,2011,10
SUN,1,2,0,9,5,14,3,4,7,1,10,14,6,3,3,10,0,0,2011,10
SWA,1,1,0,5,3,8,3,2,3,0,6,4,2,2,0,6,1,0,2011,10
TOT,1,1,0,6,8,14,2,2,3,1,13,8,5,4,2,4,0,0,2011,10
WBA,1,2,0,15,3,18,4,4,6,2,11,16,4,3,9,3,0,0,2011,10
WIG,1,2,0,4,2,6,3,0,0,1,5,3,1,4,1,6,0,0,2011,10
WOL,1,3,0,8,11,19,7,1,2,3,10,10,3,6,4,6,1,1,2011,10
ARS,1,0,1,5,5,10,2,2,4,0,6,4,1,4,3,8,0,0,2011,11
AVL,1,2,0,7,4,11,7,2,4,1,15,20,1,3,5,6,0,0,2011,11
BLA,1,1,0,5,7,12,5,2,2,2,14,15,4,3,5,6,0,0,2011,11
BOL,1,0,1,9,2,11,2,6,4,1,12,5,4,1,4,3,0,0,2011,11
CHE,1,0,1,4,8,12,5,0,4,3,8,9,1,3,1,2,0,0,2011,11
EVE,1,2,0,4,8,12,3,1,4,0,13,14,4,3,0,1,0,0,2011,11
FUL,1,3,0,3,7,9,4,0,4,0,3,3,2,2,1,6,1,1,2011,11
LIV,1,0,1,4,8,12,3,0,1,2,11,6,1,4,3,8,1,0,2011,11
MCI,1,2,0,12,10,22,5,6,5,4,9,17,3,9,5,6,1,0,2011,11
MUN,1,0,1,3,7,9,1,3,1,0,12,5,3,4,0,3,0,0,2011,11
NEW,1,1,0,9,7,15,4,3,2,2,13,8,5,4,2,6,0,0,2011,11
NOR,1,3,0,12,4,16,5,2,5,4,9,14,5,2,8,9,1,1,2011,11
QPR,1,3,0,12,6,18,5,1,2,0,2,7,4,3,8,6,0,0,2011,11
STK,1,5,0,9,13,22,9,3,10,2,14,8,4,8,3,8,1,1,2011,11
SUN,1,1,0,8,5,13,5,1,8,1,13,13,3,2,4,8,0,0,2011,11
SWA,1,0,1,15,10,25,5,6,9,1,15,21,4,5,6,11,0,0,2011,11
TOT,1,1,0,17,15,31,11,6,10,3,29,12,4,11,4,4,0,0,2011,11
WBA,1,3,0,9,3,12,5,1,2,3,24,7,5,3,2,2,0,0,2011,11
WIG,1,3,0,9,4,13,10,3,2,7,9,10,4,1,3,6,0,0,2011,11
WOL,1,1,0,8,9,17,7,1,2,5,23,12,2,5,5,10,0,0,2011,11
ARS,1,1,0,3,6,9,2,0,2,2,8,7,2,2,2,3,1,1,2011,12
AVL,1,2,0,9,13,22,6,1,7,4,11,16,6,5,4,12,1,1,2011,12
BLA,1,3,0,12,14,26,6,5,5,1,15,14,7,4,11,6,1,1,2011,12
BOL,1,2,0,12,4,16,6,5,3,1,10,18,1,4,9,6,0,0,2011,12
CHE,1,2,0,4,5,9,3,0,2,2,8,5,1,4,2,13,1,1,2011,12
EVE,1,1,0,1,4,5,1,0,1,1,2,9,0,1,0,1,0,0,2011,12
FUL,1,0,1,8,5,13,3,4,5,0,24,14,2,1,7,6,0,0,2011,12
LIV,1,1,0,12,7,19,3,4,5,1,9,18,6,3,6,8,0,0,2011,12
MCI,1,1,0,8,1,9,4,2,3,3,14,2,3,1,1,7,1,0,2011,12
MUN,1,0,1,5,5,10,1,1,1,0,17,11,2,2,3,12,0,0,2011,12
NEW,1,3,0,9,5,14,5,2,1,2,11,7,4,2,1,10,1,1,2011,12
NOR,1,2,0,18,2,20,9,2,1,6,8,8,6,6,5,10,2,1,2011,12
QPR,1,2,0,15,4,19,4,7,10,4,12,19,2,3,7,1,1,0,2011,12
STK,1,3,0,5,3,8,5,2,2,1,7,8,2,1,4,5,0,0,2011,12
SUN,1,0,1,8,7,15,3,3,5,2,11,6,3,8,2,4,0,0,2011,12
SWA,1,1,0,4,9,13,5,0,2,1,8,7,3,4,2,3,1,1,2011,12
TOT,1,0,1,3,0,3,1,2,3,0,8,5,2,0,1,5,0,0,2011,12
WBA,1,1,0,7,3,10,3,2,5,1,6,6,2,4,2,11,1,0,2011,12
WIG,1,3,0,4,5,9,3,1,5,3,2,4,0,4,0,4,2,2,2011,12
WOL,1,2,0,9,6,15,4,1,4,3,19,22,4,3,5,6,0,0,2011,12
ARS,1,1,0,5,5,10,2,2,3,0,2,9,5,1,3,7,0,0,2011,13
AVL,1,0,1,4,3,7,1,0,1,0,9,9,2,2,3,9,0,0,2011,13
BLA,1,3,0,8,1,9,3,4,5,1,8,13,4,2,3,2,0,0,2011,13
BOL,1,2,0,12,7,19,9,3,3,3,11,13,6,3,7,3,0,0,2011,13
CHE,1,0,1,5,3,8,2,4,1,0,6,10,0,2,4,1,0,0,2011,13
EVE,1,0,1,2,6,8,3,0,2,0,5,9,2,4,0,0,0,0,2011,13
FUL,1,1,0,15,6,20,8,4,3,1,19,15,5,5,7,14,0,0,2011,13
LIV,1,1,0,4,4,7,2,0,2,1,5,8,1,1,4,7,0,0,2011,13
MCI,1,1,0,13,4,17,6,4,4,1,19,16,6,1,5,9,0,0,2011,13
MUN,1,1,0,3,5,8,5,0,2,1,10,7,2,1,1,2,0,0,2011,13
NEW,1,1,0,23,5,28,6,6,14,1,13,21,6,6,9,16,0,0,2011,13
NOR,1,1,0,9,4,13,3,4,2,1,19,9,6,2,2,6,0,0,2011,13
QPR,1,2,0,9,8,17,4,4,9,1,7,8,4,4,3,5,1,1,2011,13
STK,1,1,0,4,12,16,5,1,6,0,3,10,1,4,3,10,0,0,2011,13
SUN,1,2,0,6,6,12,4,0,1,2,7,7,1,3,3,12,1,1,2011,13
SWA,1,0,1,7,5,12,2,4,4,0,12,12,2,6,2,11,1,0,2011,13
TOT,1,1,0,7,4,11,5,3,0,0,9,14,4,3,4,5,0,0,2011,13
WBA,1,3,0,16,10,26,11,4,7,4,9,14,3,5,10,9,0,0,2011,13
WIG,1,1,0,11,8,19,9,3,5,4,12,20,4,3,6,8,1,1,2011,13
WOL,1,3,0,9,12,21,10,1,5,2,17,11,4,4,6,9,0,0,2011,13
ARS,1,0,1,2,5,7,2,0,0,1,11,7,2,2,1,9,1,0,2011,14
AVL,1,1,0,7,7,14,4,1,4,0,13,9,4,4,5,8,1,0,2011,14
BLA,1,2,0,7,3,10,3,1,1,3,14,7,4,1,4,14,1,1,2011,14
BOL,1,3,0,19,8,27,12,1,7,4,9,13,11,9,4,7,2,0,2011,14
CHE,1,0,1,8,8,16,2,1,2,0,8,19,4,4,2,12,1,0,2011,14
EVE,1,1,0,3,3,6,2,2,5,1,7,10,2,1,1,4,0,0,2011,14
FUL,1,0,1,9,11,20,6,2,4,1,16,12,8,4,4,7,0,0,2011,14
LIV,1,1,0,7,12,19,8,0,3,2,5,5,2,11,3,9,1,1,2011,14
MCI,1,1,0,4,2,6,2,1,2,0,7,9,1,1,2,2,0,0,2011,14
MUN,1,0,1,7,2,9,2,6,5,0,12,11,4,3,1,3,0,0,2011,14
NEW,1,3,0,15,7,22,9,1,3,4,10,5,3,9,5,8,0,0,2011,14
NOR,1,5,0,18,8,26,10,0,5,6,13,10,7,7,5,6,2,2,2011,14
QPR,1,1,0,5,11,16,5,2,5,1,7,9,3,3,3,8,0,0,2011,14
STK,1,0,1,8,6,14,0,4,5,1,11,32,2,3,4,5,0,0,2011,14
SUN,1,2,0,9,8,17,5,4,6,4,19,21,2,3,5,9,0,0,2011,14
SWA,1,4,0,9,6,15,5,3,8,4,3,5,2,3,2,8,0,0,2011,14
TOT,1,0,1,6,10,16,4,5,7,0,7,5,8,4,3,6,1,0,2011,14
WBA,1,1,0,3,8,11,2,3,0,1,16,10,3,1,4,8,0,0,2011,14
WIG,1,4,0,12,4,16,7,3,4,2,11,5,5,5,3,10,1,1,2011,14
WOL,1,1,0,12,8,20,8,3,3,2,15,2,8,4,2,5,0,0,2011,14
ARS,1,0,1,7,3,10,0,1,3,0,7,17,1,0,5,3,0,0,2011,15
AVL,1,1,0,10,7,17,7,2,7,1,4,14,3,2,2,6,0,0,2011,15
BLA,1,2,0,6,17,23,5,0,4,1,27,30,2,4,5,10,1,0,2011,15
BOL,1,2,0,11,4,15,5,3,4,5,16,9,7,2,4,7,0,0,2011,15
CHE,1,1,0,3,4,7,2,0,1,1,6,5,0,4,1,9,0,0,2011,15
EVE,1,1,0,11,3,14,3,3,4,0,15,9,6,4,3,8,1,0,2011,15
FUL,1,2,0,9,8,17,5,2,8,0,16,5,6,2,3,5,1,1,2011,15
LIV,1,0,1,3,4,7,1,2,2,0,6,8,1,2,3,6,0,0,2011,15
MCI,1,2,0,5,11,16,4,0,3,2,12,10,4,8,2,18,0,0,2011,15
MUN,1,1,0,5,6,11,5,2,1,0,4,24,2,2,5,10,0,0,2011,15
NEW,1,4,0,8,6,14,5,5,7,0,11,18,3,1,5,2,1,1,2011,15
NOR,1,2,0,3,10,13,6,0,0,1,13,5,3,4,3,6,0,0,2011,15
QPR,1,1,0,17,8,25,8,2,9,5,19,11,11,6,4,8,0,0,2011,15
STK,1,1,0,8,11,19,8,2,5,1,12,20,2,6,8,10,1,0,2011,15
SUN,1,1,0,2,1,3,2,1,2,1,4,1,0,0,1,6,0,0,2011,15
SWA,1,0,1,7,6,13,7,2,3,2,11,4,1,6,1,4,0,0,2011,15
TOT,1,2,0,10,3,13,6,4,7,1,20,6,3,3,2,7,1,0,2011,15
WBA,1,2,0,2,8,10,4,0,1,0,3,3,1,1,2,5,0,0,2011,15
WIG,1,1,0,17,6,23,3,8,9,1,21,20,6,5,8,3,0,0,2011,15
WOL,1,4,0,8,12,20,13,2,2,1,15,9,6,5,8,3,0,0,2011,15
ARS,1,1,0,11,4,15,6,1,1,5,10,9,1,0,7,10,3,0,2011,16
AVL,1,2,0,12,5,17,7,2,4,2,9,10,3,3,5,8,1,0,2011,16
BLA,1,2,0,8,6,14,4,2,3,1,14,17,5,4,4,6,0,0,2011,16
BOL,1,2,0,16,7,23,4,3,6,4,10,8,8,7,4,8,1,0,2011,16
CHE,1,1,0,9,5,14,5,2,2,1,8,8,3,3,2,12,1,1,2011,16
EVE,1,1,0,4,3,7,1,3,2,0,8,8,2,1,3,0,0,0,2011,16
FUL,1,0,1,6,10,16,6,3,4,1,14,2,3,3,6,10,1,0,2011,16
LIV,1,0,1,3,13,16,4,2,4,2,12,5,6,5,3,7,0,0,2011,16
MCI,1,0,1,6,8,14,6,3,6,0,14,5,4,3,4,10,0,0,2011,16
MUN,1,0,1,7,4,11,2,1,2,1,20,12,4,3,0,8,0,0,2011,16
NEW,1,0,1,1,2,3,0,0,0,0,5,4,1,2,0,5,0,0,2011,16
NOR,1,1,0,13,16,29,7,5,7,3,21,20,4,10,8,9,0,0,2011,16
QPR,1,2,0,18,4,22,7,6,8,3,14,7,7,8,5,6,0,0,2011,16
STK,1,1,0,6,6,11,3,2,3,1,8,24,2,2,3,4,1,0,2011,16
SUN,1,1,0,10,9,19,4,1,3,3,10,15,4,5,6,6,0,0,2011,16
SWA,1,0,1,13,9,22,3,4,10,0,18,23,4,4,6,6,0,0,2011,16
TOT,1,0,1,2,6,8,4,0,1,0,10,7,0,4,2,3,0,0,2011,16
WBA,1,1,0,8,8,16,6,2,4,1,6,10,1,9,3,6,0,0,2011,16
WIG,1,1,0,6,6,12,2,1,1,0,10,9,2,3,4,12,0,0,2011,16
WOL,1,2,0,5,5,10,4,4,4,2,19,14,3,0,5,3,1,1,2011,16
ARS,1,1,0,3,6,9,3,1,6,2,17,14,3,1,2,6,2,2,2011,17
AVL,1,2,0,5,6,11,5,2,3,2,14,7,1,7,2,12,0,0,2011,17
BLA,1,2,0,6,2,8,2,0,2,1,13,14,3,3,2,6,0,0,2011,17
BOL,1,1,0,8,10,18,2,2,4,2,9,15,2,3,4,5,0,0,2011,17
CHE,1,1,0,12,4,16,3,2,5,3,14,13,6,2,6,15,0,0,2011,17
EVE,1,0,1,2,3,5,1,1,1,0,7,4,2,2,0,6,0,0,2011,17
FUL,1,5,0,11,7,18,8,1,2,3,14,6,4,6,7,3,0,0,2011,17
LIV,1,0,1,7,12,19,6,3,4,0,10,9,1,9,5,6,0,0,2011,17
MCI,1,0,1,3,0,3,0,2,2,0,9,2,2,0,1,7,0,0,2011,17
MUN,1,0,1,6,9,15,5,1,2,1,10,2,3,9,1,5,1,0,2011,17
NEW,1,3,0,9,6,15,5,2,3,3,4,8,5,7,2,5,0,0,2011,17
NOR,1,2,0,14,7,21,6,6,6,3,6,22,3,3,9,5,0,0,2011,17
QPR,1,3,0,9,10,19,6,5,10,2,17,8,7,4,2,10,1,1,2011,17
STK,1,3,0,11,11,22,11,0,2,5,2,10,2,5,9,7,1,1,2011,17
SUN,1,2,0,11,10,21,5,7,5,3,22,9,5,5,2,5,1,1,2011,17
SWA,1,1,0,10,5,15,4,3,9,2,10,18,5,2,3,6,0,0,2011,17
TOT,1,1,0,10,12,22,7,4,6,5,7,12,7,2,5,2,0,0,2011,17
WBA,1,2,0,11,15,26,5,6,5,1,19,14,6,5,8,10,0,0,2011,17
WIG,1,0,1,10,11,21,9,3,8,2,12,17,3,4,5,11,0,0,2011,17
WOL,1,2,0,11,8,19,9,3,1,1,8,12,5,5,5,1,0,0,2011,17
ARS,1,1,0,3,3,6,1,1,2,1,1,6,0,2,1,2,0,0,2011,18
AVL,1,0,1,9,1,10,0,6,9,0,18,5,4,2,3,3,0,0,2011,18
BLA,1,1,0,17,11,27,6,8,9,5,34,20,8,5,6,8,1,0,2011,18
BOL,1,2,0,7,4,11,5,2,4,0,6,6,3,1,4,7,0,0,2011,18
CHE,1,1,0,6,3,9,5,3,2,2,3,6,2,2,3,14,0,0,2011,18
EVE,1,1,0,6,6,12,2,2,3,0,11,8,5,3,2,3,0,0,2011,18
FUL,1,1,0,15,10,25,12,5,6,1,21,14,6,10,6,11,1,0,2011,18
LIV,1,1,0,4,2,6,1,1,1,0,3,4,1,2,2,7,0,0,2011,18
MCI,1,0,1,2,6,8,1,1,5,1,6,10,3,3,0,4,0,0,2011,18
MUN,1,0,1,4,5,9,2,0,2,0,8,1,0,4,1,12,0,0,2011,18
NEW,1,0,1,2,2,4,1,0,2,0,8,11,0,2,0,5,0,0,2011,18
NOR,1,2,0,11,9,20,6,0,3,2,18,13,5,10,3,4,1,0,2011,18
QPR,1,1,0,5,3,8,2,2,4,0,11,11,4,0,3,6,0,0,2011,18
STK,1,0,1,5,5,10,2,1,5,1,8,8,2,2,3,5,0,0,2011,18
SUN,1,1,0,8,3,11,2,3,5,1,4,17,4,0,4,1,0,0,2011,18
SWA,1,1,0,8,6,14,4,5,5,1,17,14,7,1,4,1,0,0,2011,18
TOT,1,0,1,4,5,9,2,2,4,0,13,12,2,1,5,3,0,0,2011,18
WBA,1,0,1,7,10,17,4,3,5,2,11,23,1,4,7,4,0,0,2011,18
WIG,1,5,0,10,10,20,8,2,3,2,24,18,6,4,6,10,0,0,2011,18
WOL,1,1,0,18,9,27,10,6,11,4,23,15,6,5,8,9,0,0,2011,18
ARS,1,0,1,2,6,8,4,0,2,0,9,4,0,4,2,4,0,0,2011,19
AVL,1,1,0,6,12,18,2,2,6,1,19,21,1,3,4,5,0,0,2011,19
BLA,1,2,0,15,12,27,5,3,5,2,44,27,7,3,6,15,2,1,2011,19
BOL,1,1,0,4,5,9,2,4,3,1,9,14,3,2,3,1,0,0,2011,19
CHE,1,3,0,8,2,10,6,1,2,6,6,6,3,3,1,12,1,1,2011,19
EVE,1,0,1,8,5,13,0,3,1,2,12,6,3,3,5,4,0,0,2011,19
FUL,1,1,0,11,9,20,4,6,6,2,19,13,6,6,3,1,0,0,2011,19
LIV,1,1,0,1,3,4,0,0,1,1,3,4,1,0,2,2,0,0,2011,19
MCI,1,1,0,3,5,8,3,0,2,3,5,6,3,3,1,4,0,0,2011,19
MUN,1,3,0,6,5,11,3,2,2,2,2,4,1,1,5,10,1,1,2011,19
NEW,1,3,0,7,10,16,4,3,2,2,21,14,5,1,3,8,1,1,2011,19
NOR,1,1,0,5,6,11,2,2,3,1,6,1,2,6,1,8,0,0,2011,19
QPR,1,1,0,12,6,18,3,1,5,4,9,10,4,2,7,8,1,1,2011,19
STK,1,2,0,3,8,11,6,1,1,2,6,1,3,3,0,1,0,0,2011,19
SUN,1,0,1,14,13,27,5,4,6,3,10,20,8,6,7,10,0,0,2011,19
SWA,1,1,0,5,5,10,5,0,2,2,5,12,0,3,3,10,0,0,2011,19
TOT,1,1,0,8,5,13,3,2,3,2,13,12,5,1,5,5,2,1,2011,19
WBA,1,1,0,11,4,15,4,2,7,0,13,17,4,3,1,2,1,1,2011,19
WIG,1,2,0,9,4,13,2,7,6,2,16,19,4,3,3,1,0,0,2011,19
WOL,1,1,0,7,6,13,8,1,4,0,5,14,4,4,4,3,0,0,2011,19
ARS,1,2,0,11,11,22,5,7,7,4,14,10,2,6,8,14,4,2,2011,20
AVL,1,2,0,7,2,9,5,0,0,3,2,2,1,2,3,7,1,1,2011,20
BLA,1,2,0,5,4,9,3,1,0,2,13,9,3,3,2,4,0,0,2011,20
BOL,1,1,0,7,3,10,3,3,2,1,9,22,2,2,2,6,3,1,2011,20
CHE,1,1,0,7,2,9,4,4,4,2,5,5,3,3,2,1,0,0,2011,20
EVE,2,4,0,19,12,31,11,4,8,1,19,21,8,8,7,10,1,0,2011,20
FUL,1,1,0,11,8,19,9,1,2,3,14,4,5,6,4,7,0,0,2011,20
LIV,1,3,0,5,6,11,6,2,3,1,1,7,2,3,3,5,1,1,2011,20
MCI,1,0,1,7,9,16,6,1,3,2,23,16,1,4,4,8,0,0,2011,20
MUN,1,3,0,4,6,10,5,3,4,0,10,6,2,3,2,5,0,0,2011,20
NEW,1,0,1,2,5,6,2,1,3,1,13,13,0,1,3,9,0,0,2011,20
NOR,1,1,0,2,6,8,3,0,2,0,14,3,1,2,1,9,0,0,2011,20
QPR,1,2,0,7,8,15,5,3,3,0,7,21,5,4,6,2,0,0,2011,20
STK,1,1,0,13,4,17,5,4,11,4,14,15,1,10,2,1,0,0,2011,20
SUN,1,1,0,7,16,23,4,1,4,1,11,15,3,8,5,7,0,0,2011,20
SWA,1,0,1,10,1,11,1,4,7,1,25,26,3,3,4,5,0,0,2011,20
TOT,2,0,2,12,9,21,1,4,5,0,13,22,3,4,5,5,1,0,2011,20
WBA,1,1,0,8,12,20,5,2,3,0,19,16,5,3,10,10,0,0,2011,20
WIG,1,4,0,7,4,11,6,3,2,3,13,8,4,4,0,8,0,0,2011,20
WOL,1,2,0,10,7,17,7,1,5,2,18,6,4,8,1,4,0,0,2011,20
ARS,1,3,0,4,6,10,4,0,2,2,17,7,1,4,2,13,1,1,2011,21
AVL,1,1,0,6,2,8,4,2,5,2,11,6,1,4,1,2,0,0,2011,21
BLA,1,1,0,8,10,18,5,3,4,0,18,25,5,9,1,2,0,0,2011,21
BOL,1,3,0,16,7,23,7,4,4,5,28,7,12,6,2,10,0,0,2011,21
CHE,1,0,1,6,3,9,3,1,1,3,11,9,3,5,0,9,0,0,2011,21
EVE,1,1,0,10,6,16,7,5,10,1,17,15,6,2,3,8,0,0,2011,21
FUL,1,3,0,8,6,14,6,0,1,1,1,6,1,5,2,4,0,0,2011,21
LIV,1,0,1,0,3,3,1,0,0,0,6,2,2,0,0,2,1,0,2011,21
MCI,1,0,1,2,5,7,2,0,1,1,12,9,1,3,0,11,0,0,2011,21
MUN,1,0,1,6,4,10,0,1,2,0,6,4,0,3,1,8,0,0,2011,21
NEW,1,0,1,5,10,15,6,0,0,0,10,6,3,7,2,8,1,0,2011,21
NOR,1,1,0,11,8,19,6,4,5,3,8,27,3,5,5,4,0,0,2011,21
QPR,1,1,0,5,6,11,1,2,2,1,9,11,6,2,0,8,0,0,2011,21
STK,1,0,1,7,8,15,1,4,4,2,18,24,2,2,7,11,0,0,2011,21
SUN,1,1,0,12,13,25,7,3,9,1,17,7,8,3,4,10,0,0,2011,21
SWA,1,2,0,13,5,18,7,4,3,3,10,7,7,4,4,12,0,0,2011,21
TOT,1,1,0,5,0,5,3,1,2,1,3,6,0,1,2,4,0,0,2011,21
WBA,1,2,0,7,1,8,3,3,3,1,6,8,3,0,4,2,0,0,2011,21
WIG,1,1,0,11,3,14,6,4,2,3,13,9,5,3,4,9,0,0,2011,21
WOL,1,1,0,10,18,28,7,1,5,1,17,16,3,7,9,9,0,0,2011,21
ARS,1,2,0,9,0,9,5,1,1,3,9,16,2,2,4,17,0,0,2011,22
AVL,1,2,0,11,3,14,5,5,6,2,19,21,5,3,3,3,0,0,2011,22
BLA,1,1,0,13,3,16,5,6,9,2,13,12,5,3,4,0,0,0,2011,22
BOL,1,1,0,7,4,11,5,1,1,1,8,16,1,4,5,3,1,0,2011,22
CHE,1,0,1,3,3,6,2,2,1,0,8,8,2,3,1,3,0,0,2011,22
EVE,1,1,0,8,8,16,3,1,3,1,6,17,4,3,6,4,2,1,2011,22
FUL,1,2,0,5,12,17,8,2,3,1,13,12,3,5,4,10,0,0,2011,22
LIV,1,3,0,7,9,16,5,1,6,1,6,13,3,6,4,4,1,0,2011,22
MCI,1,2,0,3,11,14,3,0,3,2,3,8,1,3,6,7,2,1,2011,22
MUN,1,1,0,7,7,14,3,2,0,1,16,4,4,7,3,7,1,0,2011,22
NEW,1,5,0,8,4,12,9,0,3,5,4,2,1,5,1,4,0,0,2011,22
NOR,1,0,1,10,10,20,6,0,4,1,23,16,3,4,5,13,0,0,2011,22
QPR,1,1,0,3,6,9,2,0,3,1,9,3,4,1,2,3,0,0,2011,22
STK,1,2,0,5,11,16,5,0,1,1,4,10,1,7,3,11,1,1,2011,22
SUN,1,0,1,5,11,16,3,1,2,2,16,7,2,6,5,14,0,0,2011,22
SWA,1,2,0,9,6,15,3,2,2,1,7,8,0,2,8,5,0,0,2011,22
TOT,1,3,0,12,4,16,4,2,4,4,10,13,4,5,4,13,0,0,2011,22
WBA,1,1,0,6,6,12,2,2,5,1,17,10,5,3,0,6,0,0,2011,22
WIG,1,3,0,6,13,19,7,0,3,2,3,12,1,4,6,4,0,0,2011,22
WOL,1,3,0,4,9,13,4,2,3,2,17,9,2,2,2,6,2,2,2011,22
ARS,1,0,1,6,6,12,3,2,2,1,9,13,1,5,2,5,1,0,2011,23
AVL,1,2,0,2,2,4,3,0,0,0,6,12,1,1,1,7,0,0,2011,23
BLA,1,2,0,6,3,9,3,1,2,1,8,2,4,2,2,8,0,0,2011,23
BOL,1,0,1,13,3,16,3,3,3,4,14,6,5,5,4,9,0,0,2011,23
CHE,1,1,0,5,4,8,3,1,3,1,4,3,1,2,0,11,0,0,2011,23
EVE,1,0,1,12,9,21,3,4,4,0,19,13,4,7,5,4,0,0,2011,23
FUL,1,1,0,7,7,14,5,0,1,0,6,13,5,4,3,6,0,0,2011,23
LIV,1,0,1,3,3,6,1,2,2,0,12,10,2,3,1,4,0,0,2011,23
MCI,1,1,0,7,4,11,2,3,2,1,7,7,5,2,2,4,0,0,2011,23
MUN,1,0,1,1,8,9,2,1,1,0,13,6,1,4,2,1,0,0,2011,23
NEW,1,0,1,14,13,26,4,1,8,9,10,23,2,6,5,7,0,0,2011,23
NOR,1,3,0,5,7,12,5,2,2,1,12,6,8,0,3,10,0,0,2011,23
QPR,1,2,0,18,9,26,11,4,9,2,22,21,9,9,3,7,0,0,2011,23
STK,1,2,0,7,5,12,2,0,3,3,16,5,4,3,3,14,0,0,2011,23
SUN,1,0,1,6,9,14,2,3,5,0,10,10,3,4,2,2,0,0,2011,23
SWA,1,1,0,9,10,19,4,2,6,0,19,24,4,6,5,5,0,0,2011,23
TOT,1,1,0,3,6,9,3,0,0,0,13,6,1,0,5,4,1,0,2011,23
WBA,1,1,0,5,10,15,4,2,3,1,14,14,3,5,3,10,0,0,2011,23
WIG,1,3,0,12,8,20,9,5,3,2,7,10,3,4,11,8,0,0,2011,23
WOL,1,3,0,13,11,24,13,4,7,1,18,9,8,10,3,6,1,1,2011,23
ARS,1,1,0,1,5,5,2,1,3,0,6,2,1,2,0,10,0,0,2011,24
AVL,1,2,0,12,6,18,3,4,2,2,15,14,3,3,5,12,1,0,2011,24
BLA,1,7,0,12,7,19,7,1,6,5,19,12,3,7,4,11,1,1,2011,24
BOL,1,2,0,19,5,24,6,5,8,3,16,7,7,5,6,3,1,1,2011,24
CHE,1,3,0,7,10,16,9,2,3,3,9,14,4,4,3,9,0,0,2011,24
EVE,1,1,0,5,5,10,2,1,5,0,9,12,0,4,2,3,1,1,2011,24
FUL,1,3,0,10,6,16,4,0,2,2,8,10,3,4,3,7,0,0,2011,24
LIV,1,0,1,5,5,10,3,1,3,1,7,5,2,0,4,5,0,0,2011,24
MCI,1,0,1,4,10,13,5,1,3,0,15,3,3,6,0,7,0,0,2011,24
MUN,1,3,0,7,13,20,8,3,4,0,11,9,8,5,4,6,0,0,2011,24
NEW,1,1,0,7,7,14,7,1,4,4,9,13,3,4,6,11,0,0,2011,24
NOR,1,0,1,4,9,13,2,1,4,0,16,15,3,3,3,8,0,0,2011,24
QPR,1,2,0,5,8,13,5,2,2,0,12,16,3,6,1,5,0,0,2011,24
STK,1,1,0,4,2,6,1,2,2,1,7,10,2,0,2,4,1,0,2011,24
SUN,1,0,1,3,6,9,3,2,2,0,8,6,1,2,4,3,0,0,2011,24
SWA,1,1,0,14,7,21,6,6,7,1,14,16,5,3,4,9,0,0,2011,24
TOT,1,0,1,6,11,17,4,4,5,1,17,15,4,9,2,5,0,0,2011,24
WBA,1,2,0,9,7,16,2,1,3,3,13,11,2,2,5,2,0,0,2011,24
WIG,1,1,0,4,7,10,4,1,5,0,10,9,1,2,4,3,0,0,2011,24
WOL,1,1,0,3,10,13,6,0,1,1,18,6,3,5,3,7,0,0,2011,24
ARS,1,1,0,5,5,10,3,1,3,0,6,13,0,1,1,5,0,0,2011,25
AVL,1,1,0,10,8,18,7,2,6,2,5,19,5,7,3,12,0,0,2011,25
BLA,1,2,0,15,15,29,7,4,5,2,23,9,8,11,3,10,1,1,2011,25
BOL,1,2,0,9,4,13,6,2,4,2,7,12,1,4,5,3,0,0,2011,25
CHE,1,2,0,4,5,9,4,1,1,2,6,5,1,2,1,9,2,0,2011,25
EVE,1,0,1,8,6,14,4,2,3,0,17,16,4,1,1,6,0,0,2011,25
FUL,1,1,0,8,6,13,2,2,4,1,13,14,3,6,2,3,0,0,2011,25
LIV,1,2,0,10,1,11,6,3,2,4,9,7,3,5,1,7,1,1,2011,25
MCI,1,0,1,5,4,9,3,4,4,2,14,6,4,2,2,4,0,0,2011,25
MUN,1,1,0,4,6,10,3,1,3,2,10,6,2,4,0,5,1,1,2011,25
NEW,1,5,0,11,7,18,7,0,1,5,9,8,5,7,2,7,0,0,2011,25
NOR,1,2,0,11,6,17,4,3,6,3,14,13,5,5,2,5,1,0,2011,25
QPR,1,3,0,4,4,8,2,0,3,0,4,7,1,4,2,6,0,0,2011,25
STK,1,2,0,5,5,10,3,1,3,1,6,6,0,5,4,5,1,0,2011,25
SUN,1,2,0,6,8,14,4,1,3,1,17,10,4,4,2,9,0,0,2011,25
SWA,1,3,0,10,6,16,9,3,7,4,6,19,1,4,7,3,0,0,2011,25
TOT,1,0,1,5,3,8,2,2,1,2,8,7,3,0,2,5,0,0,2011,25
WBA,1,1,0,5,7,12,4,4,4,0,16,16,2,3,3,7,0,0,2011,25
WIG,1,1,0,7,6,13,4,1,4,0,10,15,1,6,4,2,0,0,2011,25
WOL,1,5,0,19,10,29,13,3,7,4,12,10,5,10,9,7,3,1,2011,25
ARS,1,2,0,6,5,11,5,2,2,1,5,10,0,0,6,5,0,0,2011,26
AVL,1,0,1,9,9,18,2,4,6,1,8,23,5,4,5,5,0,0,2011,26
BLA,1,3,0,21,7,28,9,2,6,5,17,18,8,7,10,7,2,1,2011,26
BOL,1,3,0,13,13,26,13,5,10,0,17,12,6,6,8,6,0,0,2011,26
CHE,1,0,1,4,7,11,1,1,1,0,9,8,4,1,3,6,0,0,2011,26
FUL,1,0,1,6,11,17,7,1,4,2,15,7,3,4,7,7,0,0,2011,26
MCI,1,0,1,1,4,5,1,0,3,0,0,7,0,0,3,1,0,0,2011,26
MUN,1,1,0,10,6,16,5,5,3,2,19,13,9,2,3,0,1,0,2011,26
NEW,1,2,0,4,6,10,4,1,2,1,8,12,2,2,3,5,0,0,2011,26
NOR,1,2,0,8,3,11,6,1,1,5,22,3,4,5,2,6,0,0,2011,26
QPR,1,1,0,6,2,8,2,0,2,1,5,6,1,4,1,9,0,0,2011,26
STK,1,0,1,4,5,9,2,1,2,2,11,8,4,2,2,8,0,0,2011,26
SUN,1,4,0,13,7,20,10,4,6,3,11,16,3,4,8,12,1,0,2011,26
SWA,1,2,0,8,1,9,2,6,6,1,18,8,5,2,0,4,0,0,2011,26
TOT,1,5,0,15,8,23,8,3,6,5,14,9,10,5,2,11,1,1,2011,26
WBA,1,0,1,2,8,10,3,1,1,0,12,9,2,6,0,5,0,0,2011,26
WIG,1,0,1,5,5,10,3,2,5,3,6,14,0,2,4,7,0,0,2011,26
WOL,1,2,0,6,9,15,5,1,1,1,6,6,5,3,5,4,1,1,2011,26
ARS,1,1,0,10,2,12,4,2,2,4,20,18,3,1,4,7,0,0,2011,27
AVL,1,1,0,5,10,15,4,3,3,2,6,20,2,5,3,5,1,0,2011,27
BLA,1,1,0,7,9,16,5,2,0,4,9,10,8,2,3,5,0,0,2011,27
BOL,1,2,0,16,8,24,8,1,3,7,7,6,9,6,2,10,1,0,2011,27
CHE,1,1,0,13,12,25,7,6,9,2,23,12,5,6,6,9,0,0,2011,27
EVE,1,1,0,12,10,22,5,4,12,4,9,15,3,3,8,3,1,0,2011,27
FUL,1,0,1,8,5,13,1,2,3,0,12,18,0,4,5,4,0,0,2011,27
LIV,1,2,0,7,4,10,7,2,0,2,7,1,4,3,3,8,0,0,2011,27
MCI,1,0,1,6,3,8,5,3,2,0,4,7,2,4,2,9,0,0,2011,27
MUN,1,1,0,9,9,18,6,3,7,1,15,8,4,5,4,12,1,1,2011,27
NEW,1,1,0,3,5,8,4,0,2,3,6,8,3,1,0,5,0,0,2011,27
NOR,1,1,0,9,3,12,4,5,1,2,20,13,6,2,2,3,0,0,2011,27
QPR,1,1,0,5,4,9,2,2,4,0,8,14,2,3,0,6,1,0,2011,27
STK,1,0,1,2,6,8,3,1,3,0,4,6,1,4,2,1,0,0,2011,27
SUN,1,1,0,16,14,30,5,8,19,2,20,31,2,3,8,11,0,0,2011,27
SWA,1,0,1,9,7,16,2,3,4,1,14,20,4,2,6,1,0,0,2011,27
TOT,1,3,0,4,2,6,5,1,3,2,5,7,3,0,2,5,1,1,2011,27
WBA,1,0,1,6,7,13,2,1,4,2,14,12,1,3,5,5,0,0,2011,27
WIG,1,2,0,6,6,12,5,1,3,1,8,4,2,5,1,13,0,0,2011,27
WOL,1,5,0,16,11,27,12,2,7,5,16,5,5,11,6,6,2,2,2011,27
ARS,1,1,0,3,1,4,2,0,1,0,3,9,1,2,0,3,0,0,2011,28
AVL,1,0,1,3,4,7,1,0,1,0,5,6,0,3,2,7,0,0,2011,28
BLA,1,0,1,10,4,14,3,4,1,2,16,17,4,1,7,4,0,0,2011,28
BOL,1,1,0,12,8,20,4,1,5,2,15,10,2,7,3,5,0,0,2011,28
CHE,1,0,1,3,5,8,0,0,2,0,3,4,2,1,1,4,0,0,2011,28
EVE,2,3,1,28,12,40,14,5,14,4,25,25,7,15,8,16,2,1,2011,28
FUL,1,1,0,9,7,16,6,2,6,2,22,20,4,4,3,3,1,1,2011,28
LIV,2,1,1,7,8,15,3,2,3,2,16,18,3,4,5,14,0,0,2011,28
MCI,1,1,0,7,5,12,5,4,3,2,14,10,2,6,2,3,0,0,2011,28
MUN,1,0,1,4,3,7,3,1,2,1,5,5,1,2,2,6,1,0,2011,28
NEW,1,2,0,16,7,23,7,5,7,6,22,9,8,5,4,12,0,0,2011,28
NOR,1,1,0,14,6,20,7,4,3,4,13,13,8,4,6,8,1,0,2011,28
QPR,1,2,0,9,3,12,3,5,7,2,21,15,6,3,2,5,0,0,2011,28
STK,1,1,0,7,16,23,8,4,6,1,23,12,5,7,6,8,1,0,2011,28
SUN,1,0,1,3,7,10,3,1,1,0,11,10,3,4,1,7,0,0,2011,28
SWA,1,0,1,15,7,22,6,5,10,0,9,14,5,9,4,6,0,0,2011,28
TOT,1,1,0,4,5,9,5,0,2,0,2,7,1,3,3,3,0,0,2011,28
WBA,1,2,0,18,5,23,8,3,3,6,13,13,6,10,4,14,0,0,2011,28
WIG,1,1,0,8,6,14,2,4,4,0,10,13,4,3,6,3,0,0,2011,28
WOL,1,2,0,9,5,14,5,1,5,1,6,9,3,2,4,6,0,0,2011,28
ARS,1,0,1,4,3,7,1,3,4,1,7,16,0,2,2,0,0,0,2011,29
BLA,1,0,1,2,1,3,1,0,2,1,10,25,0,0,1,1,0,0,2011,29
CHE,1,2,0,11,10,21,5,0,4,3,16,22,4,6,3,16,1,0,2011,29
EVE,1,1,0,10,4,14,4,2,5,3,9,11,1,5,4,10,0,0,2011,29
FUL,1,3,0,7,3,10,5,1,0,1,9,6,3,3,3,3,1,1,2011,29
LIV,1,3,0,4,7,11,5,2,2,2,19,9,2,4,2,8,1,1,2011,29
MCI,1,1,0,4,3,7,2,0,1,0,15,4,0,3,3,6,0,0,2011,29
MUN,1,0,1,4,3,7,3,3,3,1,9,14,1,2,3,9,0,0,2011,29
NEW,1,0,1,6,5,11,4,2,2,2,11,11,3,2,4,7,1,0,2011,29
NOR,1,1,0,8,6,14,6,0,1,2,11,5,2,4,4,2,0,0,2011,29
QPR,1,2,0,14,5,19,7,3,8,2,17,18,3,7,4,9,1,0,2011,29
STK,1,1,0,9,17,26,7,2,8,1,12,19,6,8,4,11,0,0,2011,29
SUN,1,2,0,9,7,16,5,4,8,4,6,8,2,1,6,7,0,0,2011,29
SWA,1,0,1,5,11,16,5,1,5,0,9,3,2,3,4,6,0,0,2011,29
TOT,1,1,0,8,2,10,2,4,4,2,7,4,3,2,0,5,0,0,2011,29
WBA,1,1,0,15,6,21,5,6,7,3,16,32,7,4,6,3,1,0,2011,29
WIG,1,1,0,7,3,10,1,4,4,1,15,5,5,2,3,8,0,0,2011,29
WOL,1,5,0,10,12,22,9,2,5,5,15,4,8,8,4,7,0,0,2011,29
ARS,1,0,1,2,1,3,0,0,1,0,9,7,1,1,1,6,0,0,2011,30
AVL,1,3,0,13,6,19,7,5,6,3,17,13,5,4,5,10,2,2,2011,30
BLA,1,2,0,13,4,17,4,8,6,4,17,18,4,5,4,6,0,0,2011,30
BOL,1,1,0,10,1,11,3,7,7,0,8,9,3,0,6,5,1,0,2011,30
CHE,1,0,1,12,8,20,3,4,6,5,8,7,3,5,6,10,0,0,2011,30
EVE,1,0,1,4,7,11,1,1,2,0,12,5,3,4,1,5,0,0,2011,30
FUL,1,1,0,14,7,21,8,2,3,3,16,13,7,6,2,12,1,1,2011,30
LIV,1,2,0,4,4,8,2,0,1,3,0,7,0,2,0,9,0,0,2011,30
MCI,1,1,0,5,6,11,2,4,5,1,12,8,7,0,1,7,0,0,2011,30
MUN,1,0,1,3,4,7,2,0,0,0,6,2,2,5,0,6,0,0,2011,30
NEW,1,1,0,10,7,17,2,5,6,1,16,15,2,4,5,12,1,1,2011,30
NOR,1,1,0,7,6,13,2,2,5,0,13,21,2,4,2,5,0,0,2011,30
QPR,1,3,0,14,3,17,4,4,5,1,13,11,3,3,5,6,1,1,2011,30
STK,1,1,0,9,7,16,6,3,1,2,7,18,4,2,7,3,1,1,2011,30
SUN,1,1,0,3,8,11,1,2,4,0,10,4,1,4,3,6,0,0,2011,30
SWA,1,2,0,8,7,15,5,1,3,5,12,10,2,5,4,2,0,0,2011,30
TOT,1,0,1,4,5,9,2,1,4,0,18,12,3,2,2,5,0,0,2011,30
WBA,1,3,0,4,7,11,7,0,2,3,2,7,1,1,3,6,0,0,2011,30
WIG,1,1,0,8,11,19,5,2,3,1,15,17,3,6,5,10,0,0,2011,30
WOL,1,2,0,8,6,14,3,3,3,2,10,11,1,3,3,7,0,0,2011,30
ARS,1,2,0,7,4,11,6,2,3,0,11,6,5,1,3,10,1,1,2011,31
AVL,1,4,0,9,4,13,6,2,3,4,4,7,2,5,2,8,0,0,2011,31
BLA,1,2,0,7,6,13,5,2,4,1,33,13,5,3,3,7,1,0,2011,31
BOL,1,2,0,11,5,16,5,6,4,2,20,22,3,2,7,4,0,0,2011,31
CHE,1,2,0,8,1,9,5,4,5,1,11,21,2,1,5,2,1,1,2011,31
EVE,1,0,1,4,5,9,2,0,0,1,10,7,3,2,2,8,0,0,2011,31
FUL,1,1,0,9,7,16,4,3,5,0,15,18,3,7,3,2,0,0,2011,31
LIV,1,2,0,7,3,10,3,6,4,1,12,4,7,2,1,7,1,0,2011,31
MCI,1,3,0,5,4,9,3,1,1,2,11,6,4,2,2,1,1,0,2011,31
MUN,1,0,1,4,7,11,4,2,4,0,7,7,1,3,3,4,1,0,2011,31
NEW,2,0,2,13,15,28,9,6,7,1,36,16,8,7,5,21,2,0,2011,31
NOR,1,2,0,12,3,15,7,2,3,3,8,4,4,4,3,4,0,0,2011,31
QPR,1,1,0,5,8,13,6,2,6,2,12,10,3,3,1,8,0,0,2011,31
STK,1,2,0,9,5,14,6,2,5,4,8,16,4,3,4,7,3,1,2011,31
SUN,1,3,0,14,12,26,7,3,10,2,21,24,6,5,5,3,0,0,2011,31
SWA,2,5,0,16,9,25,12,7,5,4,13,17,7,7,6,16,0,0,2011,31
TOT,1,1,0,4,7,11,2,2,5,0,12,4,3,3,1,11,0,0,2011,31
WBA,1,2,0,8,9,17,7,4,2,1,7,14,2,6,6,7,0,0,2011,31
WIG,1,0,1,4,1,5,1,2,2,0,10,4,2,0,2,4,1,0,2011,31
WOL,1,3,0,16,4,20,7,3,2,6,10,11,7,2,5,6,0,0,2011,31
ARS,1,0,1,4,2,6,0,1,4,0,10,6,2,1,1,12,0,0,2011,32
AVL,1,1,0,17,7,24,5,7,7,2,23,25,7,4,8,9,0,0,2011,32
BLA,1,3,0,7,6,13,5,5,9,2,19,6,3,2,6,5,0,0,2011,32
BOL,1,3,0,7,4,11,6,1,1,4,7,3,2,6,1,9,0,0,2011,32
CHE,1,1,0,4,7,11,3,2,3,1,7,8,1,6,3,4,0,0,2011,32
EVE,1,2,0,6,9,15,6,1,4,1,10,15,1,5,2,2,0,0,2011,32
FUL,1,0,1,8,4,12,1,2,3,0,12,24,3,3,3,4,0,0,2011,32
LIV,1,1,0,3,2,5,2,1,2,0,4,7,3,0,1,2,0,0,2011,32
MCI,1,1,0,10,3,13,3,4,3,5,24,14,3,2,4,11,1,1,2011,32
MUN,1,0,1,2,7,9,0,1,2,0,5,4,2,2,3,3,1,0,2011,32
NOR,1,2,0,7,3,10,5,2,2,1,13,9,0,0,6,4,0,0,2011,32
QPR,1,2,0,14,13,27,10,3,6,4,27,10,6,9,4,5,1,1,2011,32
STK,1,1,0,5,7,12,4,1,4,1,12,15,2,1,4,5,1,1,2011,32
SUN,1,0,1,6,10,16,1,2,2,2,9,10,3,4,3,10,0,0,2011,32
TOT,1,0,1,10,2,12,3,5,4,0,11,14,5,1,3,4,0,0,2011,32
WBA,1,0,1,7,10,16,7,3,3,3,7,9,3,4,4,11,0,0,2011,32
WIG,1,2,0,15,5,20,7,3,3,2,9,15,2,7,6,8,0,0,2011,32
WOL,1,2,0,9,4,13,4,6,6,2,12,11,4,2,3,3,0,0,2011,32
ARS,1,0,1,7,3,10,2,2,1,1,9,9,2,2,3,5,1,0,2011,33
AVL,1,1,0,8,0,8,2,6,5,1,26,5,3,1,2,3,0,0,2011,33
BLA,1,3,0,7,9,16,5,4,5,3,8,6,3,3,3,6,2,1,2011,33
BOL,1,2,0,2,6,8,3,0,2,2,10,12,1,3,2,11,0,0,2011,33
CHE,1,1,0,6,4,10,7,3,4,1,8,14,2,3,3,4,0,0,2011,33
EVE,1,0,1,2,2,3,0,0,1,0,4,13,1,0,2,6,0,0,2011,33
FUL,1,1,0,6,9,15,3,3,4,2,9,16,3,4,3,3,0,0,2011,33
LIV,1,2,0,8,7,15,6,5,5,3,14,15,2,1,7,7,0,0,2011,33
MCI,1,0,1,3,2,5,1,1,1,0,3,4,1,0,4,4,0,0,2011,33
MUN,1,1,0,5,8,13,3,0,4,0,3,11,1,2,5,12,0,0,2011,33
NEW,1,0,1,5,4,9,3,2,2,1,19,9,3,2,1,10,0,0,2011,33
NOR,1,1,0,9,6,15,3,2,5,4,11,20,3,3,7,3,0,0,2011,33
QPR,1,0,1,8,3,11,2,4,5,1,18,6,5,2,1,5,0,0,2011,33
STK,1,1,0,4,3,7,3,2,2,0,6,2,4,1,1,4,0,0,2011,33
SUN,1,4,0,11,11,22,5,1,5,0,13,8,3,9,7,10,0,0,2011,33
SWA,1,3,0,9,9,18,6,0,5,1,18,3,6,4,3,10,1,0,2011,33
TOT,1,2,0,6,6,12,4,1,5,2,8,8,2,2,2,3,1,1,2011,33
WBA,1,4,0,12,7,19,5,2,1,4,9,8,4,8,7,6,0,0,2011,33
WIG,1,0,1,3,6,9,1,1,2,1,12,5,4,4,1,4,0,0,2011,33
WOL,1,3,0,11,1,12,7,1,0,3,13,2,4,3,2,11,0,0,2011,33
ARS,1,2,0,10,5,15,7,1,3,4,2,6,1,1,6,15,3,1,2011,34
AVL,1,4,0,23,6,29,9,3,10,6,17,12,9,5,8,13,1,1,2011,34
BLA,1,3,0,13,9,22,8,3,5,1,23,7,7,5,5,9,1,0,2011,34
MCI,1,1,0,8,8,16,5,2,3,2,18,11,2,6,2,6,1,1,2011,34
MUN,1,0,1,7,5,12,2,4,4,0,11,2,4,2,4,2,0,0,2011,34
NOR,1,6,0,16,7,23,11,2,4,4,8,4,3,9,7,18,2,2,2011,34
QPR,1,1,0,8,7,15,5,1,4,1,9,10,7,3,4,4,1,0,2011,34
SUN,1,0,1,6,5,11,5,4,0,0,9,15,2,3,5,2,1,0,2011,34
SWA,1,0,1,5,4,8,2,4,4,0,5,5,4,1,2,5,0,0,2011,34
WBA,1,0,1,11,7,18,2,4,6,0,22,10,7,4,3,7,0,0,2011,34
WIG,1,1,0,15,8,23,4,6,8,3,27,8,7,6,5,14,1,0,2011,34
WOL,1,0,1,12,3,15,3,5,3,3,18,16,5,7,2,5,0,0,2011,34
ARS,1,0,1,10,4,14,2,4,8,0,12,9,3,2,5,6,1,0,2011,35
AVL,2,2,1,16,12,28,8,6,5,5,16,25,4,9,7,9,1,0,2011,35
BLA,1,0,1,9,4,13,3,4,4,0,14,11,5,5,1,5,0,0,2011,35
BOL,2,2,0,28,16,44,8,6,11,2,30,27,9,14,10,21,1,0,2011,35
CHE,1,0,1,9,4,13,4,2,5,2,13,12,2,3,5,7,0,0,2011,35
EVE,1,4,0,14,10,24,7,7,8,4,16,16,6,6,5,8,0,0,2011,35
FUL,1,1,0,5,5,10,4,0,2,0,4,8,3,3,2,4,0,0,2011,35
LIV,1,1,0,4,5,9,3,0,2,2,2,7,1,2,3,3,2,1,2011,35
MCI,1,0,1,2,4,6,3,1,3,0,18,13,0,3,1,4,0,0,2011,35
MUN,1,4,0,11,6,17,7,3,1,1,8,3,7,2,6,2,2,1,2011,35
NEW,1,0,1,4,4,8,0,0,3,1,13,10,0,3,2,1,0,0,2011,35
NOR,1,2,0,5,3,8,3,2,3,2,13,11,0,2,5,2,0,0,2011,35
QPR,1,0,1,9,11,20,6,4,8,2,21,15,6,6,2,14,0,0,2011,35
STK,1,3,0,9,8,17,9,3,4,3,5,3,2,4,6,3,0,0,2011,35
SUN,1,0,1,5,8,13,4,0,2,0,16,11,4,4,2,8,1,0,2011,35
SWA,1,1,0,6,4,10,2,3,3,1,12,16,2,1,3,5,0,0,2011,35
TOT,1,1,0,5,7,12,3,0,3,0,9,2,5,2,1,9,0,0,2011,35
WBA,1,0,1,18,12,30,4,5,8,3,22,24,7,8,6,8,0,0,2011,35
WIG,1,2,0,8,6,14,4,2,4,2,12,10,1,8,3,3,0,0,2011,35
WOL,1,2,0,12,5,17,5,1,2,4,8,8,4,5,5,10,1,0,2011,35
ARS,1,1,0,3,2,5,2,2,1,0,12,8,2,0,1,1,1,0,2011,36
AVL,1,0,1,14,6,20,2,4,5,3,12,11,5,2,9,4,1,0,2011,36
BLA,1,2,0,9,10,19,4,3,3,2,17,16,5,5,4,13,0,0,2011,36
BOL,2,6,0,15,11,26,10,3,6,4,16,18,3,9,9,12,0,0,2011,36
CHE,2,3,0,9,17,26,6,3,7,0,17,18,5,8,7,14,0,0,2011,36
EVE,2,1,1,12,6,17,5,6,8,0,18,14,6,1,4,13,0,0,2011,36
FUL,2,4,1,17,17,33,10,6,8,3,31,22,3,13,6,8,0,0,2011,36
LIV,2,1,1,9,10,19,5,4,4,1,15,9,6,5,4,8,1,0,2011,36
MCI,1,0,1,4,1,5,0,1,2,0,11,17,1,1,2,1,0,0,2011,36
MUN,1,1,0,11,4,15,3,1,4,0,16,10,8,5,2,14,0,0,2011,36
NEW,2,4,1,14,14,28,8,4,6,1,24,17,5,6,9,11,1,1,2011,36
NOR,1,3,0,13,3,16,5,2,2,4,6,6,2,3,4,8,2,2,2011,36
QPR,1,6,0,17,13,30,13,4,7,5,10,9,9,11,2,9,1,1,2011,36
STK,2,2,0,18,10,28,9,5,9,4,19,25,5,8,9,10,2,1,2011,36
SUN,1,2,0,10,6,16,6,4,4,2,6,13,1,5,5,10,0,0,2011,36
SWA,1,4,0,12,5,17,6,5,4,3,8,29,5,2,4,4,1,0,2011,36
TOT,2,1,1,11,4,15,5,3,8,3,12,18,4,1,4,5,0,0,2011,36
WBA,1,0,1,11,1,12,3,4,3,4,9,7,4,3,3,0,0,0,2011,36
WIG,1,0,1,6,5,11,2,2,5,1,4,8,0,1,7,7,0,0,2011,36
WOL,1,4,0,8,3,11,7,3,0,2,9,3,4,2,2,11,1,0,2011,36
ARS,1,3,0,11,2,13,4,2,1,4,12,7,4,3,4,1,2,1,2011,37
AVL,1,1,0,10,12,22,4,2,4,1,27,15,7,6,4,11,0,0,2011,37
BLA,1,1,0,13,7,20,6,5,5,1,14,13,7,3,5,10,1,0,2011,37
BOL,1,2,0,15,5,19,10,4,5,2,15,8,6,5,5,6,0,0,2011,37
CHE,1,4,0,12,11,23,6,3,7,9,11,8,3,8,5,7,3,2,2011,37
EVE,1,0,1,5,4,9,0,3,3,0,10,10,6,1,1,3,0,0,2011,37
FUL,1,1,0,6,7,13,6,2,4,1,8,6,4,3,2,6,0,0,2011,37
LIV,1,1,0,6,6,11,2,3,6,1,8,7,3,1,3,2,0,0,2011,37
MCI,1,0,1,8,7,15,3,2,3,1,5,10,3,3,4,4,0,0,2011,37
MUN,1,0,1,4,9,13,6,0,2,0,5,7,3,8,0,3,0,0,2011,37
NEW,1,2,0,12,9,21,7,1,5,5,9,10,3,8,4,10,2,1,2011,37
NOR,1,3,0,21,2,23,11,5,6,9,20,13,7,7,4,13,0,0,2011,37
QPR,1,0,1,6,2,8,0,2,3,2,15,5,3,1,1,2,0,0,2011,37
STK,1,1,0,9,13,22,6,5,8,1,17,12,2,8,6,8,1,0,2011,37
SUN,1,2,0,14,8,22,7,1,10,1,9,6,3,9,4,9,0,0,2011,37
SWA,1,2,0,18,10,28,7,5,8,3,29,21,8,12,3,9,0,0,2011,37
TOT,1,1,0,2,2,4,1,1,1,1,9,4,1,2,0,0,0,0,2011,37
WBA,1,2,0,8,7,15,5,5,2,3,6,15,2,2,5,5,0,0,2011,37
WIG,1,0,1,3,9,12,2,0,3,1,10,13,3,5,1,2,0,0,2011,37
WOL,1,0,1,13,8,21,4,3,3,2,13,15,5,5,2,5,2,0,2011,37
ARS,1,2,0,6,7,13,5,1,3,1,16,8,4,6,1,12,0,0,2011,38
AVL,1,2,0,12,11,23,8,2,7,4,21,7,7,5,3,1,1,1,2011,38
BLA,1,2,0,9,10,19,4,3,2,2,12,21,7,3,6,6,1,0,2011,38
BOL,1,2,0,11,6,17,7,3,3,5,14,7,9,0,3,5,0,0,2011,38
CHE,1,1,0,3,7,10,4,2,4,1,5,4,2,3,2,4,1,0,2011,38
EVE,1,1,0,6,5,11,3,1,0,1,6,4,3,7,0,2,1,0,2011,38
FUL,1,2,0,10,7,17,6,2,4,3,8,9,2,3,5,6,0,0,2011,38
LIV,1,1,0,9,4,13,4,1,6,1,12,5,3,3,3,8,0,0,2011,38
MCI,1,2,0,2,1,3,3,1,1,1,1,1,0,0,2,1,1,1,2011,38
MUN,1,0,1,3,5,8,2,1,2,0,4,9,1,3,1,2,0,0,2011,38
NEW,1,3,0,9,9,17,10,3,6,4,5,9,4,7,2,5,0,0,2011,38
NOR,1,0,1,5,5,10,5,3,4,1,11,8,2,2,4,4,0,0,2011,38
QPR,1,3,0,27,17,44,15,5,17,5,32,35,9,8,15,7,1,1,2011,38
STK,1,2,0,8,12,20,4,2,5,0,16,14,1,3,7,2,2,1,2011,38
SUN,1,1,0,13,8,21,7,3,8,4,13,9,4,3,4,7,0,0,2011,38
SWA,1,0,1,7,6,13,5,3,5,1,10,9,5,2,2,4,0,0,2011,38
TOT,1,0,1,3,8,11,5,0,2,0,8,5,2,4,3,4,0,0,2011,38
WBA,1,3,0,9,4,13,3,0,2,1,17,7,4,4,1,12,2,2,2011,38
WIG,1,2,0,7,2,9,4,3,2,2,6,12,2,1,3,4,1,1,2011,38
WOL,1,3,0,9,5,14,8,1,5,1,9,11,2,5,5,3,0,0,2011,38
