Team,Games Played,Goals Conceded,Clean Sheets,Shots ConcededIn,Shots ConcededOut,Shots ConcededTotal,Shots ConcededOn Target,Shots ConcededHead,Shots ConcededSP,Shots ConcededBC,Crosses ConcededLeft Flank,Crosses ConcededRight Flank,Chances ConcededLeft Flank,Chances ConcededCentre,Chances ConcededRight Flank,Defensive SlipsLost,Defensive SlipsErr,Defensive SlipsErr Goal,Season,GW ID
ARS,1,0,1,1,4,5,2,0,1,0,7,8,1,0,2,6,0,0,2020,1
BHA,1,3,0,7,3,10,5,1,2,1,8,5,2,4,3,5,0,0,2020,1
CHE,1,1,0,7,6,13,3,1,3,2,10,4,4,1,5,8,1,1,2020,1
CRY,1,0,1,7,2,9,5,3,4,2,11,7,2,2,2,6,0,0,2020,1
EVE,1,0,1,8,1,9,5,4,2,2,10,14,2,4,3,5,0,0,2020,1
FUL,1,3,0,9,4,13,5,1,5,3,12,4,4,1,3,6,1,0,2020,1
LEE,1,4,0,17,5,22,6,2,4,3,11,9,6,6,2,19,0,0,2020,1
LEI,1,0,1,3,4,7,1,0,2,0,7,2,1,1,2,3,1,0,2020,1
LIV,1,3,0,4,2,6,3,1,1,0,5,4,2,1,0,9,1,1,2020,1
NEW,1,0,1,10,5,15,3,3,5,0,17,13,5,5,1,5,0,0,2020,1
SHU,1,2,0,7,4,11,4,3,3,3,9,6,3,1,4,14,0,0,2020,1
SOU,1,1,0,5,0,5,3,2,3,3,3,13,1,0,4,10,0,0,2020,1
TOT,1,1,0,10,5,15,4,2,1,2,1,11,4,7,2,18,1,0,2020,1
WBA,1,3,0,11,2,13,7,1,3,4,11,6,0,2,3,9,0,0,2020,1
WHU,1,2,0,10,5,15,2,3,2,1,11,9,3,5,5,9,0,0,2020,1
WOL,1,0,1,8,1,9,1,4,3,1,29,14,4,0,4,6,0,0,2020,1
ARS,1,1,0,7,7,14,2,3,2,3,16,11,3,3,3,5,1,0,2020,2
AVL,1,0,1,3,1,4,1,0,2,1,9,5,1,1,0,6,0,0,2020,2
BHA,1,0,1,3,3,6,0,2,2,1,12,8,0,2,3,2,0,0,2020,2
BUR,1,4,0,11,3,14,6,1,3,1,11,17,3,4,5,4,0,0,2020,2
CHE,1,2,0,10,8,18,5,1,5,3,9,15,5,5,2,12,1,1,2020,2
CRY,1,1,0,7,10,17,4,3,5,2,18,9,5,3,4,13,0,0,2020,2
EVE,1,2,0,2,4,6,4,0,1,0,5,1,0,1,3,5,1,0,2020,2
FUL,1,4,0,8,2,10,7,2,4,1,15,5,2,3,2,12,0,0,2020,2
LEE,1,3,0,7,7,14,6,3,3,3,11,7,5,4,0,20,0,0,2020,2
LEI,1,2,0,11,6,16,5,3,6,2,5,10,0,5,6,7,0,0,2020,2
LIV,1,0,1,3,2,5,3,1,1,1,3,1,0,1,1,16,0,0,2020,2
MCI,1,1,0,6,4,10,1,3,3,1,10,3,7,3,0,12,0,0,2020,2
MUN,1,3,0,9,5,14,5,0,2,2,3,6,2,6,3,9,0,0,2020,2
NEW,1,3,0,6,7,13,6,0,1,2,5,4,3,5,0,2,0,0,2020,2
SHU,1,1,0,11,7,18,2,5,5,0,17,24,6,5,7,4,0,0,2020,2
SOU,1,5,0,7,2,9,6,0,1,4,1,6,4,2,2,8,0,0,2020,2
TOT,1,2,0,9,5,14,7,1,4,3,2,10,2,2,3,11,0,0,2020,2
WBA,1,5,0,13,4,17,7,6,9,4,15,17,1,4,7,7,1,0,2020,2
WHU,1,2,0,5,2,7,3,1,0,2,6,11,0,2,4,8,0,0,2020,2
WOL,1,3,0,8,6,14,9,0,3,3,7,1,2,4,4,12,0,0,2020,2
ARS,1,3,0,12,9,21,8,1,4,4,8,14,5,7,3,8,1,0,2020,3
AVL,1,0,1,11,5,16,2,7,2,0,19,24,7,2,4,22,1,0,2020,3
BHA,1,3,0,6,1,7,3,1,3,2,1,7,0,2,2,14,1,0,2020,3
BUR,1,1,0,3,2,5,1,1,1,1,5,1,3,0,1,4,0,0,2020,3
CHE,1,3,0,5,4,9,3,0,2,1,9,5,1,4,2,10,1,1,2020,3
CRY,1,2,0,7,3,10,5,1,4,3,2,12,3,0,3,7,0,0,2020,3
EVE,1,1,0,5,3,8,1,2,6,1,17,9,3,1,1,9,0,0,2020,3
FUL,1,3,0,10,2,12,5,2,4,4,3,5,3,5,3,10,0,0,2020,3
LEE,1,0,1,9,5,14,4,2,3,2,10,5,4,4,5,12,1,0,2020,3
LEI,1,2,0,6,10,16,5,4,4,2,16,11,5,3,1,7,0,0,2020,3
LIV,1,1,0,3,1,4,3,0,0,3,5,3,2,1,0,5,1,1,2020,3
MCI,1,5,0,4,3,7,7,0,0,4,3,4,1,2,1,6,0,0,2020,3
MUN,1,2,0,12,7,18,5,2,6,5,12,17,4,5,5,20,0,0,2020,3
NEW,1,1,0,15,8,23,12,5,9,4,12,8,3,5,6,8,0,0,2020,3
SHU,1,1,0,9,8,17,8,5,3,2,11,14,2,7,7,7,0,0,2020,3
SOU,1,0,1,5,5,10,2,2,3,0,9,25,1,2,1,3,0,0,2020,3
TOT,1,1,0,4,2,6,1,1,3,1,8,9,1,2,1,6,0,0,2020,3
WBA,1,3,0,10,12,22,10,0,4,3,25,12,8,3,5,5,0,0,2020,3
WHU,1,0,1,4,8,11,2,2,3,0,12,6,3,2,3,20,0,0,2020,3
WOL,1,4,0,13,2,15,7,5,3,3,2,7,2,1,9,16,0,0,2020,3
ARS,1,1,0,1,5,6,2,0,1,0,6,12,1,1,2,7,1,0,2020,4
AVL,1,2,0,10,4,14,8,2,1,4,6,14,2,6,3,13,0,0,2020,4
BHA,1,4,0,6,5,11,6,2,2,4,3,9,3,4,3,9,1,1,2020,4
BUR,1,3,0,6,4,10,5,2,0,3,10,5,5,2,1,9,0,0,2020,4
CHE,1,0,1,2,2,4,0,1,1,0,14,4,2,0,2,8,0,0,2020,4
CRY,1,4,0,12,5,17,6,4,4,3,15,8,6,5,2,5,0,0,2020,4
EVE,1,2,0,6,5,11,3,0,2,1,12,4,2,3,1,16,3,1,2020,4
FUL,1,1,0,7,7,14,5,3,4,2,5,13,3,1,3,6,1,0,2020,4
LEE,1,1,0,16,7,23,1,3,4,0,9,11,1,10,7,22,4,0,2020,4
LEI,1,3,0,12,2,14,6,6,4,3,7,5,3,5,5,6,0,0,2020,4
LIV,1,7,0,13,5,18,11,1,2,6,8,1,5,3,5,11,1,1,2020,4
MCI,1,1,0,11,1,12,7,2,1,5,8,5,3,3,3,10,2,1,2020,4
MUN,1,6,0,16,6,22,8,2,8,6,6,2,3,6,8,11,2,2,2020,4
NEW,1,1,0,6,1,7,3,2,4,0,12,8,3,1,2,3,0,0,2020,4
SHU,1,2,0,5,1,6,5,2,0,1,4,14,2,3,1,12,1,0,2020,4
SOU,1,0,1,3,2,5,2,0,2,0,5,4,2,1,0,9,0,0,2020,4
TOT,1,1,0,2,3,5,2,1,1,1,4,5,0,1,3,17,0,0,2020,4
WBA,1,2,0,8,5,13,7,2,4,1,5,8,3,2,4,6,0,0,2020,4
WHU,1,0,1,3,1,4,0,0,0,1,11,10,1,1,0,11,1,0,2020,4
WOL,1,0,1,6,4,10,2,1,6,1,13,15,2,3,3,10,0,0,2020,4
ARS,1,1,0,8,5,13,5,1,2,3,3,7,4,6,1,10,0,0,2020,5
AVL,1,0,1,6,5,11,5,1,4,0,5,6,4,2,1,9,0,0,2020,5
BHA,1,1,0,1,0,1,1,0,0,1,5,7,0,0,0,6,0,0,2020,5
BUR,1,0,1,8,5,13,6,1,8,0,13,8,4,2,5,2,0,0,2020,5
CHE,1,3,0,9,4,13,6,1,4,2,7,6,1,7,0,9,2,2,2020,5
CRY,1,1,0,12,8,20,3,4,7,0,8,9,6,3,5,10,2,1,2020,5
EVE,1,2,0,15,7,22,8,4,5,4,9,11,3,5,6,11,2,1,2020,5
FUL,1,1,0,6,4,10,6,3,0,3,9,6,5,2,1,4,0,0,2020,5
LEE,1,1,0,4,3,7,3,0,1,1,4,6,2,2,2,14,0,0,2020,5
LEI,1,1,0,5,5,10,4,2,5,1,14,12,1,0,6,14,0,0,2020,5
LIV,1,2,0,6,5,11,5,4,2,2,4,8,4,4,2,8,0,0,2020,5
MCI,1,0,1,7,4,11,3,3,8,1,4,9,1,2,4,9,0,0,2020,5
MUN,1,1,0,3,4,7,4,0,1,1,5,5,0,4,3,15,0,0,2020,5
NEW,1,4,0,15,14,28,12,2,6,2,10,9,2,12,10,11,0,0,2020,5
SHU,1,1,0,9,6,15,6,5,5,2,9,7,1,4,7,15,1,0,2020,5
SOU,1,3,0,11,0,11,5,4,3,2,6,7,2,3,4,7,0,0,2020,5
TOT,1,3,0,10,3,13,4,3,6,1,11,22,1,4,3,11,0,0,2020,5
WBA,1,0,1,6,3,9,4,5,3,2,8,21,2,1,3,9,0,0,2020,5
WHU,1,3,0,5,7,11,6,2,1,3,8,4,2,2,5,10,0,0,2020,5
WOL,1,0,1,13,0,13,2,5,4,1,15,22,3,3,4,7,0,0,2020,5
ARS,1,1,0,2,4,6,2,1,1,2,4,1,0,2,1,7,0,0,2020,6
AVL,1,3,0,20,7,27,9,3,5,3,8,12,5,9,8,6,0,0,2020,6
BHA,1,1,0,3,7,9,3,0,1,0,7,11,1,2,2,5,0,0,2020,6
BUR,1,1,0,8,1,9,3,3,3,1,8,10,3,4,1,7,0,0,2020,6
CHE,1,0,1,7,7,14,4,2,5,0,10,10,3,3,6,8,1,0,2020,6
CRY,1,1,0,10,6,16,3,2,5,1,15,14,3,4,8,13,0,0,2020,6
EVE,1,2,0,10,3,13,6,1,2,0,4,12,4,3,5,18,0,0,2020,6
FUL,1,2,0,11,3,14,10,2,2,4,3,4,3,3,5,13,0,0,2020,6
LEE,1,0,1,7,5,12,3,0,1,3,4,10,1,8,1,12,2,0,2020,6
LEI,1,0,1,9,3,12,4,3,5,0,6,14,2,3,5,2,0,0,2020,6
LIV,1,1,0,9,4,13,2,1,1,2,14,6,4,3,3,9,0,0,2020,6
MCI,1,1,0,2,4,6,2,1,0,0,5,7,2,1,2,6,0,0,2020,6
MUN,1,0,1,4,2,6,1,0,2,0,10,9,0,1,3,6,1,0,2020,6
NEW,1,1,0,4,12,16,3,0,2,0,10,8,3,5,4,16,0,0,2020,6
SHU,1,2,0,10,7,17,5,4,6,5,12,10,5,2,4,12,0,0,2020,6
SOU,1,0,1,3,3,6,2,1,3,0,3,18,0,2,2,13,0,0,2020,6
TOT,1,0,1,3,10,13,3,2,3,1,6,9,1,4,4,7,1,0,2020,6
WBA,1,1,0,3,2,5,3,1,1,1,4,12,0,2,2,7,0,0,2020,6
WHU,1,1,0,6,8,14,7,0,2,1,10,13,2,4,4,11,1,0,2020,6
WOL,1,1,0,2,3,5,2,0,1,0,13,3,3,1,0,12,0,0,2020,6
ARS,1,0,1,4,4,8,2,3,2,0,7,11,2,3,3,5,0,0,2020,7
AVL,1,4,0,4,5,9,4,2,5,1,1,1,1,2,4,6,0,0,2020,7
BHA,1,2,0,5,4,9,3,2,3,3,3,6,3,1,2,2,0,0,2020,7
BUR,1,3,0,7,7,14,9,5,5,2,11,5,4,5,1,8,1,1,2020,7
CHE,1,0,1,1,4,5,0,0,1,1,5,5,1,3,0,6,0,0,2020,7
CRY,1,2,0,9,6,15,5,2,3,3,15,9,2,5,5,9,0,0,2020,7
EVE,1,2,0,7,4,11,4,1,4,4,3,8,2,2,2,11,0,0,2020,7
FUL,1,0,1,6,4,10,1,3,1,0,5,8,4,2,1,9,1,0,2020,7
LEE,1,4,0,9,1,10,8,1,0,5,7,5,2,3,1,9,1,1,2020,7
LEI,1,1,0,6,5,11,4,1,3,3,14,11,2,3,3,10,0,0,2020,7
LIV,1,1,0,4,0,4,3,1,1,0,10,8,1,0,0,6,0,0,2020,7
MCI,1,0,1,2,1,3,1,1,0,1,9,7,1,1,1,4,0,0,2020,7
MUN,1,1,0,3,4,7,2,1,1,1,6,10,1,2,2,6,0,0,2020,7
NEW,1,1,0,9,6,15,4,2,2,1,11,16,2,5,5,5,0,0,2020,7
SHU,1,1,0,10,6,16,8,2,4,2,4,7,2,1,7,17,0,0,2020,7
SOU,1,3,0,14,5,19,10,5,8,4,12,19,4,2,9,12,0,0,2020,7
TOT,1,1,0,5,1,6,2,3,3,0,7,10,2,1,3,6,0,0,2020,7
WBA,1,2,0,6,7,13,4,1,1,2,7,9,2,3,3,24,1,0,2020,7
WHU,1,2,0,6,3,9,5,0,2,2,12,4,4,2,0,11,0,0,2020,7
WOL,1,0,1,6,5,11,2,2,4,1,6,12,2,2,2,13,0,0,2020,7
ARS,1,3,0,14,1,15,5,2,2,2,9,6,3,2,9,12,0,0,2020,8
AVL,1,0,1,8,6,13,2,1,5,2,12,13,1,3,4,8,1,0,2020,8
BHA,1,0,1,3,1,4,1,2,2,0,8,8,0,1,2,5,0,0,2020,8
BUR,1,0,1,12,7,19,3,5,3,2,21,14,5,3,6,12,0,0,2020,8
CHE,1,1,0,4,2,6,3,0,2,1,9,5,2,3,0,3,0,0,2020,8
CRY,1,1,0,5,5,9,3,2,5,1,10,13,4,1,2,8,0,0,2020,8
EVE,1,3,0,7,6,13,5,1,4,4,3,5,0,5,4,6,1,0,2020,8
FUL,1,1,0,10,6,16,7,6,6,1,16,17,3,3,4,5,0,0,2020,8
LEE,1,4,0,7,3,10,6,1,2,3,4,6,1,0,7,8,1,1,2020,8
LEI,1,0,1,4,4,8,2,1,2,1,12,8,2,4,1,6,1,0,2020,8
LIV,1,1,0,4,3,7,2,1,0,2,7,2,1,3,2,3,2,0,2020,8
MCI,1,1,0,5,5,10,3,0,2,1,4,7,1,4,1,8,2,0,2020,8
MUN,1,1,0,5,2,7,1,1,1,0,11,18,2,0,3,12,0,0,2020,8
NEW,1,2,0,9,6,15,7,1,3,0,9,3,3,6,3,9,2,2,2020,8
SHU,1,4,0,10,10,20,9,1,7,4,11,5,8,5,2,3,1,1,2020,8
SOU,1,0,1,3,1,4,2,2,2,0,4,6,0,0,3,9,0,0,2020,8
TOT,1,0,1,7,5,12,2,4,5,1,20,10,3,2,4,11,0,0,2020,8
WBA,1,1,0,13,6,19,5,4,4,3,12,9,5,5,4,7,0,0,2020,8
WHU,1,0,1,7,6,13,3,2,6,2,8,11,0,3,5,9,0,0,2020,8
WOL,1,1,0,6,4,10,3,2,3,2,18,6,2,3,1,5,0,0,2020,8
ARS,1,0,1,15,10,25,4,5,3,2,13,14,6,4,6,4,0,0,2020,9
AVL,1,2,0,6,1,7,3,1,0,3,6,10,4,1,1,2,1,0,2020,9
BHA,1,1,0,8,7,15,4,1,5,4,24,17,4,3,3,8,1,0,2020,9
BUR,1,0,1,7,8,15,5,1,5,2,11,13,1,10,3,13,1,0,2020,9
CHE,1,0,1,4,5,8,1,0,3,0,12,8,3,1,3,7,0,0,2020,9
CRY,1,1,0,6,4,10,4,2,2,4,4,7,0,6,2,4,2,1,2020,9
EVE,1,2,0,7,7,14,6,1,0,3,5,5,5,5,3,19,0,0,2020,9
FUL,1,3,0,7,2,9,7,1,1,3,10,11,0,4,4,11,0,0,2020,9
LEE,1,0,1,5,4,9,2,1,3,1,2,11,4,1,1,14,0,0,2020,9
LEI,1,3,0,19,5,24,11,6,6,7,12,13,7,7,4,13,0,0,2020,9
LIV,1,0,1,7,5,11,4,2,4,3,7,10,2,3,4,15,0,0,2020,9
MCI,1,2,0,1,3,4,2,0,1,2,1,1,0,1,1,4,0,0,2020,9
MUN,1,0,1,6,1,7,2,2,2,1,4,4,0,2,4,14,0,0,2020,9
NEW,1,2,0,9,5,14,3,2,2,3,11,4,3,7,3,5,1,0,2020,9
SHU,1,1,0,13,2,15,3,3,4,2,13,9,4,8,2,8,0,0,2020,9
SOU,1,1,0,15,5,20,9,6,8,2,10,13,4,6,4,15,0,0,2020,9
TOT,1,0,1,15,7,22,5,5,8,2,20,10,6,7,6,17,0,0,2020,9
WBA,1,1,0,11,6,17,7,2,8,3,6,14,6,5,1,18,0,0,2020,9
WHU,1,0,1,6,3,9,5,2,1,2,13,8,3,4,0,6,0,0,2020,9
WOL,1,1,0,5,2,7,2,0,1,2,8,4,0,6,1,8,0,0,2020,9
ARS,1,2,0,9,2,11,5,2,1,3,5,6,3,3,2,10,0,0,2020,10
AVL,1,2,0,4,2,6,2,1,2,1,6,5,2,1,2,5,1,0,2020,10
BHA,1,1,0,3,3,6,2,0,1,0,6,6,0,2,1,7,0,0,2020,10
BUR,1,5,0,13,6,19,6,4,5,2,4,7,6,6,5,8,1,1,2020,10
CHE,1,0,1,2,3,5,1,0,3,0,4,3,0,3,0,9,0,0,2020,10
CRY,1,2,0,7,7,14,7,4,4,2,9,8,2,3,3,4,1,0,2020,10
EVE,1,1,0,17,6,23,6,2,0,5,6,10,6,9,3,6,0,0,2020,10
FUL,1,1,0,8,8,16,3,0,10,1,15,12,5,3,1,8,0,0,2020,10
LEE,1,0,1,10,5,15,8,2,3,2,7,6,2,9,2,13,1,0,2020,10
LEI,1,2,0,7,3,10,5,1,2,4,4,4,2,4,2,11,1,0,2020,10
LIV,1,1,0,7,4,11,3,1,3,3,8,5,2,4,0,13,0,0,2020,10
MCI,1,0,1,4,5,9,1,2,2,0,9,11,2,4,1,7,0,0,2020,10
MUN,1,2,0,5,5,10,5,1,4,0,6,7,2,2,2,12,0,0,2020,10
NEW,1,0,1,8,4,12,3,4,3,0,6,20,0,4,4,10,0,0,2020,10
SHU,1,1,0,9,8,17,6,3,10,2,16,9,5,2,6,5,0,0,2020,10
SOU,1,3,0,10,5,15,6,4,5,6,9,12,2,2,6,9,1,0,2020,10
TOT,1,0,1,9,4,13,3,2,2,0,18,8,5,1,5,6,1,0,2020,10
WBA,1,0,1,18,3,21,5,5,3,6,12,11,7,5,5,13,0,0,2020,10
WHU,1,1,0,10,6,16,6,4,6,3,15,15,3,5,6,14,0,0,2020,10
WOL,1,1,0,10,3,13,2,4,5,2,18,17,3,0,3,2,1,0,2020,10
ARS,1,2,0,2,3,5,3,1,1,0,2,4,0,3,1,5,0,0,2020,11
BHA,1,2,0,7,3,10,3,3,3,2,3,14,5,3,0,11,0,0,2020,11
BUR,1,1,0,8,5,13,6,0,1,4,12,6,5,4,2,13,0,0,2020,11
CHE,1,1,0,5,3,8,3,0,2,1,9,5,2,1,3,13,1,1,2020,11
CRY,1,1,0,7,3,9,4,3,3,0,9,5,3,0,5,9,0,0,2020,11
EVE,1,1,0,5,3,8,3,1,3,1,16,11,2,5,0,17,0,0,2020,11
FUL,1,2,0,13,2,15,5,0,3,6,9,2,3,7,0,12,0,0,2020,11
LEE,1,3,0,19,4,23,10,7,8,7,8,7,7,4,8,12,2,0,2020,11
LEI,1,1,0,3,1,4,1,3,2,0,10,12,3,0,1,8,0,0,2020,11
LIV,1,0,1,6,4,9,3,3,2,0,17,8,4,0,1,6,1,0,2020,11
MCI,1,0,1,4,2,6,1,2,2,0,4,3,5,0,0,19,0,0,2020,11
MUN,1,1,0,14,5,19,6,4,7,5,10,15,5,4,4,7,0,0,2020,11
SHU,1,2,0,9,4,13,4,0,4,2,20,7,0,6,1,16,1,0,2020,11
SOU,1,1,0,11,1,12,4,2,2,3,9,8,2,4,2,15,0,0,2020,11
TOT,1,0,1,6,5,11,2,4,2,0,15,29,2,2,2,11,0,0,2020,11
WBA,1,5,0,14,4,18,6,2,5,1,7,5,3,9,5,9,0,0,2020,11
WHU,1,3,0,10,5,15,6,0,0,3,4,6,3,4,7,6,0,0,2020,11
WOL,1,4,0,7,4,11,6,3,2,2,8,12,4,2,3,10,1,1,2020,11
ARS,1,1,0,7,3,10,2,2,5,1,7,10,3,1,4,4,0,0,2020,12
AVL,1,0,1,10,6,16,7,3,4,1,14,8,5,5,1,18,1,0,2020,12
BHA,1,3,0,13,2,15,6,0,4,2,14,3,7,3,3,9,0,0,2020,12
BUR,1,0,1,12,7,18,6,5,5,3,22,16,8,2,6,4,0,0,2020,12
CHE,1,1,0,8,1,9,4,3,4,1,10,7,2,1,4,16,0,0,2020,12
CRY,1,1,0,7,7,14,6,3,5,2,11,8,4,1,2,5,1,1,2020,12
EVE,1,0,1,4,6,10,3,0,4,1,23,9,3,3,0,15,0,0,2020,12
FUL,1,1,0,7,5,12,6,1,2,3,18,15,4,1,1,14,0,0,2020,12
LEE,1,2,0,12,7,19,8,6,6,3,14,8,8,3,3,11,0,0,2020,12
LEI,1,0,1,6,6,12,4,2,6,1,7,7,4,1,4,10,0,0,2020,12
LIV,1,1,0,6,4,10,5,2,3,4,12,5,3,1,3,11,0,0,2020,12
MCI,1,0,1,7,4,11,2,3,4,0,4,2,6,3,1,10,0,0,2020,12
MUN,1,0,1,6,3,9,2,0,1,3,7,4,2,3,2,14,0,0,2020,12
NEW,1,1,0,4,9,13,3,0,3,0,15,9,2,5,2,6,0,0,2020,12
SHU,1,3,0,11,5,16,6,2,5,4,11,8,2,7,4,9,1,0,2020,12
SOU,1,0,1,3,0,3,0,1,1,0,7,9,1,0,2,6,0,0,2020,12
TOT,1,1,0,11,5,16,5,4,9,2,9,5,3,5,4,7,1,1,2020,12
WBA,1,2,0,9,3,12,6,3,5,1,11,8,3,1,6,7,0,0,2020,12
WHU,1,1,0,10,3,13,7,4,4,1,11,16,5,0,4,11,0,0,2020,12
WOL,1,1,0,8,5,13,2,1,4,1,8,20,2,1,5,9,0,0,2020,12
ARS,1,1,0,5,8,13,3,0,3,2,15,10,1,2,3,8,1,0,2020,13
AVL,1,0,1,3,3,6,4,1,2,0,7,6,2,3,0,4,0,0,2020,13
BHA,1,0,1,7,2,9,4,3,3,2,3,6,0,1,6,13,0,0,2020,13
BUR,1,0,1,18,9,27,6,5,8,1,16,11,6,6,10,16,0,0,2020,13
CHE,1,2,0,6,6,12,4,2,4,1,6,11,2,4,3,15,0,0,2020,13
CRY,1,1,0,5,4,9,2,3,1,0,23,5,4,1,2,6,0,0,2020,13
EVE,1,0,1,5,9,14,2,3,4,1,14,2,6,4,1,11,0,0,2020,13
FUL,1,0,1,5,4,9,4,3,5,1,11,12,2,0,4,9,0,0,2020,13
LEE,1,2,0,8,2,10,4,4,4,2,9,6,5,1,3,14,0,0,2020,13
LEI,1,2,0,9,2,11,6,4,8,2,13,3,5,1,2,11,0,0,2020,13
LIV,1,1,0,5,3,8,2,1,2,4,5,5,1,3,1,4,2,0,2020,13
MCI,1,1,0,3,2,5,1,1,2,1,4,1,1,0,1,6,0,0,2020,13
MUN,1,2,0,9,3,12,6,3,2,1,10,7,3,2,5,7,1,1,2020,13
NEW,1,5,0,17,8,25,10,8,4,3,13,23,4,8,8,7,0,0,2020,13
SHU,1,3,0,9,6,15,8,2,4,4,1,7,2,6,2,8,1,1,2020,13
SOU,1,1,0,5,4,9,4,1,2,1,3,8,0,3,5,8,0,0,2020,13
TOT,1,2,0,15,2,17,11,2,3,0,14,14,2,6,7,8,1,0,2020,13
WBA,1,1,0,17,10,26,7,7,9,4,20,12,9,5,6,9,0,0,2020,13
WHU,1,1,0,7,1,8,2,4,2,2,9,5,4,2,1,8,0,0,2020,13
WOL,1,1,0,7,6,13,3,2,6,2,12,22,2,2,6,10,0,0,2020,13
ARS,1,2,0,3,6,9,2,3,5,1,12,6,4,0,1,7,0,0,2020,14
AVL,1,0,1,0,1,1,1,0,1,0,4,6,0,0,0,9,0,0,2020,14
BHA,1,1,0,3,2,5,3,0,2,1,4,5,0,1,3,5,0,0,2020,14
BUR,1,1,0,9,6,15,3,2,5,1,13,9,3,5,2,14,0,0,2020,14
CHE,1,0,1,6,0,6,0,2,2,0,15,10,2,0,1,7,1,0,2020,14
CRY,1,7,0,11,3,14,7,4,4,5,4,7,3,5,4,9,1,0,2020,14
EVE,1,1,0,9,5,13,2,2,2,1,7,12,2,4,4,9,0,0,2020,14
FUL,1,1,0,6,7,12,5,3,6,1,13,6,3,3,1,5,0,0,2020,14
LEE,1,6,0,19,7,26,14,5,8,7,5,7,3,9,7,19,1,0,2020,14
LEI,1,0,1,5,4,8,3,3,7,1,15,8,2,2,2,12,0,0,2020,14
LIV,1,0,1,4,1,5,3,2,2,1,6,6,1,2,1,11,0,0,2020,14
MCI,1,0,1,7,2,9,3,5,2,1,15,9,4,3,0,9,0,0,2020,14
MUN,1,2,0,14,3,17,4,6,4,3,17,18,7,2,4,4,1,0,2020,14
NEW,1,1,0,6,5,11,4,2,6,2,6,16,1,2,4,13,0,0,2020,14
SHU,1,1,0,16,5,21,4,7,8,4,21,16,9,4,5,9,1,0,2020,14
SOU,1,1,0,5,6,11,5,0,2,1,5,4,2,1,6,16,0,0,2020,14
TOT,1,2,0,12,5,17,4,3,3,1,8,4,8,6,1,9,1,0,2020,14
WBA,1,3,0,11,8,19,10,4,2,3,9,18,3,5,8,14,0,0,2020,14
WHU,1,3,0,9,2,11,7,3,3,6,13,6,2,4,2,6,0,0,2020,14
WOL,1,2,0,6,4,10,4,1,3,2,8,8,1,2,3,5,1,0,2020,14
ARS,1,1,0,11,8,19,3,6,7,3,21,13,9,1,4,9,0,0,2020,15
AVL,1,0,1,6,7,13,6,1,4,1,16,11,0,5,3,9,1,0,2020,15
BHA,1,2,0,8,3,11,4,4,4,2,16,10,3,3,2,6,0,0,2020,15
BUR,1,1,0,6,5,11,4,1,1,3,7,5,3,2,2,8,0,0,2020,15
CHE,1,3,0,12,3,15,7,0,3,3,4,12,2,3,1,7,1,0,2020,15
CRY,1,3,0,17,3,20,9,5,5,8,7,10,6,3,6,14,0,0,2020,15
EVE,1,0,1,9,1,10,1,5,7,1,8,7,4,1,3,7,0,0,2020,15
FUL,1,0,1,1,2,3,2,1,2,0,6,6,1,0,0,9,0,0,2020,15
LEE,1,0,1,10,4,14,6,4,5,2,20,16,3,5,4,9,0,0,2020,15
LEI,1,2,0,8,2,9,4,3,2,5,1,6,0,3,6,11,0,0,2020,15
LIV,1,1,0,3,2,5,3,1,1,2,13,1,3,1,0,3,0,0,2020,15
MCI,1,0,1,4,3,7,2,2,4,0,10,8,2,2,1,4,0,0,2020,15
MUN,1,2,0,5,5,10,2,1,5,1,15,7,4,1,1,10,0,0,2020,15
NEW,1,2,0,8,3,11,6,1,1,6,6,5,1,6,2,12,0,0,2020,15
SHU,1,1,0,4,3,7,3,0,1,1,10,3,0,3,3,18,1,0,2020,15
SOU,1,0,1,7,3,10,1,2,2,1,13,11,0,3,5,12,0,0,2020,15
TOT,1,1,0,7,4,11,6,3,3,1,19,11,5,2,1,14,0,0,2020,15
WBA,1,1,0,8,9,17,2,6,7,2,19,16,7,4,2,8,0,0,2020,15
WHU,1,2,0,8,5,13,4,2,2,2,6,7,4,3,3,10,0,0,2020,15
WOL,1,1,0,4,2,6,3,2,3,0,4,3,2,2,1,6,0,0,2020,15
ARS,1,0,1,9,4,13,2,4,6,0,16,11,7,1,2,13,1,0,2020,16
AVL,1,1,0,10,6,16,5,2,2,1,10,17,6,2,3,4,1,0,2020,16
BHA,1,1,0,9,2,11,3,2,5,1,6,7,3,1,5,5,0,0,2020,16
BUR,1,0,1,4,3,7,2,2,2,1,11,12,2,0,4,11,0,0,2020,16
CHE,1,1,0,7,3,10,2,1,3,1,8,11,2,5,2,10,0,0,2020,16
CRY,1,1,0,9,8,17,3,2,6,2,15,11,4,1,5,12,0,0,2020,16
LEE,1,0,1,2,3,4,1,0,0,1,8,9,0,0,1,3,2,0,2020,16
LEI,1,1,0,4,0,4,1,1,1,0,5,8,2,1,1,6,0,0,2020,16
LIV,1,0,1,5,3,8,2,3,3,1,12,6,4,1,2,4,0,0,2020,16
MUN,1,0,1,7,2,9,5,1,2,0,8,3,3,2,2,7,1,0,2020,16
NEW,1,0,1,6,5,11,4,4,5,3,17,20,3,1,3,7,0,0,2020,16
SHU,1,1,0,4,1,5,3,3,3,2,9,3,2,1,1,3,0,0,2020,16
SOU,1,0,1,6,2,8,3,2,2,1,8,10,2,1,1,8,0,0,2020,16
WBA,1,5,0,8,6,14,6,3,1,2,18,10,6,3,3,14,1,1,2020,16
WHU,1,0,1,4,4,8,3,1,2,1,12,7,2,3,2,2,0,0,2020,16
WOL,1,1,0,6,5,11,3,3,1,3,6,12,4,0,5,11,0,0,2020,16
ARS,1,0,1,4,3,7,3,2,1,2,6,15,1,2,4,10,0,0,2020,17
AVL,1,2,0,12,7,19,9,3,5,3,7,10,7,2,6,9,0,0,2020,17
BHA,1,3,0,7,4,11,4,2,3,2,10,4,4,2,2,16,0,0,2020,17
CHE,1,3,0,14,4,18,6,2,3,6,4,3,4,3,7,9,0,0,2020,17
CRY,1,0,1,4,3,7,2,0,2,0,9,11,3,0,1,7,0,0,2020,17
EVE,1,1,0,7,4,11,5,2,3,2,9,9,1,4,0,4,1,0,2020,17
LEE,1,3,0,14,6,20,7,2,7,4,6,2,2,9,2,19,1,0,2020,17
LEI,1,1,0,5,3,8,2,4,6,0,12,7,2,1,1,11,0,0,2020,17
LIV,1,1,0,1,6,7,2,0,1,1,3,1,3,2,2,12,1,1,2020,17
MCI,1,1,0,5,4,9,2,3,3,1,8,11,3,3,3,16,0,0,2020,17
MUN,1,1,0,12,3,15,5,5,5,2,14,13,5,2,4,10,0,0,2020,17
NEW,1,2,0,4,5,9,3,1,2,1,14,7,3,1,3,10,0,0,2020,17
SHU,1,2,0,6,3,9,4,2,1,0,8,3,0,1,7,15,0,0,2020,17
SOU,1,0,1,12,5,17,1,5,6,2,20,23,4,3,5,14,0,0,2020,17
TOT,1,0,1,10,8,18,5,3,1,1,13,11,4,4,5,12,0,0,2020,17
WBA,1,4,0,17,4,21,11,2,2,5,8,13,4,6,6,12,1,0,2020,17
WHU,1,0,1,5,5,10,2,3,5,0,9,14,2,2,3,7,0,0,2020,17
WOL,1,3,0,10,4,13,4,2,4,3,10,9,6,1,3,7,0,0,2020,17
ARS,1,0,1,8,4,12,2,3,4,0,4,5,2,2,5,17,0,0,2020,18
BHA,1,1,0,13,3,16,6,0,4,4,13,7,5,5,2,18,0,0,2020,18
BUR,1,1,0,9,4,13,7,0,1,1,8,13,4,3,4,6,0,0,2020,18
CRY,1,0,1,5,6,11,4,3,6,0,13,12,4,2,1,18,0,0,2020,18
EVE,1,1,0,7,5,12,3,2,5,1,16,10,4,1,5,9,0,0,2020,18
FUL,1,1,0,10,5,15,6,4,5,7,12,9,6,2,2,13,0,0,2020,18
MCI,1,0,1,2,3,5,1,0,1,0,5,10,2,0,2,11,0,0,2020,18
MUN,1,0,1,6,5,11,0,1,1,2,9,5,1,4,0,2,0,0,2020,18
NEW,1,1,0,13,4,17,4,2,1,2,6,18,2,6,6,7,0,0,2020,18
SHU,1,0,1,4,3,7,3,3,4,1,7,5,2,0,1,4,0,0,2020,18
TOT,1,1,0,10,5,15,4,3,5,1,8,12,4,3,5,18,0,0,2020,18
WOL,1,2,0,5,0,5,3,2,2,1,10,10,1,1,3,11,0,0,2020,18
ARS,1,0,1,3,1,4,1,1,1,0,7,3,0,2,2,9,0,0,2020,19
AVL,2,2,1,26,9,35,10,6,8,3,33,27,8,12,8,20,0,0,2020,19
BHA,1,0,1,4,3,7,2,1,1,0,13,16,1,2,1,18,0,0,2020,19
BUR,2,1,1,28,14,42,9,7,11,2,54,18,8,17,7,25,1,0,2020,19
CHE,2,2,1,12,6,18,8,3,4,5,12,17,5,6,2,16,1,0,2020,19
CRY,1,4,0,7,6,13,6,3,9,1,17,12,2,4,1,7,0,0,2020,19
FUL,2,3,0,23,13,36,11,10,9,5,27,31,11,11,5,17,1,1,2020,19
LEE,1,1,0,5,2,7,2,0,1,1,10,4,2,3,1,9,1,0,2020,19
LEI,2,0,2,13,4,17,8,4,5,1,21,11,5,5,4,27,0,0,2020,19
LIV,2,1,1,10,4,14,8,2,5,3,8,13,2,3,4,16,0,0,2020,19
MCI,2,0,2,7,6,13,4,1,2,0,8,4,3,2,3,14,0,0,2020,19
MUN,2,1,1,17,12,29,8,4,2,2,21,16,6,10,7,26,1,0,2020,19
NEW,2,5,0,23,11,34,11,7,10,7,21,21,8,8,8,12,2,1,2020,19
SHU,1,3,0,5,9,14,5,1,3,2,6,7,1,8,2,12,0,0,2020,19
SOU,1,2,0,13,3,16,4,3,1,3,11,4,5,5,3,15,0,0,2020,19
TOT,1,1,0,7,8,15,5,3,1,1,8,14,1,6,4,8,1,0,2020,19
WBA,2,4,0,23,14,37,12,7,14,5,25,30,9,9,10,30,0,0,2020,19
WHU,2,1,1,5,11,16,4,1,4,1,23,21,0,4,7,9,0,0,2020,19
WOL,1,3,0,8,4,12,5,2,3,3,5,1,1,5,1,3,2,0,2020,19
ARS,1,1,0,8,5,13,5,2,4,1,13,6,3,1,5,14,1,0,2020,20
AVL,1,3,0,5,5,10,5,4,1,1,6,12,0,3,4,4,0,0,2020,20
BHA,1,0,1,8,2,10,2,1,0,0,6,5,3,4,2,11,0,0,2020,20
BUR,1,2,0,14,4,18,10,2,5,5,12,10,2,5,8,6,0,0,2020,20
CHE,1,0,1,2,2,4,0,1,2,1,4,2,0,1,1,9,0,0,2020,20
CRY,1,3,0,10,7,17,7,2,2,5,7,4,4,6,4,10,2,0,2020,20
EVE,1,1,0,7,12,19,6,0,6,0,16,5,5,5,3,9,1,1,2020,20
FUL,1,0,1,12,4,16,5,5,6,3,19,15,8,2,5,13,1,0,2020,20
LEE,1,1,0,9,13,22,5,5,11,1,15,11,4,6,7,16,0,0,2020,20
LEI,1,1,0,5,3,8,2,4,4,0,11,11,1,0,3,12,0,0,2020,20
LIV,1,1,0,1,2,3,2,0,0,0,1,4,0,1,1,10,0,0,2020,20
MCI,1,0,1,4,0,4,1,0,3,1,6,4,1,0,1,3,0,0,2020,20
MUN,1,2,0,5,0,5,3,1,1,1,1,6,4,0,1,3,0,0,2020,20
NEW,1,2,0,8,1,9,2,1,1,0,4,7,7,1,0,8,0,0,2020,20
SHU,1,1,0,10,6,16,4,4,6,1,9,14,4,2,4,17,0,0,2020,20
SOU,1,3,0,7,2,9,4,1,1,4,9,7,3,1,4,12,0,0,2020,20
TOT,1,3,0,11,3,14,7,1,0,4,7,5,4,4,4,13,2,1,2020,20
WBA,1,5,0,12,6,18,7,2,3,2,4,12,5,4,5,16,1,1,2020,20
WHU,1,2,0,2,4,6,3,0,0,1,7,11,0,4,2,9,0,0,2020,20
WOL,1,0,1,9,5,14,5,2,4,0,27,9,7,2,4,6,0,0,2020,20
ARS,1,0,1,8,6,14,3,2,4,2,14,10,2,2,6,6,0,0,2020,21
AVL,1,0,1,11,9,20,4,1,8,4,11,13,3,3,6,12,0,0,2020,21
BHA,1,0,1,3,5,8,4,1,2,0,10,5,2,4,1,16,0,0,2020,21
BUR,1,2,0,11,8,19,8,3,0,1,10,4,5,7,6,9,0,0,2020,21
CHE,1,0,1,1,0,1,0,1,1,1,8,3,0,0,1,6,0,0,2020,21
CRY,1,0,1,4,2,6,4,2,3,1,13,12,3,2,1,13,0,0,2020,21
EVE,1,2,0,9,4,13,3,2,5,4,16,14,4,3,2,8,0,0,2020,21
FUL,1,2,0,4,1,5,3,0,1,2,8,9,2,0,2,8,0,0,2020,21
LEE,1,1,0,7,11,18,8,1,5,3,11,3,2,9,3,12,0,0,2020,21
LEI,1,3,0,7,1,8,6,1,2,4,5,4,2,4,2,4,0,0,2020,21
LIV,1,1,0,6,2,8,2,2,4,1,14,8,2,0,2,6,0,0,2020,21
MCI,1,0,1,0,4,4,1,0,0,0,1,2,0,1,2,4,0,0,2020,21
MUN,1,0,1,8,9,17,3,2,6,0,3,9,3,3,4,6,0,0,2020,21
NEW,1,0,1,8,3,11,3,3,5,1,7,18,0,4,3,6,0,0,2020,21
SHU,1,1,0,6,4,10,5,3,2,2,10,11,6,2,1,8,1,0,2020,21
SOU,1,1,0,7,1,8,4,1,1,1,4,6,1,1,3,4,0,0,2020,21
TOT,1,1,0,11,5,16,3,3,4,1,19,7,6,5,5,7,0,0,2020,21
WBA,1,2,0,8,4,12,7,2,2,3,9,9,3,4,4,10,1,0,2020,21
WHU,1,3,0,10,4,14,5,2,1,3,6,7,1,5,5,8,0,0,2020,21
WOL,1,1,0,5,6,11,2,0,2,2,3,2,0,5,2,11,0,0,2020,21
ARS,1,2,0,7,4,11,7,3,3,2,18,9,4,4,2,18,0,0,2020,22
AVL,1,3,0,11,9,20,9,1,3,2,9,7,5,5,4,6,1,0,2020,22
BHA,1,0,1,5,6,11,1,0,0,2,21,6,1,5,0,6,0,0,2020,22
BUR,1,2,0,8,5,13,6,1,0,3,10,0,1,6,3,8,1,1,2020,22
CHE,1,0,1,3,4,7,2,2,2,1,8,3,2,2,0,14,0,0,2020,22
CRY,1,1,0,15,6,21,5,7,6,2,15,18,7,3,5,12,0,0,2020,22
EVE,1,1,0,12,4,16,7,5,4,1,12,13,3,2,8,9,1,1,2020,22
FUL,1,2,0,7,2,9,5,1,2,2,7,1,3,3,2,9,0,0,2020,22
LEE,1,2,0,6,4,10,6,1,3,3,6,6,0,4,3,14,0,0,2020,22
LEI,1,0,1,4,4,8,1,2,1,1,14,11,1,4,2,18,0,0,2020,22
LIV,1,1,0,12,1,13,4,5,6,1,10,2,4,3,3,4,0,0,2020,22
MCI,1,0,1,1,1,2,0,0,0,0,4,6,2,0,0,5,0,0,2020,22
MUN,1,0,1,1,3,3,1,0,1,1,1,3,0,1,1,3,0,0,2020,22
NEW,1,2,0,3,3,6,3,2,2,1,3,5,1,2,1,8,0,0,2020,22
SHU,1,1,0,7,1,8,4,0,3,3,6,11,2,1,1,2,0,0,2020,22
SOU,1,9,0,14,10,24,14,2,3,8,12,10,4,3,11,7,0,0,2020,22
TOT,1,1,0,12,4,16,2,2,2,1,13,6,6,2,4,13,0,0,2020,22
WBA,1,2,0,9,5,14,6,3,3,1,12,15,4,3,5,10,0,0,2020,22
WHU,1,1,0,6,3,9,2,2,4,1,10,13,4,3,0,10,1,0,2020,22
WOL,1,1,0,6,3,9,3,0,1,1,9,3,2,1,3,8,1,1,2020,22
