Team,Games Played,GoalsTotal,GoalsIn,GoalsOut,GoalsBCS,GoalsPen,GoalsSP,AttemptsTotal,AttemptsIn,AttemptsBCT,AttemptsSP,AttemptsBlkd,AttemptsHit WW,AttemptsMins Per Chance,AttemptsOn Target,Conversion %Shots,Conversion %Goals,Season,GW ID
ARS,1,3,3,0,0,0,1,9,6,1,3,1,0,10.7,5,55.6,33.3,2016,1
BOU,1,1,1,0,0,0,0,9,6,0,4,4,0,10.6,3,33.3,11.1,2016,1
BUR,1,0,0,0,0,0,0,10,6,1,2,2,0,9.6,3,30.0,0.0,2016,1
CHE,1,2,1,1,1,1,0,16,9,1,6,4,0,5.9,6,37.5,12.5,2016,1
CRY,1,0,0,0,0,0,0,14,7,2,4,3,0,6.9,4,28.6,0.0,2016,1
EVE,1,1,0,1,0,0,1,12,6,1,4,2,0,7.8,6,50.0,8.3,2016,1
HUL,1,2,2,0,0,0,1,14,7,0,8,2,0,6.9,5,35.7,14.3,2016,1
LEI,1,1,1,0,1,1,0,18,9,4,4,4,0,5.3,5,27.8,5.6,2016,1
LIV,1,4,3,1,2,0,1,16,12,2,3,6,0,6.0,7,43.8,25.0,2016,1
MCI,1,2,1,1,1,1,0,16,8,2,4,4,0,5.9,4,25.0,12.5,2016,1
MUN,1,3,2,1,2,0,0,11,8,4,1,2,0,8.6,7,63.6,27.3,2016,1
MID,1,1,1,0,1,0,0,12,8,2,4,4,1,7.9,2,16.7,8.3,2016,1
SOU,1,1,1,0,0,0,1,24,11,0,8,8,0,4.0,6,25.0,4.2,2016,1
STK,1,1,0,1,0,0,1,12,7,0,3,2,0,7.9,1,8.3,8.3,2016,1
SUN,1,1,1,0,1,0,0,7,4,2,5,2,0,13.6,3,42.9,14.3,2016,1
SWA,1,1,1,0,1,0,0,17,11,2,4,3,0,5.6,8,47.1,5.9,2016,1
TOT,1,1,1,0,0,0,0,13,8,1,5,5,0,7.2,4,30.8,7.7,2016,1
WAT,1,1,1,0,0,0,0,5,1,0,1,0,0,19.0,1,20.0,20.0,2016,1
WBA,1,1,1,0,0,0,1,13,8,0,8,2,0,7.4,3,23.1,7.7,2016,1
WHU,1,1,1,0,0,0,1,7,4,0,4,2,0,13.6,3,42.9,14.3,2016,1
ARS,1,0,0,0,0,0,0,13,5,0,1,5,0,7.2,4,30.8,0.0,2016,2
BOU,1,0,0,0,0,0,0,8,4,0,3,2,0,11.9,5,62.5,0.0,2016,2
BUR,1,2,1,2,0,0,0,3,1,0,0,0,0,31.3,2,66.7,66.7,2016,2
CHE,1,2,2,0,2,0,0,13,6,3,2,3,1,7.4,4,30.8,15.4,2016,2
CRY,1,0,0,0,0,0,0,10,4,0,2,2,0,9.6,2,20.0,0.0,2016,2
EVE,1,2,2,0,1,0,1,13,10,4,5,1,0,7.3,7,53.8,15.4,2016,2
HUL,1,2,2,0,2,0,1,12,9,3,4,5,0,7.8,4,33.3,16.7,2016,2
LEI,1,0,0,0,0,0,0,8,3,0,2,5,0,11.8,1,12.5,0.0,2016,2
LIV,1,0,0,0,0,0,0,26,9,0,5,8,0,3.6,5,19.2,0.0,2016,2
MCI,1,4,4,0,3,1,1,12,9,3,2,4,0,8.0,6,50.0,33.3,2016,2
MUN,1,2,2,0,1,1,0,12,7,1,1,1,0,7.8,5,41.7,16.7,2016,2
MID,1,2,1,1,1,0,0,8,3,2,0,3,0,11.8,3,37.5,25.0,2016,2
SOU,1,0,0,0,0,0,0,13,7,0,4,3,0,7.2,1,7.7,0.0,2016,2
STK,1,1,1,0,1,1,0,8,5,2,1,2,0,12.0,3,37.5,12.5,2016,2
SUN,1,1,1,0,1,0,0,18,13,1,5,7,0,5.2,5,27.8,5.6,2016,2
SWA,1,0,0,0,0,0,0,23,9,0,5,7,0,4.1,3,13.0,0.0,2016,2
TOT,1,1,1,0,1,0,1,20,10,5,7,6,0,4.8,5,25.0,5.0,2016,2
WAT,1,1,1,0,0,0,1,6,3,1,2,2,0,16.0,2,33.3,16.7,2016,2
WBA,1,1,1,0,1,0,1,11,8,3,7,2,0,8.6,4,36.4,9.1,2016,2
WHU,1,1,1,0,1,0,0,16,9,2,3,5,0,5.9,2,12.5,6.3,2016,2
ARS,1,3,3,0,2,1,0,10,6,3,0,1,0,9.6,7,70.0,30.0,2016,3
BOU,1,1,1,0,0,0,1,10,5,1,5,3,0,9.5,3,30.0,10.0,2016,3
BUR,1,0,0,0,0,0,0,6,4,0,2,2,0,15.7,0,0.0,0.0,2016,3
CHE,1,3,2,1,1,0,0,22,14,3,9,6,0,4.2,9,40.9,13.6,2016,3
CRY,1,1,1,0,0,0,0,24,16,3,9,8,0,4.0,4,16.7,4.2,2016,3
EVE,1,1,0,1,0,0,1,21,9,2,6,7,0,4.5,7,33.3,4.8,2016,3
HUL,1,0,0,0,0,0,0,8,2,0,3,2,0,11.9,2,25.0,0.0,2016,3
LEI,1,2,2,0,2,0,1,13,8,5,4,2,0,7.3,6,46.2,15.4,2016,3
LIV,1,1,1,0,1,1,0,13,10,2,1,6,1,7.2,3,23.1,7.7,2016,3
MCI,1,3,3,0,2,0,1,22,17,4,4,7,1,4.3,5,22.7,13.6,2016,3
MUN,1,1,1,0,1,0,0,29,14,2,7,9,0,3.3,8,27.6,3.4,2016,3
MID,1,0,0,0,0,0,0,7,5,0,2,1,0,13.6,2,28.6,0.0,2016,3
SOU,1,1,0,1,0,0,0,16,1,0,3,4,0,5.9,7,43.8,6.3,2016,3
STK,1,0,0,0,0,0,0,8,1,0,1,3,0,11.9,1,12.5,0.0,2016,3
SUN,1,1,1,0,1,1,0,5,4,2,3,1,0,19.0,2,40.0,20.0,2016,3
SWA,1,1,1,0,0,0,0,9,4,0,1,1,0,10.6,3,33.3,11.1,2016,3
TOT,1,1,1,0,0,0,0,11,5,0,4,2,0,8.5,4,36.4,9.1,2016,3
WAT,1,1,1,0,1,0,0,14,8,1,3,2,0,6.9,6,42.9,7.1,2016,3
WBA,1,0,0,0,0,0,0,13,8,0,4,5,0,7.3,2,15.4,0.0,2016,3
WHU,1,1,1,0,1,0,0,9,7,1,2,2,0,10.6,2,22.2,11.1,2016,3
ARS,1,2,2,0,1,1,1,17,15,2,6,8,0,5.8,2,11.8,11.8,2016,4
BOU,1,1,1,0,0,0,0,12,8,1,1,2,0,8.0,5,41.7,8.3,2016,4
BUR,1,1,0,1,0,0,0,14,6,0,4,6,0,6.9,2,14.3,7.1,2016,4
CHE,1,2,2,0,0,0,0,28,18,2,10,9,0,3.4,7,25.0,7.1,2016,4
CRY,1,2,2,0,2,0,0,12,6,2,6,4,0,8.0,4,33.3,16.7,2016,4
EVE,1,3,3,0,3,0,0,20,15,4,2,3,1,4.7,9,45.0,15.0,2016,4
HUL,1,1,0,1,0,0,1,11,5,2,2,0,2,8.7,3,27.3,9.1,2016,4
LEI,1,1,1,0,1,0,0,12,7,2,4,5,1,8.0,3,25.0,8.3,2016,4
LIV,1,4,4,0,2,0,0,17,9,4,0,4,0,5.6,11,64.7,23.5,2016,4
MCI,1,2,1,1,2,0,0,18,11,2,6,4,2,5.3,6,33.3,11.1,2016,4
MUN,1,1,1,0,0,0,1,14,5,2,1,6,0,6.9,2,14.3,7.1,2016,4
MID,1,1,1,0,0,0,1,12,7,1,3,3,0,8.0,4,33.3,8.3,2016,4
SOU,1,1,0,1,0,0,1,11,6,2,2,2,0,8.9,5,45.5,9.1,2016,4
STK,1,0,0,0,0,0,0,16,9,0,5,7,0,5.9,2,12.5,0.0,2016,4
SUN,1,0,0,0,0,0,0,11,7,1,2,8,0,8.5,2,18.2,0.0,2016,4
SWA,1,2,2,0,2,1,0,6,3,2,0,2,0,15.8,2,33.3,33.3,2016,4
TOT,1,4,4,0,2,0,0,20,14,3,2,8,0,4.8,8,40.0,20.0,2016,4
WAT,1,4,3,1,0,0,0,13,10,3,0,2,0,7.3,8,61.5,30.8,2016,4
WBA,1,0,0,0,0,0,0,12,6,2,3,4,0,8.0,2,16.7,0.0,2016,4
WHU,1,2,2,0,1,0,1,19,8,1,7,4,0,5.0,4,21.1,10.5,2016,4
ARS,1,4,3,1,1,0,0,24,16,5,3,9,0,3.9,9,37.5,16.7,2016,5
BOU,1,0,0,0,0,0,0,6,3,0,0,1,1,15.7,2,33.3,0.0,2016,5
BUR,1,0,0,0,0,0,0,7,3,1,3,1,0,13.4,2,28.6,0.0,2016,5
CHE,1,1,1,0,1,0,0,12,9,1,5,5,0,7.8,4,33.3,8.3,2016,5
CRY,1,4,3,1,1,0,3,14,9,1,6,5,0,6.7,7,50.0,28.6,2016,5
EVE,1,3,3,0,1,0,1,11,8,1,3,1,0,8.5,6,54.5,27.3,2016,5
HUL,1,1,1,0,1,1,0,6,3,1,1,2,0,15.7,2,33.3,16.7,2016,5
LEI,1,3,2,1,2,0,1,14,7,4,8,5,0,6.7,6,42.9,21.4,2016,5
LIV,1,2,1,1,1,0,1,13,7,2,4,6,0,7.2,5,38.5,15.4,2016,5
MCI,1,4,3,1,3,0,1,20,11,4,3,5,1,4.7,11,55.0,20.0,2016,5
MUN,1,1,1,0,1,0,0,15,8,2,4,4,1,6.4,2,13.3,6.7,2016,5
MID,1,1,0,1,0,0,0,7,1,0,1,4,0,13.3,0,0.0,14.3,2016,5
SOU,1,1,1,0,0,0,0,19,13,3,4,4,1,5.0,6,31.6,5.3,2016,5
STK,1,1,0,1,0,0,0,11,6,3,5,1,0,8.5,4,36.4,9.1,2016,5
SUN,1,0,0,0,0,0,0,6,5,2,2,2,0,16.2,1,16.7,0.0,2016,5
SWA,1,0,0,0,0,0,0,9,6,0,1,1,0,10.6,3,33.3,0.0,2016,5
TOT,1,1,1,0,1,0,0,31,16,2,7,7,1,3.1,9,29.0,3.2,2016,5
WAT,1,3,3,0,2,1,0,10,6,3,4,2,0,9.6,5,50.0,30.0,2016,5
WBA,1,4,4,0,3,1,1,8,6,3,2,0,0,12.0,6,75.0,50.0,2016,5
WHU,1,2,2,0,1,1,1,23,15,2,5,9,1,4.2,5,21.7,8.7,2016,5
ARS,1,3,3,0,2,0,0,14,9,2,3,4,0,6.7,5,35.7,21.4,2016,6
BOU,1,1,0,1,0,0,0,12,6,0,2,4,1,8.2,1,8.3,8.3,2016,6
BUR,1,2,2,0,0,0,2,13,10,0,8,6,0,7.3,4,30.8,15.4,2016,6
CHE,1,0,0,0,0,0,0,9,7,1,2,2,0,10.4,2,22.2,0.0,2016,6
CRY,1,3,2,1,2,0,1,21,15,2,6,4,0,4.6,4,19.0,14.3,2016,6
EVE,1,0,0,0,0,0,0,13,6,2,5,5,0,7.5,2,15.4,0.0,2016,6
HUL,1,1,1,0,0,0,1,2,1,0,2,0,0,46.5,1,50.0,50.0,2016,6
LEI,1,1,0,1,0,0,0,10,2,0,5,6,0,9.4,3,30.0,10.0,2016,6
LIV,1,5,4,1,2,2,0,32,17,5,7,12,0,2.9,11,34.4,15.6,2016,6
MCI,1,3,3,0,2,1,0,18,11,3,3,5,0,5.3,4,22.2,16.7,2016,6
MUN,1,4,4,0,1,0,3,16,12,3,5,1,0,5.9,7,43.8,25.0,2016,6
MID,1,1,1,0,0,0,1,6,5,0,2,2,0,16.0,2,33.3,16.7,2016,6
SOU,1,3,3,0,2,0,0,18,15,3,1,4,0,5.3,9,50.0,16.7,2016,6
STK,1,1,1,0,0,0,0,12,9,1,5,7,0,7.9,1,8.3,8.3,2016,6
SUN,1,2,2,0,2,0,0,11,6,3,2,3,0,8.7,4,36.4,18.2,2016,6
SWA,1,1,1,0,0,0,0,13,9,1,3,1,0,7.3,5,38.5,7.7,2016,6
TOT,1,2,2,0,0,0,0,19,10,1,1,7,0,5.1,5,26.3,10.5,2016,6
WAT,1,0,0,0,0,0,0,12,5,1,6,6,0,7.9,2,16.7,0.0,2016,6
WBA,1,1,1,0,0,0,1,9,4,0,3,3,0,10.6,3,33.3,11.1,2016,6
WHU,1,0,0,0,0,0,0,13,7,0,3,6,0,7.3,0,0.0,0.0,2016,6
ARS,1,1,1,0,1,0,1,18,13,1,4,7,1,5.2,3,16.7,5.6,2016,7
BOU,1,2,1,1,1,0,0,12,4,2,3,3,3,7.9,3,25.0,16.7,2016,7
BUR,1,0,0,0,0,0,0,10,5,1,5,3,1,9.4,1,10.0,0.0,2016,7
CHE,1,2,2,0,0,0,0,22,13,2,7,5,0,4.3,8,36.4,9.1,2016,7
CRY,1,1,1,0,0,0,0,10,5,1,7,6,0,9.5,2,20.0,10.0,2016,7
EVE,1,1,0,1,0,0,1,13,9,1,6,5,0,7.3,2,15.4,7.7,2016,7
HUL,1,0,0,0,0,0,0,8,3,0,2,3,0,11.9,2,25.0,0.0,2016,7
LEI,1,0,0,0,0,0,0,9,5,0,3,3,1,10.4,1,11.1,0.0,2016,7
LIV,1,2,2,0,2,1,1,18,10,2,7,9,0,5.3,6,33.3,11.1,2016,7
MCI,1,0,0,0,0,0,0,12,6,1,2,3,0,7.9,6,50.0,0.0,2016,7
MUN,1,1,1,0,0,0,0,24,16,5,6,8,1,4.0,9,37.5,4.2,2016,7
MID,1,1,1,0,0,0,1,9,7,1,2,3,0,10.6,2,22.2,11.1,2016,7
SOU,1,0,0,0,0,0,0,11,8,1,0,3,1,8.5,5,45.5,0.0,2016,7
STK,1,1,1,0,1,0,0,7,4,1,1,0,0,13.6,6,85.7,14.3,2016,7
SUN,1,1,1,0,1,0,0,7,6,2,3,1,0,13.9,2,28.6,14.3,2016,7
SWA,1,1,1,0,1,0,1,8,6,5,3,1,0,11.9,3,37.5,12.5,2016,7
TOT,1,2,1,1,1,0,0,13,7,2,2,2,0,7.3,7,53.8,15.4,2016,7
WAT,1,2,2,0,1,0,1,17,9,1,3,5,0,5.6,7,41.2,11.8,2016,7
WBA,1,1,1,0,0,0,0,17,9,0,2,3,0,5.7,7,41.2,5.9,2016,7
WHU,1,1,1,0,0,0,0,19,10,0,6,6,1,5.0,2,10.5,5.3,2016,7
ARS,1,3,3,0,3,0,1,16,10,6,3,3,3,5.9,6,37.5,18.8,2016,8
BOU,1,6,6,0,3,1,3,22,13,3,6,7,2,4.3,10,45.5,27.3,2016,8
BUR,1,1,1,0,1,1,0,6,4,1,3,1,0,16.0,1,16.7,16.7,2016,8
CHE,1,3,3,0,3,0,1,16,10,5,5,4,1,5.9,6,37.5,18.8,2016,8
CRY,1,0,0,0,0,0,0,12,7,3,2,1,1,7.9,3,25.0,0.0,2016,8
EVE,1,1,1,0,0,0,0,3,1,0,1,0,0,32.0,2,66.7,33.3,2016,8
HUL,1,1,0,1,0,0,0,11,4,0,2,1,0,8.6,4,36.4,9.1,2016,8
LEI,1,0,0,0,0,0,0,5,2,0,2,2,0,18.8,0,0.0,0.0,2016,8
LIV,1,0,0,0,0,0,0,9,4,0,0,3,0,10.4,3,33.3,0.0,2016,8
MCI,1,1,1,0,1,0,0,19,12,3,6,6,0,5.1,8,42.1,5.3,2016,8
MUN,1,0,0,0,0,0,0,7,2,1,2,1,0,13.4,1,14.3,0.0,2016,8
MID,1,0,0,0,0,0,0,10,6,0,2,0,0,9.7,3,30.0,0.0,2016,8
SOU,1,3,3,0,2,1,2,34,24,5,7,11,0,2.8,14,41.2,8.8,2016,8
STK,1,2,2,0,1,0,1,17,9,2,3,7,1,5.6,6,35.3,11.8,2016,8
SUN,1,0,0,0,0,0,0,11,5,0,2,6,0,8.6,1,9.1,0.0,2016,8
SWA,1,2,1,1,1,0,0,13,9,4,4,2,0,7.3,6,46.2,15.4,2016,8
TOT,1,1,1,0,0,0,0,20,10,1,2,9,0,4.8,8,40.0,5.0,2016,8
WAT,1,1,0,1,0,0,0,4,2,0,2,1,0,24.3,2,50.0,25.0,2016,8
WBA,1,1,1,0,1,0,1,8,7,2,3,1,0,12.0,4,50.0,12.5,2016,8
WHU,1,1,1,0,1,0,0,12,6,2,2,3,0,7.9,4,33.3,8.3,2016,8
ARS,1,0,0,0,0,0,0,10,3,1,3,1,0,9.6,6,60.0,0.0,2016,9
BOU,1,0,0,0,0,0,0,8,7,0,2,4,0,11.8,1,12.5,0.0,2016,9
BUR,1,2,2,0,1,0,1,10,4,1,4,3,1,9.6,3,30.0,20.0,2016,9
CHE,1,4,4,0,3,0,1,14,11,3,4,5,0,6.7,6,42.9,28.6,2016,9
CRY,1,1,1,0,0,0,0,23,13,2,4,10,1,4.1,6,26.1,4.3,2016,9
EVE,1,1,1,0,0,0,0,21,9,0,2,10,0,4.6,8,38.1,4.8,2016,9
HUL,1,0,0,0,0,0,0,9,7,0,2,1,0,10.8,2,22.2,0.0,2016,9
LEI,1,3,1,2,0,0,1,16,10,2,3,5,0,5.9,4,25.0,18.8,2016,9
LIV,1,2,2,0,1,0,0,21,14,3,2,7,0,4.5,7,33.3,9.5,2016,9
MCI,1,1,1,0,1,0,0,14,8,1,5,4,0,6.9,3,21.4,7.1,2016,9
MUN,1,0,0,0,0,0,0,16,9,0,2,5,0,5.9,5,31.3,0.0,2016,9
MID,1,0,0,0,0,0,0,11,8,3,5,4,1,8.7,4,36.4,0.0,2016,9
SOU,1,1,1,0,1,0,0,6,3,1,0,1,0,16.0,2,33.3,16.7,2016,9
STK,1,2,0,2,0,0,2,12,8,1,3,2,0,8.1,6,50.0,16.7,2016,9
SUN,1,0,0,0,0,0,0,10,4,1,2,4,0,9.6,2,20.0,0.0,2016,9
SWA,1,0,0,0,0,0,0,11,4,2,1,3,1,8.5,5,45.5,0.0,2016,9
TOT,1,0,0,0,0,0,0,16,9,0,4,6,1,5.9,4,25.0,0.0,2016,9
WAT,1,0,0,0,0,0,0,10,5,0,2,5,0,9.4,2,20.0,0.0,2016,9
WBA,1,1,1,0,1,0,1,7,4,1,3,2,0,13.4,1,14.3,14.3,2016,9
WHU,1,1,0,1,0,0,1,20,12,0,7,8,1,4.8,3,15.0,5.0,2016,9
ARS,1,4,4,0,1,0,1,21,14,3,4,2,1,4.5,7,33.3,19.0,2016,10
BOU,1,0,0,0,0,0,0,18,7,3,6,8,1,5.3,2,11.1,0.0,2016,10
BUR,1,0,0,0,0,0,0,7,4,0,2,1,0,13.7,1,14.3,0.0,2016,10
CHE,1,2,1,1,0,0,1,13,9,1,2,2,0,7.2,7,53.8,15.4,2016,10
CRY,1,2,2,0,1,0,0,7,6,1,2,0,0,13.6,6,85.7,28.6,2016,10
EVE,1,2,2,0,2,0,0,17,12,3,4,7,0,5.6,6,35.3,11.8,2016,10
HUL,1,0,0,0,0,0,0,8,3,0,2,2,0,11.9,2,25.0,0.0,2016,10
LEI,1,1,1,0,1,0,0,6,4,1,2,1,0,16.0,1,16.7,16.7,2016,10
LIV,1,4,3,1,2,0,2,17,13,3,2,2,1,5.6,10,58.8,23.5,2016,10
MCI,1,4,3,1,1,0,0,21,12,3,2,10,0,4.5,7,33.3,19.0,2016,10
MUN,1,0,0,0,0,0,0,38,21,2,9,19,1,2.5,11,28.9,0.0,2016,10
MID,1,2,2,0,2,0,0,11,5,2,1,2,0,8.6,3,27.3,18.2,2016,10
SOU,1,0,0,0,0,0,0,10,6,0,4,3,0,9.4,1,10.0,0.0,2016,10
STK,1,3,2,1,2,0,1,17,10,3,6,5,3,5.6,4,23.5,17.6,2016,10
SUN,1,1,1,0,1,1,0,3,1,1,1,1,0,31.3,1,33.3,33.3,2016,10
SWA,1,1,1,0,1,0,0,14,8,1,3,4,0,6.8,6,42.9,7.1,2016,10
TOT,1,1,1,0,1,1,0,22,10,1,6,6,2,4.4,5,22.7,4.5,2016,10
WAT,1,1,0,1,0,0,0,23,11,1,6,7,2,4.1,0,0.0,4.3,2016,10
WBA,1,0,0,0,0,0,0,9,6,0,2,1,1,10.4,1,11.1,0.0,2016,10
WHU,1,0,0,0,0,0,0,13,7,1,4,6,0,7.3,3,23.1,0.0,2016,10
ARS,1,1,0,1,0,0,1,15,7,0,4,4,1,6.4,2,13.3,6.7,2016,11
BOU,1,1,1,0,1,0,0,22,16,3,8,5,1,4.4,7,31.8,4.5,2016,11
BUR,1,3,2,1,2,0,0,14,9,2,0,2,0,6.9,6,42.9,21.4,2016,11
CHE,1,5,5,0,1,0,1,21,15,1,4,7,1,4.5,9,42.9,23.8,2016,11
CRY,1,2,2,0,2,1,0,16,8,3,1,4,1,6.0,5,31.3,12.5,2016,11
EVE,1,0,0,0,0,0,0,1,1,0,1,0,0,94.0,0,0.0,0.0,2016,11
HUL,1,2,2,0,0,0,1,6,4,1,4,0,0,16.0,2,33.3,33.3,2016,11
LEI,1,1,1,0,1,0,0,5,3,1,0,0,0,19.2,2,40.0,20.0,2016,11
LIV,1,6,5,1,4,0,3,28,22,5,8,2,1,3.4,17,60.7,21.4,2016,11
MCI,1,1,1,0,1,0,0,25,14,3,6,7,1,3.8,7,28.0,4.0,2016,11
MUN,1,3,1,2,1,0,0,9,7,1,0,1,0,10.4,3,33.3,33.3,2016,11
MID,1,1,1,0,0,0,0,5,3,0,1,1,0,19.2,3,60.0,20.0,2016,11
SOU,1,1,1,0,1,1,0,19,13,1,5,7,1,5.1,7,36.8,5.3,2016,11
STK,1,1,1,0,1,0,0,12,6,1,5,1,0,7.9,4,33.3,8.3,2016,11
SUN,1,2,2,0,1,1,0,9,6,1,0,5,0,10.7,4,44.4,22.2,2016,11
SWA,1,1,1,0,1,0,1,7,3,1,4,3,0,13.6,1,14.3,14.3,2016,11
TOT,1,1,1,0,1,1,0,10,7,1,1,0,0,9.6,3,30.0,10.0,2016,11
WAT,1,1,1,0,0,0,0,11,4,1,3,1,0,8.5,8,72.7,9.1,2016,11
WBA,1,2,2,0,1,0,0,11,7,1,2,3,0,8.7,5,45.5,18.2,2016,11
WHU,1,1,0,1,0,0,1,9,5,0,5,1,0,10.6,2,22.2,11.1,2016,11
ARS,1,1,1,0,1,0,0,5,2,1,1,1,0,19.0,1,20.0,20.0,2016,12
BOU,1,1,1,0,1,0,1,8,5,2,2,1,1,12.1,2,25.0,12.5,2016,12
BUR,1,0,0,0,0,0,0,5,2,1,2,1,0,18.8,2,40.0,0.0,2016,12
CHE,1,1,1,0,0,0,1,13,10,2,3,4,1,7.3,3,23.1,7.7,2016,12
CRY,1,1,1,0,0,0,0,8,6,0,3,2,0,12.3,2,25.0,12.5,2016,12
EVE,1,1,1,0,0,0,0,14,9,2,3,2,0,6.8,6,42.9,7.1,2016,12
HUL,1,0,0,0,0,0,0,17,10,1,4,6,0,5.6,5,29.4,0.0,2016,12
LEI,1,1,1,0,1,1,0,11,7,1,4,5,0,8.7,2,18.2,9.1,2016,12
LIV,1,0,0,0,0,0,0,15,9,2,2,5,0,6.3,2,13.3,0.0,2016,12
MCI,1,2,2,0,1,0,1,10,8,2,4,2,0,9.8,3,30.0,20.0,2016,12
MUN,1,1,1,0,0,0,0,12,6,0,6,2,0,7.9,5,41.7,8.3,2016,12
MID,1,0,0,0,0,0,0,12,6,0,2,4,0,7.9,1,8.3,0.0,2016,12
SOU,1,0,0,0,0,0,0,3,1,0,0,1,0,31.7,0,0.0,0.0,2016,12
STK,1,0,0,0,0,0,0,14,9,2,5,4,1,6.9,5,35.7,0.0,2016,12
SUN,1,3,3,0,0,0,0,11,8,0,1,4,0,8.6,4,36.4,27.3,2016,12
SWA,1,1,1,0,1,1,0,6,4,1,2,0,0,15.8,3,50.0,16.7,2016,12
TOT,1,3,3,0,3,1,0,14,8,4,6,4,0,6.9,6,42.9,21.4,2016,12
WAT,1,2,2,0,0,0,0,10,7,1,4,0,0,9.6,3,30.0,20.0,2016,12
WBA,1,4,3,1,1,0,0,16,7,1,3,2,0,5.9,6,37.5,25.0,2016,12
WHU,1,2,2,0,2,1,1,11,7,2,6,5,1,8.8,3,27.3,18.2,2016,12
ARS,1,3,3,0,3,0,0,16,13,4,1,6,0,6.0,3,18.8,18.8,2016,13
BOU,1,1,1,0,1,1,0,9,7,3,4,1,0,10.7,3,33.3,11.1,2016,13
BUR,1,1,0,1,0,0,1,10,5,0,7,5,0,9.5,5,50.0,10.0,2016,13
CHE,1,2,1,1,1,0,0,9,5,2,1,1,0,10.4,5,55.6,22.2,2016,13
CRY,1,4,3,1,3,0,3,12,10,4,6,4,1,8.2,4,33.3,33.3,2016,13
EVE,1,0,0,0,0,0,0,13,8,0,3,1,0,7.2,1,7.7,0.0,2016,13
HUL,1,1,1,0,0,0,1,10,4,0,3,2,0,9.5,4,40.0,10.0,2016,13
LEI,1,2,2,0,2,2,0,11,7,2,2,2,1,8.6,3,27.3,18.2,2016,13
LIV,1,2,2,0,1,1,0,27,14,1,6,7,0,3.5,7,25.9,7.4,2016,13
MCI,1,2,2,0,2,0,1,21,12,2,5,8,1,4.5,5,23.8,9.5,2016,13
MUN,1,1,1,0,1,0,0,17,13,3,3,2,0,5.6,8,47.1,5.9,2016,13
MID,1,2,2,0,0,0,0,6,4,0,1,2,0,15.8,2,33.3,33.3,2016,13
SOU,1,1,1,0,1,0,0,17,11,4,3,4,1,5.6,6,35.3,5.9,2016,13
STK,1,1,0,1,0,0,1,14,7,0,8,6,1,6.8,1,7.1,7.1,2016,13
SUN,1,0,0,0,0,0,0,6,2,0,2,4,0,15.7,1,16.7,0.0,2016,13
SWA,1,5,4,1,3,0,4,18,11,4,10,3,0,5.4,8,44.4,27.8,2016,13
TOT,1,1,0,1,0,0,0,12,4,0,3,1,0,7.8,6,50.0,8.3,2016,13
WAT,1,0,0,0,0,0,0,11,7,0,3,1,0,8.6,2,18.2,0.0,2016,13
WBA,1,1,1,0,1,0,1,11,7,3,4,2,0,8.6,2,18.2,9.1,2016,13
WHU,1,1,1,0,1,0,1,6,3,1,3,0,0,15.8,2,33.3,16.7,2016,13
ARS,1,5,3,2,2,0,0,19,14,5,2,3,0,4.9,10,52.6,26.3,2016,14
BOU,1,4,4,0,2,1,1,12,8,4,4,2,0,8.0,8,66.7,33.3,2016,14
BUR,1,0,0,0,0,0,0,14,7,0,6,5,0,6.9,4,28.6,0.0,2016,14
CHE,1,3,3,0,2,0,0,10,7,2,1,1,0,9.9,4,40.0,30.0,2016,14
CRY,1,3,3,0,3,0,2,9,5,3,5,2,0,10.4,4,44.4,33.3,2016,14
EVE,1,1,1,0,1,1,0,13,8,2,3,3,0,7.4,6,46.2,7.7,2016,14
HUL,1,0,0,0,0,0,0,6,3,0,3,1,0,15.8,2,33.3,0.0,2016,14
LEI,1,1,1,0,1,0,0,17,9,1,8,7,0,5.7,5,29.4,5.9,2016,14
LIV,1,3,1,2,1,0,0,10,6,2,2,2,0,9.6,3,30.0,30.0,2016,14
MCI,1,1,0,1,0,0,0,14,11,3,2,3,1,7.1,4,28.6,7.1,2016,14
MUN,1,1,0,1,0,0,0,10,5,0,2,4,1,9.6,2,20.0,10.0,2016,14
MID,1,1,1,0,1,0,1,16,10,3,3,7,0,5.9,4,25.0,6.3,2016,14
SOU,1,0,0,0,0,0,0,17,12,0,3,4,1,5.5,3,17.6,0.0,2016,14
STK,1,2,2,0,0,0,0,10,6,1,3,3,1,9.6,4,40.0,20.0,2016,14
SUN,1,2,1,1,0,0,1,22,14,0,3,6,0,4.4,6,27.3,9.1,2016,14
SWA,1,0,0,0,0,0,0,1,0,0,0,1,0,94.0,0,0.0,0.0,2016,14
TOT,1,5,5,0,2,1,0,28,15,5,2,6,0,3.4,15,53.6,17.9,2016,14
WAT,1,1,1,0,1,0,1,17,10,1,3,7,0,5.7,5,29.4,5.9,2016,14
WBA,1,3,1,2,1,0,2,11,6,1,3,0,0,8.8,3,27.3,27.3,2016,14
WHU,1,1,1,0,1,0,1,10,6,1,2,2,1,9.4,3,30.0,10.0,2016,14
ARS,1,3,3,0,1,0,0,21,17,1,3,8,0,4.5,6,28.6,14.3,2016,15
BOU,1,2,2,0,1,0,1,18,8,1,8,6,0,5.3,4,22.2,11.1,2016,15
BUR,1,3,2,1,1,0,1,15,12,2,9,2,0,6.3,7,46.7,20.0,2016,15
CHE,1,1,1,0,0,0,0,12,3,0,3,2,0,7.8,2,16.7,8.3,2016,15
CRY,1,3,3,0,2,1,1,15,10,2,2,3,0,6.3,6,40.0,20.0,2016,15
EVE,1,2,2,0,2,0,1,11,8,2,5,3,0,8.6,4,36.4,18.2,2016,15
HUL,1,3,3,0,2,1,0,15,11,3,1,2,0,6.3,6,40.0,20.0,2016,15
LEI,1,4,3,1,2,0,1,11,8,4,4,1,0,8.6,6,54.5,36.4,2016,15
LIV,1,2,2,0,1,0,0,19,16,1,2,9,1,4.9,3,15.8,10.5,2016,15
MCI,1,2,1,1,0,0,1,19,11,0,2,7,0,5.0,4,21.1,10.5,2016,15
MUN,1,1,1,0,1,0,0,14,8,1,4,5,1,7.0,5,35.7,7.1,2016,15
MID,1,0,0,0,0,0,0,6,4,0,0,4,0,15.7,1,16.7,0.0,2016,15
SOU,1,1,0,1,0,0,0,14,10,1,3,6,0,6.7,2,14.3,7.1,2016,15
STK,1,1,1,0,1,1,0,12,7,1,4,2,0,7.8,5,41.7,8.3,2016,15
SUN,1,0,0,0,0,0,0,11,6,0,4,5,0,8.5,2,18.2,0.0,2016,15
SWA,1,3,3,0,2,1,1,14,10,3,5,2,0,6.7,5,35.7,21.4,2016,15
TOT,1,0,0,0,0,0,0,12,3,1,4,4,0,8.2,4,33.3,0.0,2016,15
WAT,1,3,3,0,2,0,2,11,10,3,6,1,0,8.7,6,54.5,27.3,2016,15
WBA,1,0,0,0,0,0,0,6,4,0,0,0,0,15.7,1,16.7,0.0,2016,15
WHU,1,2,1,1,1,0,1,8,3,1,3,1,0,11.8,3,37.5,25.0,2016,15
ARS,1,1,0,1,0,0,1,9,7,2,4,2,0,10.6,1,11.1,11.1,2016,16
BOU,1,1,1,0,0,0,0,9,4,1,1,3,0,10.6,3,33.3,11.1,2016,16
BUR,1,0,0,0,0,0,0,8,3,2,2,2,0,12.0,2,25.0,0.0,2016,16
CHE,1,1,0,1,0,0,0,19,10,1,4,3,0,5.0,6,31.6,5.3,2016,16
CRY,1,1,1,0,1,0,0,6,4,1,3,0,0,15.8,3,50.0,16.7,2016,16
EVE,1,2,2,0,2,0,1,14,10,2,6,5,0,6.8,4,28.6,14.3,2016,16
HUL,1,0,0,0,0,0,0,10,6,0,3,4,0,9.4,5,50.0,0.0,2016,16
LEI,1,0,0,0,0,0,0,12,10,2,5,4,0,7.9,4,33.3,0.0,2016,16
LIV,1,3,3,0,3,0,0,15,12,3,3,7,1,6.3,4,26.7,20.0,2016,16
MCI,1,2,2,0,2,0,0,13,8,3,3,2,1,7.3,7,53.8,15.4,2016,16
MUN,1,2,2,0,1,0,1,16,10,1,5,3,0,5.9,6,37.5,12.5,2016,16
MID,1,0,0,0,0,0,0,8,3,0,3,4,0,11.8,3,37.5,0.0,2016,16
SOU,1,0,0,0,0,0,0,15,5,1,7,4,0,6.3,4,26.7,0.0,2016,16
STK,1,0,0,0,0,0,0,5,4,0,2,1,0,19.0,3,60.0,0.0,2016,16
SUN,1,0,0,0,0,0,0,8,5,0,2,1,0,11.9,3,37.5,0.0,2016,16
SWA,1,1,1,0,1,0,0,9,8,2,5,3,0,10.6,4,44.4,11.1,2016,16
TOT,1,3,3,0,2,0,1,27,9,2,7,12,0,3.5,9,33.3,11.1,2016,16
WAT,1,0,0,0,0,0,0,5,2,1,2,0,0,19.0,2,40.0,0.0,2016,16
WBA,1,3,3,0,2,0,1,13,8,3,1,4,0,7.3,4,30.8,23.1,2016,16
WHU,1,1,1,0,1,0,1,20,10,2,7,3,2,4.8,7,35.0,5.0,2016,16
ARS,1,1,1,0,1,0,0,6,3,1,1,0,0,15.8,1,16.7,16.7,2016,17
BOU,1,1,1,0,0,0,1,10,8,0,2,3,0,9.6,5,50.0,10.0,2016,17
BUR,1,1,1,0,1,0,0,5,4,2,1,2,0,19.0,2,40.0,20.0,2016,17
CHE,1,1,1,0,0,0,0,13,8,0,4,4,1,7.4,6,46.2,7.7,2016,17
CRY,1,0,0,0,0,0,0,6,3,0,2,0,0,16.0,2,33.3,0.0,2016,17
EVE,1,0,0,0,0,0,0,6,3,1,3,2,0,16.7,1,16.7,0.0,2016,17
HUL,1,0,0,0,0,0,0,16,11,1,4,4,2,6.0,4,25.0,0.0,2016,17
LEI,1,2,2,0,2,0,0,14,9,2,5,3,0,6.8,8,57.1,14.3,2016,17
LIV,1,1,1,0,1,0,0,11,9,3,1,3,1,9.1,3,27.3,9.1,2016,17
MCI,1,2,2,0,1,0,0,14,9,3,4,2,1,6.8,5,35.7,14.3,2016,17
MUN,1,2,2,0,1,0,0,10,5,2,0,1,0,9.5,5,50.0,20.0,2016,17
MID,1,3,3,0,2,1,0,10,5,2,2,1,0,9.4,4,40.0,30.0,2016,17
SOU,1,3,2,1,1,0,0,14,7,1,0,3,0,6.9,7,50.0,21.4,2016,17
STK,1,2,2,0,2,1,1,16,7,3,4,5,1,5.9,7,43.8,12.5,2016,17
SUN,1,1,1,0,1,0,0,11,9,1,2,6,0,8.7,2,18.2,9.1,2016,17
SWA,1,0,0,0,0,0,0,14,6,0,1,6,0,6.7,2,14.3,0.0,2016,17
TOT,1,2,2,0,0,0,0,30,13,0,8,9,1,3.2,9,30.0,6.7,2016,17
WAT,1,0,0,0,0,0,0,10,6,1,7,2,0,9.6,4,40.0,0.0,2016,17
WBA,1,0,0,0,0,0,0,10,5,1,3,3,0,9.5,1,10.0,0.0,2016,17
WHU,1,1,1,0,1,1,0,19,10,2,10,10,0,5.1,5,26.3,5.3,2016,17
ARS,1,1,1,0,0,0,0,26,17,2,3,7,1,3.7,11,42.3,3.8,2016,18
BOU,1,0,0,0,0,0,0,7,5,1,3,3,0,13.4,3,42.9,0.0,2016,18
BUR,1,1,1,0,0,0,1,6,2,0,4,0,0,15.8,4,66.7,16.7,2016,18
CHE,1,3,2,1,1,1,0,14,8,1,2,3,0,6.7,4,28.6,21.4,2016,18
CRY,1,1,1,0,1,0,0,10,5,2,2,1,0,9.5,4,40.0,10.0,2016,18
EVE,1,2,2,0,1,0,0,8,5,2,1,0,0,11.9,3,37.5,25.0,2016,18
HUL,1,0,0,0,0,0,0,10,6,0,4,3,0,9.4,2,20.0,0.0,2016,18
LEI,1,0,0,0,0,0,0,7,1,1,1,2,0,13.6,2,28.6,0.0,2016,18
LIV,1,4,3,1,1,0,0,20,11,1,3,9,0,4.7,5,25.0,20.0,2016,18
MCI,1,3,2,1,2,1,0,16,8,2,3,4,1,5.9,6,37.5,18.8,2016,18
MUN,1,3,3,0,1,0,0,26,13,2,5,6,0,3.7,9,34.6,11.5,2016,18
MID,1,0,0,0,0,0,0,8,4,1,5,2,0,11.9,2,25.0,0.0,2016,18
SOU,1,1,1,0,0,0,1,9,5,0,3,4,0,10.4,2,22.2,11.1,2016,18
STK,1,1,1,0,0,0,0,6,4,0,0,2,0,15.7,2,33.3,16.7,2016,18
SUN,1,1,0,1,0,0,0,9,4,0,4,3,0,10.6,4,44.4,11.1,2016,18
SWA,1,1,1,0,0,0,0,14,10,1,3,1,0,6.7,7,50.0,7.1,2016,18
TOT,1,4,4,0,0,0,1,17,10,1,5,5,1,5.5,5,29.4,23.5,2016,18
WAT,1,1,1,0,1,1,0,9,3,1,1,2,0,10.6,3,33.3,11.1,2016,18
WBA,1,0,0,0,0,0,0,3,3,1,1,1,0,31.7,1,33.3,0.0,2016,18
WHU,1,4,4,0,4,0,1,14,11,5,1,3,0,6.7,7,50.0,28.6,2016,18
ARS,1,2,2,0,0,0,0,22,14,1,5,10,0,4.3,7,31.8,9.1,2016,19
BOU,1,3,2,1,3,0,0,11,6,4,1,0,0,8.7,6,54.5,27.3,2016,19
BUR,1,4,4,0,4,1,0,16,11,4,2,2,0,5.9,6,37.5,25.0,2016,19
CHE,1,4,4,0,1,0,1,18,10,2,6,3,0,5.2,7,38.9,22.2,2016,19
CRY,1,0,0,0,0,0,0,7,4,1,3,1,0,13.4,4,57.1,0.0,2016,19
EVE,1,2,1,1,0,0,1,20,12,1,0,6,1,4.8,7,35.0,10.0,2016,19
HUL,1,2,1,1,0,0,2,13,8,0,5,4,1,7.3,4,30.8,15.4,2016,19
LEI,1,1,1,0,1,0,0,12,9,1,2,2,1,8.1,4,33.3,8.3,2016,19
LIV,1,1,1,0,0,0,0,5,2,0,0,1,0,19.2,1,20.0,20.0,2016,19
MCI,1,0,0,0,0,0,0,9,2,0,2,3,0,10.7,2,22.2,0.0,2016,19
MUN,1,2,2,0,0,0,0,32,24,2,9,8,2,3.0,12,37.5,6.3,2016,19
MID,1,1,1,0,1,0,0,9,3,1,1,3,0,10.6,2,22.2,11.1,2016,19
SOU,1,1,1,0,0,0,1,10,5,0,5,2,1,9.5,1,10.0,10.0,2016,19
STK,1,2,2,0,1,0,1,5,4,1,4,0,0,18.8,2,40.0,40.0,2016,19
SUN,1,1,1,0,0,0,0,11,5,0,2,3,0,8.5,3,27.3,9.1,2016,19
SWA,1,0,0,0,0,0,0,14,7,0,6,4,0,6.9,5,35.7,0.0,2016,19
TOT,1,4,4,0,4,0,0,19,11,4,4,2,1,4.9,6,31.6,21.1,2016,19
WAT,1,1,1,0,1,0,1,6,4,2,2,3,0,15.7,2,33.3,16.7,2016,19
WBA,1,2,1,1,0,0,0,7,3,1,2,1,0,13.6,3,42.9,28.6,2016,19
WHU,1,0,0,0,0,0,0,24,11,2,9,9,1,4.0,5,20.8,0.0,2016,19
ARS,1,3,3,0,1,0,0,14,9,1,1,5,0,6.9,4,28.6,21.4,2016,20
BOU,1,3,3,0,2,1,0,13,6,2,4,2,0,7.5,6,46.2,23.1,2016,20
BUR,1,1,1,0,0,0,1,11,6,0,6,3,0,8.7,2,18.2,9.1,2016,20
CHE,1,0,0,0,0,0,0,11,6,2,1,3,0,8.6,2,18.2,0.0,2016,20
CRY,1,1,1,0,0,0,0,7,4,0,2,2,0,13.7,3,42.9,14.3,2016,20
EVE,1,3,3,0,2,1,0,17,10,3,4,6,0,5.5,6,35.3,17.6,2016,20
HUL,1,1,1,0,1,0,0,17,9,1,6,2,0,5.5,6,35.3,5.9,2016,20
LEI,1,0,0,0,0,0,0,10,4,0,4,2,0,9.7,4,40.0,0.0,2016,20
LIV,1,2,2,0,1,0,2,21,12,3,7,3,0,4.6,15,71.4,9.5,2016,20
MCI,1,2,1,1,0,0,0,14,5,0,2,7,0,6.9,3,21.4,14.3,2016,20
MUN,1,2,2,0,0,0,0,13,8,2,1,2,1,7.2,6,46.2,15.4,2016,20
MID,1,0,0,0,0,0,0,9,4,1,1,3,0,10.8,1,11.1,0.0,2016,20
SOU,1,0,0,0,0,0,0,12,7,1,2,3,0,7.8,3,25.0,0.0,2016,20
STK,1,2,2,0,1,0,1,16,11,3,5,4,0,5.9,5,31.3,12.5,2016,20
SUN,1,2,2,0,2,2,0,10,5,2,1,5,0,9.6,5,50.0,20.0,2016,20
SWA,1,2,2,0,0,0,1,11,7,2,3,2,0,8.7,4,36.4,18.2,2016,20
TOT,1,2,2,0,2,0,0,9,3,2,2,1,0,10.6,2,22.2,22.2,2016,20
WAT,1,0,0,0,0,0,0,9,5,0,4,4,0,10.4,1,11.1,0.0,2016,20
WBA,1,3,3,0,1,0,2,8,6,1,2,3,0,11.8,5,62.5,37.5,2016,20
WHU,1,0,0,0,0,0,0,8,3,1,2,1,0,11.6,2,25.0,0.0,2016,20
ARS,1,4,2,2,2,0,0,14,10,3,0,6,0,6.7,6,42.9,28.6,2016,21
BOU,1,1,1,0,1,1,0,8,5,2,0,1,0,11.9,6,75.0,12.5,2016,21
BUR,1,1,0,1,0,0,1,9,2,0,5,2,0,10.4,3,33.3,11.1,2016,21
CHE,1,3,2,1,1,0,1,8,5,1,3,3,0,11.6,3,37.5,37.5,2016,21
CRY,1,0,0,0,0,0,0,10,3,1,3,3,0,9.5,1,10.0,0.0,2016,21
EVE,1,4,4,0,0,0,0,6,5,0,0,1,0,16.0,4,66.7,66.7,2016,21
HUL,1,3,2,1,1,0,1,14,9,1,6,2,0,6.8,3,21.4,21.4,2016,21
LEI,1,0,0,0,0,0,0,7,3,0,1,0,0,13.3,2,28.6,0.0,2016,21
LIV,1,1,1,0,1,1,0,13,11,1,2,7,0,7.3,4,30.8,7.7,2016,21
MCI,1,0,0,0,0,0,0,13,5,0,6,5,0,7.4,4,30.8,0.0,2016,21
MUN,1,1,1,0,0,0,0,9,5,1,1,1,1,10.6,3,33.3,11.1,2016,21
MID,1,0,0,0,0,0,0,5,3,0,0,0,0,19.0,1,20.0,0.0,2016,21
SOU,1,0,0,0,0,0,0,20,15,0,4,8,0,4.7,5,25.0,0.0,2016,21
STK,1,3,3,0,1,0,0,14,10,1,2,5,0,6.9,6,42.9,21.4,2016,21
SUN,1,1,1,0,1,0,0,13,6,2,4,6,0,7.4,3,23.1,7.7,2016,21
SWA,1,0,0,0,0,0,0,12,6,0,3,3,0,7.8,3,25.0,0.0,2016,21
TOT,1,4,3,1,2,0,0,21,10,4,6,3,0,4.4,11,52.4,19.0,2016,21
WAT,1,0,0,0,0,0,0,12,9,1,4,1,1,7.9,5,41.7,0.0,2016,21
WBA,1,0,0,0,0,0,0,3,1,0,1,1,0,31.0,0,0.0,0.0,2016,21
WHU,1,3,3,0,2,0,0,14,8,2,4,4,0,6.7,3,21.4,21.4,2016,21
ARS,1,2,2,0,1,1,1,24,15,1,6,9,0,4.1,8,33.3,8.3,2016,22
BOU,1,2,2,0,1,0,0,15,10,1,1,4,0,6.3,5,33.3,13.3,2016,22
BUR,1,1,1,0,1,1,0,13,7,1,4,3,0,7.6,7,53.8,7.7,2016,22
CHE,1,2,2,0,1,0,1,9,4,2,4,3,0,10.6,5,55.6,22.2,2016,22
CRY,1,0,0,0,0,0,0,8,5,0,6,4,1,11.9,2,25.0,0.0,2016,22
EVE,1,1,1,0,0,0,0,17,9,0,4,3,1,5.6,8,47.1,5.9,2016,22
HUL,1,0,0,0,0,0,0,9,3,0,3,1,0,10.6,4,44.4,0.0,2016,22
LEI,1,0,0,0,0,0,0,11,3,1,5,2,0,8.6,2,18.2,0.0,2016,22
LIV,1,2,2,0,0,0,0,16,9,1,4,4,0,6.1,5,31.3,12.5,2016,22
MCI,1,2,2,0,2,0,0,17,14,4,3,1,0,5.6,7,41.2,11.8,2016,22
MUN,1,1,0,1,0,0,1,25,14,2,9,9,1,3.8,8,32.0,4.0,2016,22
MID,1,1,1,0,1,0,0,11,7,1,3,4,0,8.7,2,18.2,9.1,2016,22
SOU,1,3,3,0,2,1,1,20,14,3,1,3,0,4.8,7,35.0,15.0,2016,22
STK,1,1,0,1,0,0,0,6,3,0,0,2,0,16.0,1,16.7,16.7,2016,22
SUN,1,0,0,0,0,0,0,9,3,0,3,4,0,10.7,3,33.3,0.0,2016,22
SWA,1,3,3,0,3,0,1,6,5,3,4,1,0,16.0,3,50.0,50.0,2016,22
TOT,1,2,2,0,2,0,0,6,3,2,2,1,0,15.8,2,33.3,33.3,2016,22
WAT,1,2,2,0,1,0,2,10,3,1,6,5,0,9.5,3,30.0,20.0,2016,22
WBA,1,2,2,0,0,0,1,14,9,1,3,4,1,6.9,5,35.7,14.3,2016,22
WHU,1,3,3,0,2,0,1,13,9,5,2,3,0,7.4,5,38.5,23.1,2016,22
ARS,1,1,1,0,0,0,0,20,14,0,8,7,1,4.8,5,25.0,5.0,2016,23
BOU,1,0,0,0,0,0,0,10,2,0,4,3,0,9.5,2,20.0,0.0,2016,23
BUR,1,1,1,0,1,0,1,24,15,1,13,9,0,3.9,3,12.5,4.2,2016,23
CHE,1,1,0,1,0,0,1,8,4,1,1,2,1,11.8,2,25.0,12.5,2016,23
CRY,1,2,2,0,2,0,1,11,6,2,4,1,1,8.6,4,36.4,18.2,2016,23
EVE,1,1,0,1,0,0,0,15,8,1,4,3,0,6.3,5,33.3,6.7,2016,23
HUL,1,0,0,0,0,0,0,6,3,1,2,0,1,16.2,2,33.3,0.0,2016,23
LEI,1,0,0,0,0,0,0,13,7,1,2,5,0,7.2,5,38.5,0.0,2016,23
LIV,1,1,1,0,1,0,0,7,4,3,0,2,0,13.4,3,42.9,14.3,2016,23
MCI,1,4,4,0,4,1,0,11,7,4,5,2,0,8.7,4,36.4,36.4,2016,23
MUN,1,0,0,0,0,0,0,16,11,2,3,6,0,6.1,6,37.5,0.0,2016,23
MID,1,1,1,0,1,1,0,11,7,1,4,5,0,8.5,3,27.3,9.1,2016,23
SOU,1,1,1,0,1,0,0,10,6,1,1,3,0,9.4,2,20.0,10.0,2016,23
STK,1,1,1,0,1,0,0,14,9,3,5,3,0,6.7,6,42.9,7.1,2016,23
SUN,1,0,0,0,0,0,0,3,3,0,0,2,0,31.0,1,33.3,0.0,2016,23
SWA,1,2,2,0,0,0,1,12,6,0,5,3,0,7.8,5,41.7,16.7,2016,23
TOT,1,0,0,0,0,0,0,14,7,2,6,7,0,6.6,3,21.4,0.0,2016,23
WAT,1,2,1,1,1,0,1,10,6,1,4,2,0,9.6,6,60.0,20.0,2016,23
WBA,1,1,0,1,0,0,1,15,10,1,5,5,2,6.3,5,33.3,6.7,2016,23
WHU,1,0,0,0,0,0,0,6,1,1,3,4,0,16.0,1,16.7,0.0,2016,23
ARS,1,1,1,0,1,0,0,9,6,3,5,2,0,10.4,5,55.6,11.1,2016,24
BOU,1,3,3,0,3,0,1,18,8,4,7,2,0,5.3,8,44.4,16.7,2016,24
BUR,1,1,1,0,1,1,0,11,5,2,6,4,0,8.6,6,54.5,9.1,2016,24
CHE,1,3,2,1,3,0,0,13,8,3,2,2,1,7.2,6,46.2,23.1,2016,24
CRY,1,0,0,0,0,0,0,21,14,4,9,5,0,4.5,8,38.1,0.0,2016,24
EVE,1,6,6,0,4,0,0,15,12,4,2,3,0,6.4,10,66.7,40.0,2016,24
HUL,1,2,2,0,2,0,1,7,6,3,1,0,0,13.7,4,57.1,28.6,2016,24
LEI,1,0,0,0,0,0,0,11,6,0,4,4,0,8.4,1,9.1,0.0,2016,24
LIV,1,0,0,0,0,0,0,22,14,0,12,11,0,4.4,5,22.7,0.0,2016,24
MCI,1,2,2,0,2,0,0,17,14,5,6,7,0,5.6,5,29.4,11.8,2016,24
MUN,1,3,3,0,2,0,0,16,13,3,1,3,0,5.8,9,56.3,18.8,2016,24
MID,1,0,0,0,0,0,0,8,5,1,1,3,0,11.8,0,0.0,0.0,2016,24
SOU,1,1,1,0,0,0,0,21,13,0,5,3,0,4.6,7,33.3,4.8,2016,24
STK,1,0,0,0,0,0,0,12,6,2,4,5,0,8.0,2,16.7,0.0,2016,24
SUN,1,4,3,1,1,0,1,10,5,1,3,0,0,9.5,7,70.0,40.0,2016,24
SWA,1,1,0,1,0,0,0,4,1,0,3,0,0,24.0,2,50.0,25.0,2016,24
TOT,1,1,1,0,1,1,0,17,11,3,3,6,1,5.5,5,29.4,5.9,2016,24
WAT,1,2,2,0,1,0,0,16,7,2,3,6,0,5.9,7,43.8,12.5,2016,24
WBA,1,1,1,0,1,0,0,15,8,2,3,4,0,6.4,4,26.7,6.7,2016,24
WHU,1,3,2,1,1,0,2,6,3,1,2,1,0,16.0,4,66.7,50.0,2016,24
ARS,1,2,2,0,2,1,0,17,15,4,2,4,0,5.6,5,29.4,11.8,2016,25
BOU,1,0,0,0,0,0,0,5,1,0,1,4,0,18.8,1,20.0,0.0,2016,25
BUR,1,1,0,1,0,0,1,7,3,2,1,2,0,13.6,4,57.1,14.3,2016,25
CHE,1,1,1,0,0,0,0,13,7,0,2,6,0,7.3,2,15.4,7.7,2016,25
CRY,1,0,0,0,0,0,0,6,3,0,4,1,0,16.2,1,16.7,0.0,2016,25
EVE,1,0,0,0,0,0,0,7,5,2,1,1,0,13.3,3,42.9,0.0,2016,25
HUL,1,0,0,0,0,0,0,9,7,0,5,0,0,10.7,4,44.4,0.0,2016,25
LEI,1,0,0,0,0,0,0,9,4,2,1,4,0,10.4,1,11.1,0.0,2016,25
LIV,1,2,2,0,2,0,0,17,11,4,6,4,0,5.6,9,52.9,11.8,2016,25
MCI,1,2,1,1,1,0,0,17,11,5,3,4,1,5.5,5,29.4,11.8,2016,25
MUN,1,2,2,0,2,0,0,22,12,4,0,4,0,4.3,11,50.0,9.1,2016,25
MID,1,0,0,0,0,0,0,9,6,0,4,2,0,10.3,3,33.3,0.0,2016,25
SOU,1,4,3,1,1,0,0,15,10,3,1,3,0,6.3,8,53.3,26.7,2016,25
STK,1,1,1,0,0,0,0,7,5,1,2,2,0,13.9,3,42.9,14.3,2016,25
SUN,1,0,0,0,0,0,0,6,2,0,2,4,0,15.7,1,16.7,0.0,2016,25
SWA,1,2,2,0,1,0,1,10,7,1,1,1,0,9.4,4,40.0,20.0,2016,25
TOT,1,0,0,0,0,0,0,7,5,1,2,1,0,13.6,2,28.6,0.0,2016,25
WAT,1,0,0,0,0,0,0,9,3,1,1,1,0,10.4,3,33.3,0.0,2016,25
WBA,1,2,2,0,1,0,1,8,7,1,4,2,1,12.0,3,37.5,25.0,2016,25
WHU,1,2,1,1,1,0,0,16,7,1,3,8,0,6.0,4,25.0,12.5,2016,25
BOU,1,1,1,0,1,1,0,12,6,1,4,2,0,8.0,4,33.3,8.3,2016,26
BUR,1,1,1,0,1,0,1,11,5,1,6,4,0,8.6,3,27.3,9.1,2016,26
CHE,1,3,2,1,1,0,0,16,10,1,2,5,1,5.9,5,31.3,18.8,2016,26
CRY,1,1,1,0,0,0,0,15,11,0,4,5,0,6.4,3,20.0,6.7,2016,26
EVE,1,2,2,0,0,0,0,20,16,2,8,3,1,4.8,8,40.0,10.0,2016,26
HUL,1,1,1,0,1,1,0,15,9,1,2,5,0,6.3,1,6.7,6.7,2016,26
LEI,1,3,2,1,2,0,0,14,10,3,7,2,0,6.9,8,57.1,21.4,2016,26
LIV,1,1,1,0,0,0,0,17,11,0,3,5,0,5.9,7,41.2,5.9,2016,26
MID,1,0,0,0,0,0,0,11,4,1,2,1,0,8.7,4,36.4,0.0,2016,26
STK,1,0,0,0,0,0,0,5,5,1,1,0,0,18.4,3,60.0,0.0,2016,26
SUN,1,0,0,0,0,0,0,10,8,0,6,6,0,9.5,1,10.0,0.0,2016,26
SWA,1,1,1,0,1,0,1,3,2,1,3,0,0,31.7,2,66.7,33.3,2016,26
TOT,1,4,2,2,1,0,2,21,11,1,5,5,1,4.4,9,42.9,19.0,2016,26
WAT,1,1,1,0,1,1,0,9,5,3,3,5,0,10.4,1,11.1,11.1,2016,26
WBA,1,2,1,1,1,0,1,13,8,1,5,4,1,7.4,4,30.8,15.4,2016,26
WHU,1,1,1,0,1,0,0,13,6,2,4,4,1,7.3,2,15.4,7.7,2016,26
ARS,1,1,1,0,1,0,0,7,5,1,2,2,0,13.4,3,42.9,14.3,2016,27
BOU,1,1,1,0,1,1,0,3,2,2,1,1,0,31.7,1,33.3,33.3,2016,27
BUR,1,2,2,0,1,1,0,6,4,1,0,0,0,15.8,4,66.7,33.3,2016,27
CHE,1,2,2,0,2,0,1,9,8,3,2,2,0,10.4,4,44.4,22.2,2016,27
CRY,1,2,2,0,1,0,0,10,8,3,2,5,0,9.6,3,30.0,20.0,2016,27
EVE,1,2,2,0,2,0,1,8,4,2,3,3,0,11.9,4,50.0,25.0,2016,27
HUL,1,1,1,0,1,0,0,10,6,1,4,1,1,9.4,4,40.0,10.0,2016,27
LEI,1,3,1,2,1,0,2,17,8,3,10,3,0,5.5,5,29.4,17.6,2016,27
LIV,1,3,3,0,2,0,0,18,11,3,7,6,1,5.2,7,38.9,16.7,2016,27
MCI,2,2,2,0,2,0,0,26,13,5,4,6,0,7.3,8,30.8,7.7,2016,27
MUN,1,1,1,0,1,0,1,20,13,6,8,8,0,4.8,7,35.0,5.0,2016,27
MID,1,0,0,0,0,0,0,8,4,0,2,3,0,12.0,2,25.0,0.0,2016,27
SOU,1,4,4,0,1,0,0,20,12,1,7,5,0,4.8,11,55.0,20.0,2016,27
STK,2,2,2,0,2,0,1,18,16,4,7,2,1,10.6,9,50.0,11.1,2016,27
SUN,1,0,0,0,0,0,0,11,7,1,4,3,1,8.5,3,27.3,0.0,2016,27
SWA,1,3,3,0,0,0,0,24,16,0,10,5,3,4.0,8,33.3,12.5,2016,27
TOT,1,3,2,1,1,0,1,20,11,2,7,8,0,4.8,7,35.0,15.0,2016,27
WAT,1,3,3,0,1,0,2,16,11,1,6,5,0,5.9,4,25.0,18.8,2016,27
WBA,1,0,0,0,0,0,0,11,3,0,3,5,0,8.7,1,9.1,0.0,2016,27
WHU,1,1,1,0,0,0,0,11,5,0,4,4,0,8.5,1,9.1,9.1,2016,27
BOU,1,3,3,0,2,0,1,22,17,5,5,5,0,4.4,9,40.9,13.6,2016,28
BUR,1,1,1,0,1,0,0,11,6,1,9,2,0,8.6,1,9.1,9.1,2016,28
EVE,1,3,3,0,3,0,0,16,8,3,4,5,1,5.8,5,31.3,18.8,2016,28
HUL,1,2,2,0,2,0,0,15,8,3,1,6,0,6.3,6,40.0,13.3,2016,28
LIV,1,2,1,1,1,0,0,10,6,1,4,5,0,9.5,3,30.0,20.0,2016,28
SWA,1,1,1,0,1,0,1,11,9,3,5,3,0,8.6,3,27.3,9.1,2016,28
WBA,1,0,0,0,0,0,0,5,1,0,0,2,0,18.6,2,40.0,0.0,2016,28
WHU,1,2,2,0,1,0,0,16,9,1,5,5,0,6.0,7,43.8,12.5,2016,28
ARS,1,1,1,0,0,0,0,11,6,1,2,5,1,8.5,2,18.2,9.1,2016,29
BOU,1,2,1,1,1,0,0,12,5,1,1,2,0,7.9,6,50.0,16.7,2016,29
BUR,1,0,0,0,0,0,0,16,9,1,6,6,0,5.9,3,18.8,0.0,2016,29
CHE,1,2,1,1,1,0,2,20,13,2,13,8,2,4.8,7,35.0,10.0,2016,29
CRY,1,1,0,1,0,0,1,7,5,1,2,2,0,13.6,0,0.0,14.3,2016,29
EVE,1,4,4,0,4,0,0,14,12,4,3,2,0,6.8,8,57.1,28.6,2016,29
HUL,1,0,0,0,0,0,0,6,4,1,1,2,0,15.8,0,0.0,0.0,2016,29
LEI,1,3,2,1,2,0,2,11,8,4,5,2,0,8.8,5,45.5,27.3,2016,29
LIV,1,1,1,0,1,1,0,13,13,3,4,4,0,7.3,4,30.8,7.7,2016,29
MCI,1,1,1,0,1,0,0,13,12,5,3,2,1,7.3,3,23.1,7.7,2016,29
MUN,1,3,2,1,2,0,0,14,9,4,2,4,0,6.8,6,42.9,21.4,2016,29
MID,1,1,1,0,1,0,0,10,9,1,1,3,0,9.5,3,30.0,10.0,2016,29
SOU,1,1,1,0,0,0,0,8,5,1,1,1,0,12.0,3,37.5,12.5,2016,29
STK,1,1,1,0,1,1,0,5,5,1,2,2,0,19.0,1,20.0,20.0,2016,29
SUN,1,0,0,0,0,0,0,14,7,2,4,2,0,6.7,5,35.7,0.0,2016,29
SWA,1,0,0,0,0,0,0,10,4,0,7,4,0,9.5,1,10.0,0.0,2016,29
TOT,1,2,1,1,1,1,0,12,7,2,2,4,0,8.0,6,50.0,16.7,2016,29
WAT,1,0,0,0,0,0,0,6,2,0,1,0,0,15.8,2,33.3,0.0,2016,29
WBA,1,3,3,0,2,0,2,12,11,3,3,2,0,7.8,7,58.3,25.0,2016,29
WHU,1,2,1,1,1,0,2,20,12,3,10,6,0,4.9,6,30.0,10.0,2016,29
ARS,1,2,2,0,1,0,2,8,6,1,4,0,0,11.8,3,37.5,25.0,2016,30
BOU,1,0,0,0,0,0,0,12,8,3,3,3,0,7.8,2,16.7,0.0,2016,30
BUR,1,0,0,0,0,0,0,13,5,0,3,5,0,7.3,2,15.4,0.0,2016,30
CHE,1,1,1,0,1,0,0,24,16,4,6,8,0,4.2,11,45.8,4.2,2016,30
CRY,1,2,2,0,1,0,0,8,6,2,3,0,0,12.6,3,37.5,25.0,2016,30
EVE,1,1,1,0,1,0,1,9,5,2,5,2,0,10.6,4,44.4,11.1,2016,30
HUL,1,2,2,0,0,0,1,7,6,1,2,1,1,13.9,3,42.9,28.6,2016,30
LEI,1,2,1,1,0,0,0,23,12,1,9,6,1,4.1,10,43.5,8.7,2016,30
LIV,1,3,2,1,0,0,0,10,6,0,0,4,0,9.5,5,50.0,30.0,2016,30
MCI,1,2,2,0,1,0,0,14,9,2,5,3,1,6.7,5,35.7,14.3,2016,30
MUN,1,0,0,0,0,0,0,18,9,1,2,7,0,5.3,3,16.7,0.0,2016,30
MID,1,0,0,0,0,0,0,8,6,1,0,3,0,11.8,1,12.5,0.0,2016,30
SOU,1,0,0,0,0,0,0,14,10,0,1,2,1,6.7,4,28.6,0.0,2016,30
STK,1,0,0,0,0,0,0,10,9,2,2,3,0,9.5,2,20.0,0.0,2016,30
SUN,1,0,0,0,0,0,0,11,3,0,2,6,0,8.6,3,27.3,0.0,2016,30
SWA,1,0,0,0,0,0,0,15,6,0,3,6,0,6.3,3,20.0,0.0,2016,30
TOT,1,2,2,0,2,0,1,19,10,3,6,6,0,5.0,7,36.8,10.5,2016,30
WAT,1,1,1,0,1,0,1,23,15,2,7,8,0,4.1,10,43.5,4.3,2016,30
WBA,1,0,0,0,0,0,0,3,1,0,1,1,0,32.0,1,33.3,0.0,2016,30
WHU,1,1,1,0,1,0,0,12,8,2,1,1,0,8.1,4,33.3,8.3,2016,30
ARS,1,3,2,1,1,0,0,21,13,4,4,6,0,4.5,8,38.1,14.3,2016,31
BOU,1,2,2,0,2,0,1,8,6,3,5,2,0,11.9,2,25.0,25.0,2016,31
BUR,1,1,1,0,0,0,0,7,4,0,1,3,0,13.9,3,42.9,14.3,2016,31
CHE,1,2,2,0,1,0,1,10,6,2,3,3,0,9.4,4,40.0,20.0,2016,31
CRY,1,1,1,0,1,0,0,17,11,3,10,8,1,5.6,3,17.6,5.9,2016,31
EVE,1,1,1,0,0,0,1,11,6,0,4,5,0,8.6,4,36.4,9.1,2016,31
HUL,1,4,4,0,2,0,1,17,15,2,5,5,0,5.6,5,29.4,23.5,2016,31
LEI,1,2,2,0,0,0,0,19,11,0,6,6,0,4.9,8,42.1,10.5,2016,31
LIV,1,2,2,0,2,0,0,20,9,4,6,3,0,4.8,8,40.0,10.0,2016,31
MCI,1,1,1,0,1,0,0,17,11,4,7,4,0,5.5,7,41.2,5.9,2016,31
MUN,1,1,1,0,1,1,0,18,10,2,3,7,2,5.3,3,16.7,5.6,2016,31
MID,1,2,2,0,2,0,1,12,7,2,1,4,0,8.0,4,33.3,16.7,2016,31
SOU,1,3,3,0,2,0,0,25,19,5,2,6,0,3.8,7,28.0,12.0,2016,31
STK,1,0,0,0,0,0,0,15,8,2,4,6,0,6.5,2,13.3,0.0,2016,31
SUN,1,0,0,0,0,0,0,15,9,0,5,4,0,6.3,3,20.0,0.0,2016,31
SWA,1,1,1,0,1,0,0,4,3,1,1,1,0,24.5,1,25.0,25.0,2016,31
TOT,1,3,3,0,2,0,0,18,11,3,0,5,0,5.4,8,44.4,16.7,2016,31
WAT,1,2,1,1,1,0,0,9,6,1,2,4,0,10.7,2,22.2,22.2,2016,31
WBA,1,0,0,0,0,0,0,18,11,2,5,6,1,5.3,2,11.1,0.0,2016,31
WHU,1,0,0,0,0,0,0,7,2,0,3,1,0,13.4,2,28.6,0.0,2016,31
ARS,1,0,0,0,0,0,0,11,8,0,1,2,0,8.6,3,27.3,0.0,2016,32
BOU,1,1,0,1,0,0,0,11,2,0,3,5,1,8.5,1,9.1,9.1,2016,32
BUR,1,0,0,0,0,0,0,7,5,1,3,0,1,13.6,2,28.6,0.0,2016,32
CHE,1,3,1,2,1,0,1,15,10,1,2,3,0,6.3,5,33.3,20.0,2016,32
CRY,1,3,3,0,2,1,0,17,13,2,4,4,0,5.6,6,35.3,17.6,2016,32
EVE,1,4,4,0,4,0,2,12,7,5,4,4,0,7.8,7,58.3,33.3,2016,32
HUL,1,1,1,0,0,0,1,7,5,0,2,2,0,13.4,1,14.3,14.3,2016,32
LEI,1,2,1,1,1,0,1,6,4,1,3,1,0,15.7,4,66.7,33.3,2016,32
LIV,1,2,1,1,1,0,0,15,9,1,5,5,1,6.3,4,26.7,13.3,2016,32
MCI,1,3,2,1,1,0,0,23,15,2,5,6,0,4.1,7,30.4,13.0,2016,32
MUN,1,3,2,1,0,0,0,18,6,2,5,4,0,5.2,9,50.0,16.7,2016,32
MID,1,0,0,0,0,0,0,13,8,0,8,5,0,7.3,3,23.1,0.0,2016,32
SOU,1,1,0,1,0,0,0,10,6,1,1,4,0,9.6,3,30.0,10.0,2016,32
STK,1,1,1,0,1,0,0,9,6,4,3,1,0,10.4,4,44.4,11.1,2016,32
SUN,1,0,0,0,0,0,0,9,3,1,2,2,0,10.4,4,44.4,0.0,2016,32
SWA,1,0,0,0,0,0,0,5,4,1,3,1,0,19.2,1,20.0,0.0,2016,32
TOT,1,4,2,2,0,0,0,19,8,3,5,8,2,4.9,6,31.6,21.1,2016,32
WAT,1,0,0,0,0,0,0,8,4,0,3,2,0,11.8,2,25.0,0.0,2016,32
WBA,1,0,0,0,0,0,0,17,11,3,5,4,0,5.6,6,35.3,0.0,2016,32
WHU,1,1,0,1,0,0,0,14,7,1,3,3,0,6.9,6,42.9,7.1,2016,32
ARS,1,2,1,1,0,0,1,12,7,1,5,4,0,7.9,4,33.3,16.7,2016,33
BOU,1,0,0,0,0,0,0,5,3,0,1,1,0,18.8,1,20.0,0.0,2016,33
BUR,1,1,1,0,1,1,0,13,7,1,7,5,0,7.2,4,30.8,7.7,2016,33
CHE,1,0,0,0,0,0,0,5,3,0,2,1,0,19.0,0,0.0,0.0,2016,33
CRY,1,2,2,0,2,0,0,15,11,3,3,5,0,6.3,4,26.7,13.3,2016,33
EVE,1,3,2,1,0,0,1,29,16,1,7,13,1,3.2,7,24.1,10.3,2016,33
HUL,1,1,1,0,0,0,1,14,10,1,5,5,0,6.8,3,21.4,7.1,2016,33
LEI,1,2,2,0,0,0,1,6,5,0,2,2,0,15.8,2,33.3,33.3,2016,33
LIV,1,1,1,0,1,0,1,15,7,2,3,4,0,6.3,2,13.3,6.7,2016,33
MCI,1,3,3,0,3,0,1,18,11,4,5,6,0,5.3,5,27.8,16.7,2016,33
MUN,1,2,2,0,1,0,0,9,4,1,0,0,0,10.6,3,33.3,22.2,2016,33
MID,1,1,1,0,1,0,0,13,9,2,8,2,0,7.3,5,38.5,7.7,2016,33
SOU,1,0,0,0,0,0,0,8,5,2,3,3,0,11.9,1,12.5,0.0,2016,33
STK,1,3,2,1,0,0,0,14,10,3,1,4,0,6.8,4,28.6,21.4,2016,33
SUN,1,2,1,1,0,0,1,14,7,1,5,4,0,7.2,4,28.6,14.3,2016,33
SWA,1,0,0,0,0,0,0,13,9,0,3,4,0,7.3,4,30.8,0.0,2016,33
TOT,1,4,4,0,3,0,2,24,16,5,7,9,0,3.9,14,58.3,16.7,2016,33
WAT,1,1,1,0,1,0,0,15,5,2,2,2,0,6.3,7,46.7,6.7,2016,33
WBA,1,0,0,0,0,0,0,7,3,2,0,0,0,13.6,2,28.6,0.0,2016,33
WHU,1,2,2,0,2,0,1,7,4,2,2,2,0,14.4,3,42.9,28.6,2016,33
ARS,1,1,0,1,0,0,0,12,4,0,4,1,1,8.1,5,41.7,8.3,2016,34
BOU,1,4,4,0,2,0,1,21,11,5,5,4,0,4.4,10,47.6,19.0,2016,34
BUR,1,0,0,0,0,0,0,8,4,1,3,4,0,12.0,0,0.0,0.0,2016,34
CHE,1,4,4,0,1,0,2,17,12,1,4,5,0,5.6,7,41.2,23.5,2016,34
CRY,2,2,2,0,2,0,1,13,10,2,7,4,0,15.0,4,30.8,15.4,2016,34
EVE,1,0,0,0,0,0,0,4,1,0,1,1,0,23.3,0,0.0,0.0,2016,34
HUL,1,2,1,1,1,0,1,8,3,2,4,2,1,11.9,3,37.5,25.0,2016,34
LEI,1,0,0,0,0,0,0,7,7,0,4,2,0,13.9,3,42.9,0.0,2016,34
LIV,1,1,0,1,0,0,1,14,7,1,2,6,0,6.9,1,7.1,7.1,2016,34
MCI,1,0,0,0,0,0,0,19,8,1,4,5,1,5.1,6,31.6,0.0,2016,34
MUN,2,2,2,0,2,0,0,15,9,4,3,4,0,12.9,7,46.7,13.3,2016,34
MID,2,1,1,0,1,0,0,11,3,2,4,1,0,17.1,4,36.4,9.1,2016,34
SOU,1,2,2,0,1,0,1,12,8,1,9,4,0,7.9,4,33.3,16.7,2016,34
STK,1,0,0,0,0,0,0,9,6,3,3,1,0,10.6,3,33.3,0.0,2016,34
SUN,1,0,0,0,0,0,0,10,4,0,4,2,0,9.5,4,40.0,0.0,2016,34
SWA,1,2,1,1,0,0,1,10,8,0,4,2,0,9.5,6,60.0,20.0,2016,34
TOT,1,1,0,1,0,0,0,18,10,1,4,6,0,5.4,4,22.2,5.6,2016,34
WAT,1,0,0,0,0,0,0,14,7,2,8,6,0,6.8,2,14.3,0.0,2016,34
WHU,1,0,0,0,0,0,0,15,8,0,7,7,0,6.2,3,20.0,0.0,2016,34
ARS,1,0,0,0,0,0,0,12,9,0,4,4,0,7.9,4,33.3,0.0,2016,35
BOU,1,1,1,0,1,0,0,15,11,2,2,5,1,6.2,6,40.0,6.7,2016,35
BUR,1,2,2,0,2,0,0,9,6,2,1,4,0,10.6,3,33.3,22.2,2016,35
CHE,1,3,2,1,1,0,1,11,8,3,4,3,0,8.5,5,45.5,27.3,2016,35
CRY,1,0,0,0,0,0,0,15,11,0,9,4,0,6.3,5,33.3,0.0,2016,35
EVE,1,0,0,0,0,0,0,12,6,0,3,3,0,7.8,2,16.7,0.0,2016,35
HUL,1,0,0,0,0,0,0,9,4,0,4,5,1,10.4,1,11.1,0.0,2016,35
LEI,1,1,1,0,1,0,0,6,4,1,2,1,1,15.8,1,16.7,16.7,2016,35
LIV,1,1,1,0,0,0,0,12,5,1,4,2,1,7.9,8,66.7,8.3,2016,35
MCI,1,2,2,0,2,1,1,22,14,4,8,8,0,4.4,4,18.2,9.1,2016,35
MUN,1,1,1,0,1,1,0,12,8,3,2,1,0,8.1,6,50.0,8.3,2016,35
MID,1,2,2,0,1,0,1,14,7,1,6,2,0,6.9,6,42.9,14.3,2016,35
SOU,1,0,0,0,0,0,0,11,5,1,1,6,0,8.5,2,18.2,0.0,2016,35
STK,1,0,0,0,0,0,0,19,9,2,4,8,0,5.0,4,21.1,0.0,2016,35
SUN,1,0,0,0,0,0,0,17,10,2,5,3,0,5.5,5,29.4,0.0,2016,35
SWA,1,1,0,1,0,0,1,12,8,2,4,3,0,8.1,4,33.3,8.3,2016,35
TOT,1,2,2,0,2,1,0,20,14,5,6,3,1,4.8,11,55.0,10.0,2016,35
WAT,1,0,0,0,0,0,0,9,2,0,2,3,1,10.6,2,22.2,0.0,2016,35
WBA,1,0,0,0,0,0,0,16,9,0,6,5,0,5.9,4,25.0,0.0,2016,35
WHU,1,0,0,0,0,0,0,12,8,0,2,4,0,7.9,4,33.3,0.0,2016,35
ARS,2,4,3,1,3,0,0,20,14,3,8,8,0,9.4,8,40.0,20.0,2016,36
BOU,1,2,1,1,1,0,0,12,6,2,1,3,1,7.8,2,16.7,16.7,2016,36
BUR,1,2,2,0,1,0,1,14,10,1,4,5,0,6.8,4,28.6,14.3,2016,36
CHE,1,3,3,0,2,0,1,21,13,2,6,3,1,4.5,7,33.3,14.3,2016,36
CRY,1,0,0,0,0,0,0,5,2,0,0,1,0,18.8,2,40.0,0.0,2016,36
EVE,1,0,0,0,0,0,0,9,4,0,2,2,0,10.4,2,22.2,0.0,2016,36
HUL,1,0,0,0,0,0,0,16,8,2,3,6,0,5.9,5,31.3,0.0,2016,36
LEI,1,3,3,0,0,0,1,11,6,0,5,3,0,8.5,5,45.5,27.3,2016,36
LIV,1,0,0,0,0,0,0,17,5,1,1,5,0,5.6,8,47.1,0.0,2016,36
MCI,1,5,4,1,2,0,2,26,22,2,7,4,1,3.6,12,46.2,19.2,2016,36
MUN,1,0,0,0,0,0,0,10,5,1,3,2,0,9.4,4,40.0,0.0,2016,36
MID,1,0,0,0,0,0,0,2,1,0,0,1,0,47.0,1,50.0,0.0,2016,36
SOU,2,0,0,0,0,0,0,18,11,3,4,4,0,10.5,3,16.7,0.0,2016,36
STK,1,2,1,1,1,0,1,14,7,3,3,5,0,6.7,3,21.4,14.3,2016,36
SUN,1,2,2,0,2,0,2,12,8,4,5,1,0,7.9,5,41.7,16.7,2016,36
SWA,1,1,1,0,1,0,0,9,8,3,5,3,1,10.4,4,44.4,11.1,2016,36
TOT,1,0,0,0,0,0,0,11,6,0,3,2,0,8.7,5,45.5,0.0,2016,36
WAT,1,0,0,0,0,0,0,14,8,0,2,2,0,6.7,7,50.0,0.0,2016,36
WBA,1,2,2,0,1,0,1,11,7,1,3,7,0,8.6,3,27.3,18.2,2016,36
WHU,1,1,1,0,1,0,0,13,6,3,2,1,0,7.4,5,38.5,7.7,2016,36
ARS,2,6,6,0,5,0,2,46,34,10,15,14,2,4.1,19,41.3,13.0,2016,37
BOU,1,2,2,0,2,0,0,18,11,2,3,6,0,5.3,6,33.3,11.1,2016,37
BUR,1,1,1,0,0,0,0,14,5,1,3,4,0,6.9,3,21.4,7.1,2016,37
CHE,2,5,5,0,3,0,3,48,30,3,14,17,0,4.0,14,29.2,10.4,2016,37
CRY,1,4,4,0,4,1,1,12,9,4,4,1,0,7.8,4,33.3,33.3,2016,37
EVE,1,1,0,1,0,0,0,15,6,1,4,5,0,6.4,6,40.0,6.7,2016,37
HUL,1,0,0,0,0,0,0,9,6,1,2,3,0,10.4,0,0.0,0.0,2016,37
LEI,2,2,2,0,1,0,0,21,11,3,6,6,0,9.2,9,42.9,9.5,2016,37
LIV,1,4,3,1,3,0,0,26,15,4,5,1,3,3.6,11,42.3,15.4,2016,37
MCI,2,5,4,1,3,1,0,38,22,5,6,9,0,5.1,15,39.5,13.2,2016,37
MUN,2,1,1,0,1,0,0,19,8,3,3,2,1,10.1,3,15.8,5.3,2016,37
MID,1,1,1,0,1,0,1,14,8,2,6,6,0,6.8,3,21.4,7.1,2016,37
SOU,2,2,2,0,0,0,0,31,20,2,13,8,1,6.1,10,32.3,6.5,2016,37
STK,1,1,1,0,1,0,0,10,6,2,3,3,0,9.5,4,40.0,10.0,2016,37
SUN,2,0,0,0,0,0,0,19,13,1,8,5,0,9.9,6,31.6,0.0,2016,37
SWA,1,2,2,0,1,0,1,3,2,1,2,0,0,31.3,3,100.0,66.7,2016,37
TOT,2,8,6,2,4,0,2,40,22,7,11,6,1,4.8,18,45.0,20.0,2016,37
WAT,2,3,3,0,2,0,0,23,16,4,7,7,0,8.3,5,21.7,13.0,2016,37
WBA,2,1,1,0,1,0,0,13,9,1,3,5,0,14.7,4,30.8,7.7,2016,37
WHU,1,0,0,0,0,0,0,10,7,2,7,1,2,9.3,3,30.0,0.0,2016,37
ARS,1,3,3,0,2,0,0,17,13,6,3,5,0,5.6,9,52.9,17.6,2016,38
BOU,1,1,1,0,1,0,0,10,2,1,5,4,0,9.4,4,40.0,10.0,2016,38
BUR,1,1,1,0,1,0,0,9,4,3,4,1,0,10.6,1,11.1,11.1,2016,38
CHE,1,5,5,0,2,0,1,28,19,4,9,8,1,3.3,8,28.6,17.9,2016,38
CRY,1,0,0,0,0,0,0,6,2,0,4,3,1,15.7,1,16.7,0.0,2016,38
EVE,1,1,1,0,1,1,0,22,15,1,2,7,0,4.3,7,31.8,4.5,2016,38
HUL,1,1,1,0,1,0,0,10,6,2,1,2,0,9.1,4,40.0,10.0,2016,38
LEI,1,1,1,0,1,0,0,20,17,2,10,7,0,4.7,4,20.0,5.0,2016,38
LIV,1,3,2,1,2,0,1,25,12,2,3,6,0,3.7,10,40.0,12.0,2016,38
MCI,1,5,5,0,3,0,1,15,11,5,3,2,0,6.1,8,53.3,33.3,2016,38
MUN,1,2,2,0,1,0,0,9,6,1,1,4,0,10.4,2,22.2,22.2,2016,38
MID,1,0,0,0,0,0,0,9,6,2,3,3,0,10.3,3,33.3,0.0,2016,38
SOU,1,0,0,0,0,0,0,15,11,1,7,5,1,6.3,6,40.0,0.0,2016,38
STK,1,1,1,0,1,0,0,14,11,1,7,6,0,6.7,2,14.3,7.1,2016,38
SUN,1,1,1,0,1,0,1,7,3,1,4,2,0,13.3,3,42.9,14.3,2016,38
SWA,1,2,2,0,2,0,1,12,9,3,5,4,0,7.9,2,16.7,16.7,2016,38
TOT,1,7,5,2,4,0,2,19,12,6,5,2,0,4.8,14,73.7,36.8,2016,38
WAT,1,0,0,0,0,0,0,6,5,1,3,2,0,15.3,2,33.3,0.0,2016,38
WBA,1,1,1,0,1,0,1,16,10,3,4,5,0,5.9,5,31.3,6.3,2016,38
WHU,1,2,2,0,2,0,0,14,6,2,1,5,0,6.8,4,28.6,14.3,2016,38
