Team,Games Played,GoalsTotal,GoalsIn,GoalsOut,GoalsBCS,GoalsPen,GoalsSP,AttemptsTotal,AttemptsIn,AttemptsBCT,AttemptsSP,AttemptsBlkd,AttemptsHit WW,AttemptsMins Per Chance,AttemptsOn Target,Conversion %Shots,Conversion %Goals,Season,GW ID
ARS,1,3,3,0,2,0,1,13,9,3,5,4,1,7.2,5,38.5,23.1,2020,1
BHA,1,1,0,1,0,0,0,13,7,2,3,4,0,7.2,3,23.1,7.7,2020,1
CHE,1,3,2,1,1,1,1,10,7,1,2,3,0,9.4,5,50.0,30.0,2020,1
CRY,1,1,1,0,1,0,0,5,5,3,3,0,0,19.4,3,60.0,20.0,2020,1
EVE,1,1,1,0,0,0,1,15,10,2,1,4,0,6.3,4,26.7,6.7,2020,1
FUL,1,0,0,0,0,0,0,5,1,0,1,1,0,18.6,2,40.0,0.0,2020,1
LEE,1,3,3,0,0,0,0,6,4,0,1,2,0,15.8,3,50.0,50.0,2020,1
LEI,1,3,3,0,3,2,0,13,11,4,3,3,0,7.2,7,53.8,23.1,2020,1
LIV,1,4,4,0,3,2,2,22,17,3,4,13,0,4.3,6,27.3,18.2,2020,1
NEW,1,2,2,0,1,0,0,15,10,1,2,6,0,6.3,2,13.3,13.3,2020,1
SHU,1,0,0,0,0,0,0,9,8,1,3,3,1,10.7,1,11.1,0.0,2020,1
SOU,1,0,0,0,0,0,0,9,7,2,4,1,0,10.8,5,55.6,0.0,2020,1
TOT,1,0,0,0,0,0,0,9,8,2,2,3,0,10.6,5,55.6,0.0,2020,1
WBA,1,0,0,0,0,0,0,7,3,0,2,3,0,13.3,1,14.3,0.0,2020,1
WHU,1,0,0,0,0,0,0,15,10,0,5,7,1,6.3,3,20.0,0.0,2020,1
WOL,1,2,2,0,1,0,1,11,7,3,3,2,1,8.7,4,36.4,18.2,2020,1
ARS,1,2,2,0,2,0,0,7,5,2,0,3,0,13.6,3,42.9,28.6,2020,2
AVL,1,1,1,0,0,0,1,18,11,0,5,5,0,5.2,2,11.1,5.6,2020,2
BHA,1,3,3,0,2,1,0,13,6,2,1,1,1,7.2,6,46.2,23.1,2020,2
BUR,1,2,2,0,0,0,1,16,11,2,6,3,1,5.8,5,31.3,12.5,2020,2
CHE,1,0,0,0,0,0,0,5,3,1,1,0,0,18.8,3,60.0,0.0,2020,2
CRY,1,3,3,0,2,1,0,14,9,2,2,3,0,6.9,5,35.7,21.4,2020,2
EVE,1,5,4,1,3,0,2,17,13,4,9,5,0,5.6,7,41.2,29.4,2020,2
FUL,1,3,3,0,3,1,0,14,7,3,3,3,1,6.8,6,42.9,21.4,2020,2
LEE,1,4,4,0,1,1,1,10,8,1,4,1,0,9.5,7,70.0,40.0,2020,2
LEI,1,4,2,2,1,0,0,14,11,1,3,6,0,6.6,6,42.9,28.6,2020,2
LIV,1,2,2,0,2,0,0,18,10,3,5,4,0,5.2,5,27.8,11.1,2020,2
MCI,1,3,3,0,2,1,0,14,8,3,3,2,0,6.9,9,64.3,21.4,2020,2
MUN,1,1,1,0,1,0,0,17,7,2,5,9,0,5.7,4,23.5,5.9,2020,2
NEW,1,0,0,0,0,0,0,6,3,1,2,2,0,15.7,0,0.0,0.0,2020,2
SHU,1,0,0,0,0,0,0,4,3,1,2,1,0,23.5,1,25.0,0.0,2020,2
SOU,1,2,2,0,1,1,0,14,9,3,4,2,1,6.8,7,50.0,14.3,2020,2
TOT,1,5,5,0,4,0,0,9,7,4,1,2,0,10.6,6,66.7,55.6,2020,2
WBA,1,2,0,2,0,0,1,6,2,0,1,1,0,15.8,4,66.7,33.3,2020,2
WHU,1,1,1,0,1,0,0,14,7,3,2,6,1,6.8,2,14.3,7.1,2020,2
WOL,1,1,1,0,1,0,1,10,6,1,3,4,0,9.6,1,10.0,10.0,2020,2
ARS,1,1,1,0,1,0,0,4,3,3,0,0,0,23.3,3,75.0,25.0,2020,3
AVL,1,3,3,0,3,0,1,12,10,4,4,3,0,7.8,5,41.7,25.0,2020,3
BHA,1,2,2,0,2,1,0,18,12,5,5,4,4,5.6,5,27.8,11.1,2020,3
BUR,1,0,0,0,0,0,0,10,5,0,3,4,0,9.4,2,20.0,0.0,2020,3
CHE,1,3,2,1,1,0,1,22,10,3,4,6,1,4.4,10,45.5,13.6,2020,3
CRY,1,1,1,0,1,0,1,8,5,1,6,5,1,11.9,1,12.5,12.5,2020,3
EVE,1,2,2,0,2,1,0,10,7,3,4,2,0,9.5,5,50.0,20.0,2020,3
FUL,1,0,0,0,0,0,0,16,11,0,2,5,0,5.9,2,12.5,0.0,2020,3
LEE,1,1,1,0,1,0,0,17,9,2,3,4,0,5.6,8,47.1,5.9,2020,3
LEI,1,5,4,1,4,3,0,7,4,4,0,0,0,13.6,7,100.0,71.4,2020,3
LIV,1,3,3,0,2,0,0,21,12,4,4,6,0,4.4,8,38.1,14.3,2020,3
MCI,1,2,2,0,1,0,2,16,6,2,4,4,1,5.9,5,31.3,12.5,2020,3
MUN,1,3,2,1,2,1,1,7,6,2,3,3,0,14.3,3,42.9,42.9,2020,3
NEW,1,1,1,0,1,1,0,6,4,1,3,3,0,16.5,1,16.7,16.7,2020,3
SHU,1,0,0,0,0,0,0,14,9,2,3,5,0,6.8,4,28.6,0.0,2020,3
SOU,1,1,1,0,1,0,0,5,3,1,1,2,0,18.8,1,20.0,20.0,2020,3
TOT,1,1,1,0,1,0,0,23,15,4,9,4,2,4.3,12,52.2,4.3,2020,3
WBA,1,3,3,0,1,0,1,9,5,1,2,2,0,10.7,3,33.3,33.3,2020,3
WHU,1,4,3,1,1,0,2,15,13,3,3,1,1,6.3,7,46.7,26.7,2020,3
WOL,1,0,0,0,0,0,0,11,4,0,2,5,0,8.6,2,18.2,0.0,2020,3
ARS,1,2,2,0,1,0,0,6,5,1,0,1,0,15.8,5,83.3,33.3,2020,4
AVL,1,7,5,2,3,0,2,18,13,6,2,3,1,5.2,11,61.1,38.9,2020,4
BHA,1,2,1,1,1,0,0,11,6,1,2,5,0,8.5,3,27.3,18.2,2020,4
BUR,1,1,1,0,0,0,1,7,6,0,4,2,0,13.6,3,42.9,14.3,2020,4
CHE,1,4,4,0,2,2,1,17,12,3,4,5,0,5.5,6,35.3,23.5,2020,4
CRY,1,0,0,0,0,0,0,4,2,0,1,2,0,23.3,0,0.0,0.0,2020,4
EVE,1,4,4,0,4,0,2,11,6,4,2,3,0,8.5,6,54.5,36.4,2020,4
FUL,1,0,0,0,0,0,0,10,6,1,6,3,0,9.5,2,20.0,0.0,2020,4
LEE,1,1,1,0,1,0,1,12,11,5,1,3,0,7.8,7,58.3,8.3,2020,4
LEI,1,0,0,0,0,0,0,4,3,1,0,2,0,23.8,0,0.0,0.0,2020,4
LIV,1,2,2,0,2,0,0,14,10,4,1,5,0,6.7,8,57.1,14.3,2020,4
MCI,1,1,1,0,0,0,0,23,16,0,4,8,2,4.1,1,4.3,4.3,2020,4
MUN,1,1,1,0,1,1,0,5,2,1,1,1,0,18.6,2,40.0,20.0,2020,4
NEW,1,3,3,0,2,1,0,10,6,3,0,1,0,9.5,5,50.0,30.0,2020,4
SHU,1,1,0,1,0,0,0,6,1,0,1,2,0,15.8,2,33.3,16.7,2020,4
SOU,1,2,2,0,0,0,0,13,8,1,4,1,0,7.2,7,53.8,15.4,2020,4
TOT,1,6,6,0,6,1,1,22,16,7,8,8,0,4.2,8,36.4,27.3,2020,4
WBA,1,0,0,0,0,0,0,5,3,0,2,2,0,18.8,2,40.0,0.0,2020,4
WHU,1,3,3,0,3,0,0,14,12,3,4,3,1,6.8,6,42.9,21.4,2020,4
WOL,1,1,1,0,0,0,0,14,7,2,4,6,0,6.8,5,35.7,7.1,2020,4
ARS,1,0,0,0,0,0,0,11,7,1,8,3,0,8.6,3,27.3,0.0,2020,5
AVL,1,1,0,1,0,0,0,10,5,1,5,1,0,9.5,4,40.0,10.0,2020,5
BHA,1,1,0,1,0,0,0,20,12,0,7,8,0,5.1,3,15.0,5.0,2020,5
BUR,1,0,0,0,0,0,0,9,6,2,3,1,2,10.4,4,44.4,0.0,2020,5
CHE,1,3,3,0,2,0,0,11,11,2,3,3,0,8.6,5,45.5,27.3,2020,5
CRY,1,1,1,0,1,1,0,1,1,1,0,0,0,101.0,1,100.0,100.0,2020,5
EVE,1,2,2,0,1,0,1,11,6,3,2,1,1,8.8,5,45.5,18.2,2020,5
FUL,1,1,1,0,0,0,0,15,9,2,5,4,1,6.4,6,40.0,6.7,2020,5
LEE,1,0,0,0,0,0,0,13,13,1,4,4,0,7.5,2,15.4,0.0,2020,5
LEI,1,0,0,0,0,0,0,11,6,0,4,4,0,8.6,5,45.5,0.0,2020,5
LIV,1,2,2,0,1,0,0,22,15,4,5,6,0,4.4,8,36.4,9.1,2020,5
MCI,1,1,1,0,1,0,0,13,8,3,2,4,0,7.3,5,38.5,7.7,2020,5
MUN,1,4,4,0,1,0,1,28,15,2,6,10,0,3.5,12,42.9,14.3,2020,5
NEW,1,1,0,1,0,0,0,7,3,1,1,1,0,13.9,4,57.1,14.3,2020,5
SHU,1,1,1,0,1,1,0,10,6,3,0,1,0,9.6,6,60.0,10.0,2020,5
SOU,1,3,3,0,2,0,1,13,9,2,4,2,0,7.3,6,46.2,23.1,2020,5
TOT,1,3,2,1,1,0,0,11,5,3,1,1,1,8.6,6,54.5,27.3,2020,5
WBA,1,0,0,0,0,0,0,13,8,0,8,2,0,7.2,6,46.2,0.0,2020,5
WHU,1,3,1,2,0,0,2,13,10,1,6,5,0,7.3,4,30.8,23.1,2020,5
WOL,1,1,0,1,0,0,0,7,4,1,1,3,0,13.9,3,42.9,14.3,2020,5
ARS,1,0,0,0,0,0,0,12,9,0,5,4,0,8.0,4,33.3,0.0,2020,6
AVL,1,0,0,0,0,0,0,12,7,3,1,4,0,7.9,3,25.0,0.0,2020,6
BHA,1,1,0,1,0,0,0,5,3,1,1,1,0,18.8,3,60.0,20.0,2020,6
BUR,1,0,0,0,0,0,0,13,3,1,3,5,0,7.3,3,23.1,0.0,2020,6
CHE,1,0,0,0,0,0,0,6,4,0,2,3,0,15.8,1,16.7,0.0,2020,6
CRY,1,2,2,0,2,0,0,14,11,4,2,1,0,6.9,10,71.4,14.3,2020,6
EVE,1,0,0,0,0,0,0,6,3,0,3,3,1,16.0,2,33.3,0.0,2020,6
FUL,1,1,0,1,0,0,0,16,10,1,5,4,1,6.1,3,18.8,6.3,2020,6
LEE,1,3,2,1,1,0,0,27,20,3,5,5,0,3.5,9,33.3,11.1,2020,6
LEI,1,1,1,0,1,0,0,6,2,2,1,1,0,16.0,2,33.3,16.7,2020,6
LIV,1,2,2,0,2,0,0,17,10,5,6,5,1,5.5,5,29.4,11.8,2020,6
MCI,1,1,1,0,0,0,0,14,6,1,2,1,0,6.7,7,50.0,7.1,2020,6
MUN,1,0,0,0,0,0,0,14,7,0,5,5,0,6.8,4,28.6,0.0,2020,6
NEW,1,1,0,1,0,0,1,5,2,0,1,3,0,18.8,2,40.0,20.0,2020,6
SHU,1,1,1,0,1,1,0,13,9,2,1,4,0,7.2,2,15.4,7.7,2020,6
SOU,1,2,2,0,0,0,0,13,10,0,2,1,0,7.4,6,46.2,15.4,2020,6
TOT,1,1,1,0,1,0,1,9,8,1,3,4,0,10.6,3,33.3,11.1,2020,6
WBA,1,1,1,0,0,0,0,9,3,0,1,1,1,10.4,3,33.3,11.1,2020,6
WHU,1,1,1,0,0,0,0,6,2,0,0,1,0,15.7,2,33.3,16.7,2020,6
WOL,1,1,0,1,0,0,1,16,4,0,2,5,0,5.9,3,18.8,6.3,2020,6
ARS,1,1,1,0,1,1,0,7,3,1,1,0,1,13.6,2,28.6,14.3,2020,7
AVL,1,3,2,1,2,1,1,19,14,4,8,7,0,5.1,10,52.6,15.8,2020,7
BHA,1,1,1,0,0,0,0,6,5,0,3,2,0,16.0,2,33.3,16.7,2020,7
BUR,1,0,0,0,0,0,0,5,1,1,1,1,0,18.6,0,0.0,0.0,2020,7
CHE,1,3,2,1,2,0,1,14,7,2,5,4,0,6.6,9,64.3,21.4,2020,7
CRY,1,0,0,0,0,0,0,11,6,1,4,6,0,8.6,2,18.2,0.0,2020,7
EVE,1,1,1,0,1,0,0,15,9,1,2,5,0,6.5,4,26.7,6.7,2020,7
FUL,1,2,1,1,1,0,0,13,6,2,1,6,0,7.2,4,30.8,15.4,2020,7
LEE,1,1,0,1,0,0,1,11,6,3,3,2,1,8.6,4,36.4,9.1,2020,7
LEI,1,4,4,0,4,1,0,10,9,5,0,1,0,9.5,8,80.0,40.0,2020,7
LIV,1,2,2,0,2,1,0,9,6,2,2,1,0,10.7,5,55.6,22.2,2020,7
MCI,1,1,0,1,0,0,0,16,10,2,4,4,0,5.9,8,50.0,6.3,2020,7
MUN,1,0,0,0,0,0,0,8,4,0,2,3,0,11.9,2,25.0,0.0,2020,7
NEW,1,2,2,0,2,1,0,11,7,4,4,4,0,8.8,4,36.4,18.2,2020,7
SHU,1,0,0,0,0,0,0,3,2,1,0,1,0,31.3,1,33.3,0.0,2020,7
SOU,1,4,1,3,1,0,3,9,4,1,5,1,1,10.8,4,44.4,44.4,2020,7
TOT,1,2,2,0,2,1,0,9,5,3,3,0,2,10.7,3,33.3,22.2,2020,7
WBA,1,0,0,0,0,0,0,10,6,0,1,5,0,9.4,1,10.0,0.0,2020,7
WHU,1,1,1,0,0,0,0,4,4,0,1,1,0,24.0,3,75.0,25.0,2020,7
WOL,1,2,2,0,1,0,0,15,9,3,3,2,2,6.3,5,33.3,13.3,2020,7
ARS,1,0,0,0,0,0,0,13,8,2,5,3,0,7.2,2,15.4,0.0,2020,8
AVL,1,3,2,1,2,0,0,15,14,2,2,10,0,6.3,5,33.3,20.0,2020,8
BHA,1,0,0,0,0,0,0,19,12,2,3,9,0,4.9,3,15.8,0.0,2020,8
BUR,1,0,0,0,0,0,0,4,3,0,2,0,0,23.3,1,25.0,0.0,2020,8
CHE,1,4,4,0,3,0,2,20,10,4,7,6,2,4.7,9,45.0,20.0,2020,8
CRY,1,4,2,2,2,0,2,10,7,3,2,2,0,9.4,6,60.0,40.0,2020,8
EVE,1,1,1,0,0,0,0,7,5,0,1,1,1,13.7,1,14.3,14.3,2020,8
FUL,1,0,0,0,0,0,0,13,7,2,6,6,0,7.5,3,23.1,0.0,2020,8
LEE,1,1,1,0,1,0,0,9,5,1,5,2,0,10.4,3,33.3,11.1,2020,8
LEI,1,1,1,0,1,1,0,10,6,2,3,3,0,9.6,3,30.0,10.0,2020,8
LIV,1,1,1,0,1,1,0,10,5,1,2,3,0,9.5,3,30.0,10.0,2020,8
MCI,1,1,1,0,1,0,0,7,4,3,0,1,0,13.6,2,28.6,14.3,2020,8
MUN,1,3,3,0,2,0,0,13,7,4,4,3,0,7.4,5,38.5,23.1,2020,8
NEW,1,0,0,0,0,0,0,4,3,0,2,1,0,23.3,2,50.0,0.0,2020,8
SHU,1,1,1,0,1,0,1,6,4,1,2,2,0,15.5,3,50.0,16.7,2020,8
SOU,1,2,2,0,0,0,0,15,9,0,3,6,0,6.2,7,46.7,13.3,2020,8
TOT,1,1,1,0,1,0,0,19,13,3,4,8,0,5.1,5,26.3,5.3,2020,8
WBA,1,0,0,0,0,0,0,12,7,1,5,3,1,8.0,2,16.7,0.0,2020,8
WHU,1,1,1,0,1,0,0,16,10,2,6,1,2,6.1,7,43.8,6.3,2020,8
WOL,1,0,0,0,0,0,0,8,4,1,2,1,0,12.0,2,25.0,0.0,2020,8
ARS,1,0,0,0,0,0,0,9,5,1,3,1,0,10.8,2,22.2,0.0,2020,9
AVL,1,1,1,0,1,0,1,15,8,4,5,5,0,6.5,4,26.7,6.7,2020,9
BHA,1,2,2,0,1,0,0,7,6,3,0,1,0,14.0,3,42.9,28.6,2020,9
BUR,1,1,1,0,1,0,0,10,6,4,2,3,1,9.7,4,40.0,10.0,2020,9
CHE,1,2,1,1,1,0,1,14,9,4,2,5,0,6.7,3,21.4,14.3,2020,9
CRY,1,0,0,0,0,0,0,15,7,2,5,5,0,6.5,5,33.3,0.0,2020,9
EVE,1,3,3,0,3,0,0,9,7,4,1,2,0,10.7,7,77.8,33.3,2020,9
FUL,1,2,2,0,2,0,0,14,7,3,0,4,0,6.9,6,42.9,14.3,2020,9
LEE,1,0,0,0,0,0,0,25,15,2,3,5,3,3.9,4,16.0,0.0,2020,9
LEI,1,0,0,0,0,0,0,11,7,3,3,2,0,8.6,4,36.4,0.0,2020,9
LIV,1,3,2,1,1,0,2,24,19,7,6,5,2,4.0,11,45.8,12.5,2020,9
MCI,1,0,0,0,0,0,0,22,15,2,8,11,0,4.3,5,22.7,0.0,2020,9
MUN,1,1,1,0,1,1,0,17,11,3,8,8,0,5.6,7,41.2,5.9,2020,9
NEW,1,0,0,0,0,0,0,8,4,0,2,3,1,11.8,1,12.5,0.0,2020,9
SHU,1,0,0,0,0,0,0,9,6,2,1,1,1,10.4,5,55.6,0.0,2020,9
SOU,1,1,1,0,1,0,0,7,5,2,1,2,0,13.4,2,28.6,14.3,2020,9
TOT,1,2,1,1,2,0,0,4,1,2,1,2,0,23.5,2,50.0,50.0,2020,9
WBA,1,0,0,0,0,0,0,7,6,1,2,1,1,13.6,2,28.6,0.0,2020,9
WHU,1,1,0,1,0,0,0,15,13,2,4,7,1,6.3,3,20.0,6.7,2020,9
WOL,1,1,1,0,1,0,0,20,15,2,8,6,1,4.7,9,45.0,5.0,2020,9
ARS,1,1,1,0,0,0,1,13,10,2,5,4,0,7.3,2,15.4,7.7,2020,10
AVL,1,1,0,1,0,0,0,16,10,3,6,3,1,6.1,6,37.5,6.3,2020,10
BHA,1,1,1,0,1,1,0,11,7,3,3,2,0,8.9,3,27.3,9.1,2020,10
BUR,1,0,0,0,0,0,0,9,4,0,2,2,0,10.4,1,11.1,0.0,2020,10
CHE,1,0,0,0,0,0,0,13,9,0,2,3,0,7.2,3,23.1,0.0,2020,10
CRY,1,0,0,0,0,0,0,12,8,1,3,1,0,7.8,3,25.0,0.0,2020,10
EVE,1,0,0,0,0,0,0,15,10,2,3,1,0,6.3,8,53.3,0.0,2020,10
FUL,1,2,2,0,2,1,0,10,7,4,2,2,0,9.6,5,50.0,20.0,2020,10
LEE,1,1,0,1,0,0,0,23,17,5,0,6,1,4.1,6,26.1,4.3,2020,10
LEI,1,1,1,0,0,0,0,16,8,2,10,7,2,6.0,3,18.8,6.3,2020,10
LIV,1,1,1,0,0,0,0,6,3,0,1,3,0,16.3,2,33.3,16.7,2020,10
MCI,1,5,5,0,2,0,1,19,13,2,5,3,1,4.9,6,31.6,26.3,2020,10
MUN,1,3,3,0,3,0,2,15,10,6,5,4,0,6.4,6,40.0,20.0,2020,10
NEW,1,2,2,0,1,0,0,14,7,2,4,2,0,6.7,7,50.0,14.3,2020,10
SHU,1,0,0,0,0,0,0,21,18,6,3,6,0,4.7,5,23.8,0.0,2020,10
SOU,1,2,1,1,0,0,2,10,5,0,4,2,0,9.6,5,50.0,20.0,2020,10
TOT,1,0,0,0,0,0,0,5,2,0,3,1,0,18.8,1,20.0,0.0,2020,10
WBA,1,1,0,1,0,0,1,17,9,2,10,4,0,5.8,6,35.3,5.9,2020,10
WHU,1,2,2,0,1,0,1,6,4,1,2,3,0,16.3,2,33.3,33.3,2020,10
WOL,1,2,2,0,2,0,0,11,9,3,1,4,1,8.6,5,45.5,18.2,2020,10
ARS,1,0,0,0,0,0,0,11,6,0,2,2,0,8.5,2,18.2,0.0,2020,11
BHA,1,1,1,0,1,1,0,12,11,3,2,0,0,7.9,4,33.3,8.3,2020,11
BUR,1,1,0,1,0,0,0,8,5,1,3,3,0,11.9,3,37.5,12.5,2020,11
CHE,1,3,3,0,2,0,1,23,19,7,8,6,0,4.1,10,43.5,13.0,2020,11
CRY,1,5,4,1,1,0,1,18,14,1,5,7,0,5.2,6,33.3,27.8,2020,11
EVE,1,1,1,0,1,0,0,13,8,4,1,4,0,7.3,6,46.2,7.7,2020,11
FUL,1,0,0,0,0,0,0,6,4,0,2,1,0,15.5,1,16.7,0.0,2020,11
LEE,1,1,1,0,1,0,0,8,5,1,2,1,0,11.9,3,37.5,12.5,2020,11
LEI,1,2,2,0,2,0,0,13,9,2,4,5,2,7.3,4,30.8,15.4,2020,11
LIV,1,4,2,2,2,0,1,11,7,2,2,1,0,8.5,6,54.5,36.4,2020,11
MCI,1,2,2,0,2,1,0,15,13,6,3,2,1,6.2,5,33.3,13.3,2020,11
MUN,1,3,2,1,1,0,0,15,10,3,0,3,1,6.4,6,40.0,20.0,2020,11
SHU,1,1,1,0,0,0,1,4,3,0,2,1,0,23.8,1,25.0,25.0,2020,11
SOU,1,2,2,0,1,1,1,10,7,2,3,3,0,9.5,3,30.0,20.0,2020,11
TOT,1,2,1,1,0,0,0,5,2,0,1,1,0,18.8,3,60.0,40.0,2020,11
WBA,1,1,1,0,0,0,0,9,7,0,2,1,1,10.4,4,44.4,11.1,2020,11
WHU,1,1,1,0,1,0,1,19,14,6,7,4,1,5.1,6,31.6,5.3,2020,11
WOL,1,0,0,0,0,0,0,9,6,0,2,1,0,10.4,3,33.3,0.0,2020,11
ARS,1,0,0,0,0,0,0,18,12,3,4,6,0,5.3,6,33.3,0.0,2020,12
AVL,1,1,1,0,1,1,0,13,8,1,4,5,0,7.5,2,15.4,7.7,2020,12
BHA,1,0,0,0,0,0,0,12,6,1,6,4,0,7.8,4,33.3,0.0,2020,12
BUR,1,1,0,1,0,0,1,10,7,1,5,3,0,9.6,2,20.0,10.0,2020,12
CHE,1,0,0,0,0,0,0,10,4,1,4,3,1,9.6,3,30.0,0.0,2020,12
CRY,1,1,1,0,1,0,1,16,11,2,9,6,1,5.9,5,31.3,6.3,2020,12
EVE,1,1,1,0,1,1,0,9,8,1,4,2,0,10.7,4,44.4,11.1,2020,12
FUL,1,1,1,0,1,0,1,10,6,5,3,1,0,9.5,5,50.0,10.0,2020,12
LEE,1,1,1,0,1,1,0,13,10,1,4,1,0,7.3,7,53.8,7.7,2020,12
LEI,1,3,3,0,1,0,0,15,13,2,4,4,1,6.2,6,40.0,20.0,2020,12
LIV,1,1,1,0,1,1,0,12,7,3,2,4,0,7.9,6,50.0,8.3,2020,12
MCI,1,0,0,0,0,0,0,9,6,3,1,4,0,10.3,2,22.2,0.0,2020,12
MUN,1,0,0,0,0,0,0,11,7,0,4,3,0,8.5,2,18.2,0.0,2020,12
NEW,1,2,2,0,1,0,0,12,9,1,5,5,0,8.1,6,50.0,16.7,2020,12
SHU,1,0,0,0,0,0,0,3,3,0,1,0,0,31.3,0,0.0,0.0,2020,12
SOU,1,3,2,1,2,0,1,16,11,4,5,3,0,5.9,6,37.5,18.8,2020,12
TOT,1,1,0,1,0,0,0,14,7,2,5,3,0,6.8,6,42.9,7.1,2020,12
WBA,1,1,1,0,0,0,0,13,4,0,3,6,0,7.5,3,23.1,7.7,2020,12
WHU,1,2,2,0,1,0,2,19,12,3,6,3,1,5.0,8,42.1,10.5,2020,12
WOL,1,0,0,0,0,0,0,16,10,1,4,5,1,6.1,7,43.8,0.0,2020,12
ARS,1,1,1,0,1,0,0,9,5,1,2,2,1,10.6,4,44.4,11.1,2020,13
AVL,1,0,0,0,0,0,0,27,18,1,8,10,1,3.4,6,22.2,0.0,2020,13
BHA,1,0,0,0,0,0,0,9,5,2,5,1,1,10.3,4,44.4,0.0,2020,13
BUR,1,0,0,0,0,0,0,6,3,0,2,0,0,15.5,4,66.7,0.0,2020,13
CHE,1,1,1,0,0,0,0,13,7,2,6,4,1,7.6,3,23.1,7.7,2020,13
CRY,1,1,1,0,1,0,0,8,7,2,2,2,0,11.9,2,25.0,12.5,2020,13
EVE,1,2,1,1,1,0,1,11,9,2,8,4,0,8.6,6,54.5,18.2,2020,13
FUL,1,0,0,0,0,0,0,9,7,2,3,2,0,10.3,4,44.4,0.0,2020,13
LEE,1,5,4,1,3,0,0,25,17,3,4,7,0,3.8,10,40.0,20.0,2020,13
LEI,1,0,0,0,0,0,0,14,5,1,4,8,0,6.8,2,14.3,0.0,2020,13
LIV,1,2,2,0,0,0,1,17,15,0,3,5,0,5.5,11,64.7,11.8,2020,13
MCI,1,1,1,0,1,0,0,26,17,4,8,8,0,3.7,7,26.9,3.8,2020,13
MUN,1,3,1,2,1,0,0,15,9,4,4,3,0,6.4,8,53.3,20.0,2020,13
NEW,1,2,2,0,1,0,1,10,8,2,4,1,0,9.5,4,40.0,20.0,2020,13
SHU,1,2,2,0,1,0,1,12,9,1,2,1,0,8.0,6,50.0,16.7,2020,13
SOU,1,1,1,0,1,0,0,13,5,2,3,2,1,7.3,3,23.1,7.7,2020,13
TOT,1,1,1,0,1,0,0,8,5,4,2,0,1,11.8,2,25.0,12.5,2020,13
WBA,1,1,0,1,0,0,1,5,3,1,2,0,0,19.0,1,20.0,20.0,2020,13
WHU,1,1,1,0,0,0,0,9,5,0,1,0,0,10.6,2,22.2,11.1,2020,13
WOL,1,2,2,0,0,0,1,12,6,1,4,2,0,8.3,4,33.3,16.7,2020,13
ARS,1,1,1,0,1,1,0,13,9,1,2,4,0,7.5,2,15.4,7.7,2020,14
AVL,1,3,2,1,2,1,0,19,11,3,2,3,0,4.9,10,52.6,15.8,2020,14
BHA,1,1,1,0,1,0,1,21,16,4,8,9,1,4.5,4,19.0,4.8,2020,14
BUR,1,2,2,0,1,0,1,10,6,2,3,1,1,9.6,4,40.0,20.0,2020,14
CHE,1,3,3,0,3,0,1,11,9,6,3,1,1,8.5,7,63.6,27.3,2020,14
CRY,1,0,0,0,0,0,0,5,4,1,2,0,0,18.4,3,60.0,0.0,2020,14
EVE,1,2,1,1,0,0,1,9,3,1,5,3,0,10.8,2,22.2,22.2,2020,14
FUL,1,1,0,1,0,0,1,11,6,2,6,3,0,8.7,4,36.4,9.1,2020,14
LEE,1,2,1,1,0,0,1,17,14,3,4,7,0,5.5,4,23.5,11.8,2020,14
LEI,1,2,1,1,1,1,0,17,12,1,3,7,0,5.6,4,23.5,11.8,2020,14
LIV,1,7,5,2,4,0,1,14,11,5,4,3,0,6.6,7,50.0,50.0,2020,14
MCI,1,1,1,0,0,0,0,11,5,1,2,2,0,8.7,5,45.5,9.1,2020,14
MUN,1,6,5,1,4,1,1,26,19,7,8,6,0,3.6,14,53.8,23.1,2020,14
NEW,1,1,1,0,1,1,0,12,6,1,5,2,0,8.0,5,41.7,8.3,2020,14
SHU,1,1,1,0,0,0,0,5,3,1,2,0,0,19.0,3,60.0,20.0,2020,14
SOU,1,0,0,0,0,0,0,9,7,1,2,3,0,10.7,3,33.3,0.0,2020,14
TOT,1,0,0,0,0,0,0,8,5,1,7,1,0,11.9,3,37.5,0.0,2020,14
WBA,1,0,0,0,0,0,0,1,0,0,1,0,0,94.0,1,100.0,0.0,2020,14
WHU,1,0,0,0,0,0,0,6,6,0,2,2,0,15.5,0,0.0,0.0,2020,14
WOL,1,1,1,0,1,1,0,15,9,1,5,7,0,6.4,3,20.0,6.7,2020,14
ARS,1,3,2,1,1,1,1,15,12,3,3,4,1,6.4,7,46.7,20.0,2020,15
AVL,1,3,3,0,2,0,1,20,17,8,5,5,3,4.7,9,45.0,15.0,2020,15
BHA,1,2,2,0,2,0,1,13,8,2,2,5,0,7.3,4,30.8,15.4,2020,15
BUR,1,0,0,0,0,0,0,14,10,2,5,4,0,6.7,6,42.9,0.0,2020,15
CHE,1,1,1,0,1,0,0,19,11,3,7,5,1,5.1,3,15.8,5.3,2020,15
CRY,1,0,0,0,0,0,0,13,6,1,4,1,0,7.2,6,46.2,0.0,2020,15
EVE,1,1,1,0,0,0,0,7,4,1,1,1,0,13.7,3,42.9,14.3,2020,15
FUL,1,0,0,0,0,0,0,10,7,1,2,5,0,9.5,1,10.0,0.0,2020,15
LEE,1,1,1,0,1,1,0,11,6,3,1,2,0,8.5,4,36.4,9.1,2020,15
LEI,1,2,1,2,1,0,0,10,5,2,5,4,0,9.5,2,20.0,20.0,2020,15
LIV,1,1,1,0,1,0,0,17,8,2,7,4,0,5.6,2,11.8,5.9,2020,15
MCI,1,2,2,0,2,0,0,11,8,7,1,3,1,8.5,6,54.5,18.2,2020,15
MUN,1,2,2,0,2,0,0,9,8,5,2,1,0,10.6,4,44.4,22.2,2020,15
NEW,1,0,0,0,0,0,0,7,4,0,4,2,0,13.4,2,28.6,0.0,2020,15
SHU,1,0,0,0,0,0,0,10,9,1,7,4,0,9.6,1,10.0,0.0,2020,15
SOU,1,0,0,0,0,0,0,3,1,1,2,0,0,31.7,2,66.7,0.0,2020,15
TOT,1,1,0,1,0,0,1,6,4,0,3,1,0,16.2,3,50.0,16.7,2020,15
WBA,1,1,1,0,1,0,1,5,3,2,1,1,0,19.2,3,60.0,20.0,2020,15
WHU,1,2,2,0,2,0,1,11,8,2,4,5,0,8.6,4,36.4,18.2,2020,15
WOL,1,1,1,0,0,0,1,11,7,1,3,3,0,8.8,6,54.5,9.1,2020,15
ARS,1,1,1,0,0,0,0,11,9,1,5,2,0,8.7,3,27.3,9.1,2020,16
AVL,1,1,1,0,1,0,0,10,7,1,3,3,1,9.5,2,20.0,10.0,2020,16
BHA,1,0,0,0,0,0,0,13,9,0,6,6,0,7.4,2,15.4,0.0,2020,16
BUR,1,1,1,0,0,0,1,5,4,2,3,0,0,19.0,3,60.0,20.0,2020,16
CHE,1,1,1,0,0,0,0,16,10,1,2,4,0,5.9,5,31.3,6.3,2020,16
CRY,1,1,1,0,0,0,0,4,4,0,1,0,0,23.8,1,25.0,25.0,2020,16
LEE,1,5,2,3,1,0,0,14,8,2,1,5,0,6.6,6,42.9,35.7,2020,16
LEI,1,1,0,1,0,0,0,17,9,2,6,4,0,5.6,3,17.6,5.9,2020,16
LIV,1,0,0,0,0,0,0,11,6,3,5,3,0,8.6,4,36.4,0.0,2020,16
MUN,1,1,1,0,0,0,0,11,6,3,1,3,0,8.8,3,27.3,9.1,2020,16
NEW,1,0,0,0,0,0,0,8,5,1,3,2,0,11.9,2,25.0,0.0,2020,16
SHU,1,0,0,0,0,0,0,7,4,1,2,3,0,13.6,2,28.6,0.0,2020,16
SOU,1,0,0,0,0,0,0,8,4,1,2,1,0,11.8,3,37.5,0.0,2020,16
WBA,1,0,0,0,0,0,0,4,2,1,0,1,0,23.3,1,25.0,0.0,2020,16
WHU,1,0,0,0,0,0,0,8,6,1,2,2,0,11.8,3,37.5,0.0,2020,16
WOL,1,0,0,0,0,0,0,9,7,0,2,2,1,10.8,5,55.6,0.0,2020,16
ARS,1,4,4,0,3,0,0,21,17,5,2,3,0,4.5,11,52.4,19.0,2020,17
AVL,1,1,1,0,1,0,1,15,12,2,5,4,0,6.4,5,33.3,6.7,2020,17
BHA,1,3,3,0,2,1,1,13,10,3,4,6,1,7.2,4,30.8,23.1,2020,17
CHE,1,1,1,0,1,0,0,9,5,1,3,5,0,10.3,2,22.2,11.1,2020,17
CRY,1,2,1,1,0,0,0,9,6,0,1,3,1,10.7,4,44.4,22.2,2020,17
EVE,1,0,0,0,0,0,0,10,5,0,5,3,0,9.4,2,20.0,0.0,2020,17
LEE,1,0,0,0,0,0,0,18,10,1,1,4,0,5.2,5,27.8,0.0,2020,17
LEI,1,2,1,1,0,0,0,9,4,1,2,1,0,10.6,3,33.3,22.2,2020,17
LIV,1,0,0,0,0,0,0,17,12,2,6,5,0,5.5,1,5.9,0.0,2020,17
MCI,1,3,3,0,2,0,0,18,14,6,3,4,1,5.2,6,33.3,16.7,2020,17
MUN,1,2,2,0,2,1,0,19,12,3,5,5,0,5.1,9,47.4,10.5,2020,17
NEW,1,1,1,0,0,0,1,8,5,0,6,3,0,11.9,2,25.0,12.5,2020,17
SHU,1,0,0,0,0,0,0,7,4,0,2,4,0,13.7,2,28.6,0.0,2020,17
SOU,1,1,1,0,0,0,1,7,1,1,1,2,0,13.4,2,28.6,14.3,2020,17
TOT,1,3,3,0,2,1,1,20,14,4,7,4,0,4.7,7,35.0,15.0,2020,17
WBA,1,0,0,0,0,0,0,7,4,2,1,1,0,13.4,3,42.9,0.0,2020,17
WHU,1,1,1,0,1,0,0,11,7,3,3,1,0,8.5,5,45.5,9.1,2020,17
WOL,1,3,2,1,1,1,1,11,7,2,3,3,0,8.5,4,36.4,27.3,2020,17
ARS,1,0,0,0,0,0,0,11,5,0,6,2,0,8.5,4,36.4,0.0,2020,18
BHA,1,0,0,0,0,0,0,5,2,0,1,1,0,18.8,1,20.0,0.0,2020,18
BUR,1,0,0,0,0,0,0,11,6,2,1,5,0,8.9,0,0.0,0.0,2020,18
CRY,1,0,0,0,0,0,0,12,8,0,4,4,1,7.8,2,16.7,0.0,2020,18
EVE,1,2,2,0,0,0,1,5,5,1,2,1,0,19.2,3,60.0,40.0,2020,18
FUL,1,1,1,0,0,0,0,15,10,1,5,6,0,6.3,4,26.7,6.7,2020,18
MCI,1,1,1,0,0,0,0,16,13,4,4,6,1,5.9,6,37.5,6.3,2020,18
MUN,1,1,1,0,0,0,0,13,9,1,1,4,0,7.5,7,53.8,7.7,2020,18
NEW,1,0,0,0,0,0,0,7,4,1,4,1,0,13.9,3,42.9,0.0,2020,18
SHU,1,1,1,0,1,1,0,17,13,2,1,7,0,5.7,4,23.5,5.9,2020,18
TOT,1,1,1,0,1,0,0,15,10,7,5,3,1,6.3,6,40.0,6.7,2020,18
WOL,1,1,1,0,1,0,1,12,7,1,5,3,1,8.0,3,25.0,8.3,2020,18
ARS,1,3,3,0,1,0,0,20,14,3,4,3,1,4.7,6,30.0,15.0,2020,19
AVL,2,2,2,0,1,0,1,25,15,5,8,6,0,7.5,9,36.0,8.0,2020,19
BHA,1,1,1,0,1,0,0,7,5,1,1,2,0,13.3,2,28.6,14.3,2020,19
BUR,2,1,1,0,1,1,0,16,8,1,4,5,0,11.9,6,37.5,6.3,2020,19
CHE,2,1,1,0,0,0,0,30,21,2,9,9,1,6.3,11,36.7,3.3,2020,19
CRY,1,0,0,0,0,0,0,2,1,0,0,1,0,46.0,0,0.0,0.0,2020,19
FUL,2,1,1,0,1,0,0,22,15,3,3,6,0,8.7,7,31.8,4.5,2020,19
LEE,1,0,0,0,0,0,0,7,4,0,1,2,0,13.3,2,28.6,0.0,2020,19
LEI,2,4,3,1,2,0,1,24,18,7,3,3,1,8.0,10,41.7,16.7,2020,19
LIV,2,0,0,0,0,0,0,44,25,2,5,19,1,4.3,9,20.5,0.0,2020,19
MCI,2,6,3,3,2,1,4,41,27,5,14,16,1,4.5,15,36.6,14.6,2020,19
MUN,2,2,1,1,1,0,0,23,15,5,8,7,1,8.2,9,39.1,8.7,2020,19
NEW,2,0,0,0,0,0,0,11,9,0,4,3,0,17.0,2,18.2,0.0,2020,19
SHU,1,1,1,0,1,0,0,15,7,1,1,7,0,6.3,5,33.3,6.7,2020,19
SOU,1,0,0,0,0,0,0,8,5,1,1,0,1,12.1,3,37.5,0.0,2020,19
TOT,1,3,2,1,1,0,1,14,5,2,3,5,1,6.7,5,35.7,21.4,2020,19
WBA,2,4,3,1,2,2,1,18,10,4,4,2,0,10.6,7,38.9,22.2,2020,19
WHU,2,3,3,0,3,0,0,29,20,4,10,9,1,6.6,9,31.0,10.3,2020,19
WOL,1,2,2,0,2,0,2,23,15,2,11,7,0,4.1,6,26.1,8.7,2020,19
ARS,1,3,2,1,3,0,0,9,7,4,1,1,0,10.7,4,44.4,33.3,2020,20
AVL,1,2,2,0,2,0,0,18,14,5,5,3,1,5.3,10,55.6,11.1,2020,20
BHA,1,0,0,0,0,0,0,16,12,3,6,6,0,5.8,5,31.3,0.0,2020,20
BUR,1,3,2,1,1,0,1,10,5,1,1,2,0,9.5,5,50.0,30.0,2020,20
CHE,1,0,0,0,0,0,0,14,9,0,4,4,0,6.7,5,35.7,0.0,2020,20
CRY,1,2,1,1,0,0,0,6,2,1,0,0,0,16.2,3,50.0,33.3,2020,20
EVE,1,1,0,1,0,0,0,8,5,0,4,2,0,11.8,2,25.0,12.5,2020,20
FUL,1,0,0,0,0,0,0,10,8,0,0,3,0,9.3,2,20.0,0.0,2020,20
LEE,1,2,2,0,0,0,0,9,8,0,1,3,1,10.4,2,22.2,22.2,2020,20
LEI,1,1,0,1,0,0,1,19,7,0,6,10,0,4.9,6,31.6,5.3,2020,20
LIV,1,3,3,0,2,0,0,14,11,4,0,1,0,6.9,7,50.0,21.4,2020,20
MCI,1,5,4,1,2,0,0,18,12,2,3,7,1,5.2,7,38.9,27.8,2020,20
MUN,1,1,1,0,0,0,1,16,10,1,6,7,0,5.9,4,25.0,6.3,2020,20
NEW,1,1,1,0,1,0,0,22,9,1,11,7,1,4.3,5,22.7,4.5,2020,20
SHU,1,2,2,0,1,0,1,5,5,1,1,1,0,19.0,3,60.0,40.0,2020,20
SOU,1,1,1,0,0,0,1,13,8,1,4,3,0,7.4,5,38.5,7.7,2020,20
TOT,1,1,0,1,0,0,0,3,1,0,0,0,0,32.0,2,66.7,33.3,2020,20
WBA,1,0,0,0,0,0,0,4,4,1,3,1,0,23.3,1,25.0,0.0,2020,20
WHU,1,3,3,0,3,0,2,17,10,5,2,4,2,5.7,7,41.2,17.6,2020,20
WOL,1,0,0,0,0,0,0,4,2,1,2,0,1,23.5,0,0.0,0.0,2020,20
ARS,1,0,0,0,0,0,0,17,8,0,6,6,1,5.7,3,17.6,0.0,2020,21
AVL,1,1,1,0,1,0,0,8,7,1,1,1,0,12.3,4,50.0,12.5,2020,21
BHA,1,1,1,0,0,0,0,16,11,1,4,6,1,5.9,3,18.8,6.3,2020,21
BUR,1,0,0,0,0,0,0,1,1,1,1,0,0,95.0,0,0.0,0.0,2020,21
CHE,1,2,2,0,0,0,0,19,11,2,0,2,0,5.0,8,42.1,10.5,2020,21
CRY,1,1,1,0,0,0,0,11,5,2,2,3,1,8.5,2,18.2,9.1,2020,21
EVE,1,0,0,0,0,0,0,11,8,1,5,2,0,8.7,3,27.3,0.0,2020,21
FUL,1,2,2,0,2,0,0,12,8,3,2,2,1,7.8,7,58.3,16.7,2020,21
LEE,1,3,3,0,2,0,0,8,7,4,2,2,0,11.8,6,75.0,37.5,2020,21
LEI,1,1,1,0,0,0,0,18,7,3,5,6,0,5.2,8,44.4,5.6,2020,21
LIV,1,3,3,0,2,0,0,14,10,3,1,3,0,6.6,5,35.7,21.4,2020,21
MCI,1,1,1,0,1,0,0,10,6,2,2,4,0,9.6,5,50.0,10.0,2020,21
MUN,1,0,0,0,0,0,0,14,8,2,4,3,0,6.9,3,21.4,0.0,2020,21
NEW,1,2,2,0,1,0,1,13,9,4,5,5,1,7.4,3,23.1,15.4,2020,21
SHU,1,0,0,0,0,0,0,4,0,0,0,1,0,24.0,1,25.0,0.0,2020,21
SOU,1,0,0,0,0,0,0,20,11,4,8,10,0,4.9,4,20.0,0.0,2020,21
TOT,1,0,0,0,0,0,0,8,3,0,2,3,0,11.9,4,50.0,0.0,2020,21
WBA,1,2,2,0,2,0,0,5,4,2,1,0,0,18.6,3,60.0,40.0,2020,21
WHU,1,1,1,0,1,0,1,8,6,1,4,3,0,11.6,2,25.0,12.5,2020,21
WOL,1,0,0,0,0,0,0,6,4,1,3,1,0,15.5,4,66.7,0.0,2020,21
ARS,1,1,1,0,0,0,0,9,6,1,1,5,1,10.7,3,33.3,11.1,2020,22
AVL,1,1,1,0,1,0,0,9,6,1,4,2,1,10.6,2,22.2,11.1,2020,22
BHA,1,1,1,0,1,0,0,13,12,1,6,2,0,7.3,4,30.8,7.7,2020,22
BUR,1,0,0,0,0,0,0,2,1,0,0,0,0,46.5,0,0.0,0.0,2020,22
CHE,1,1,1,0,1,1,0,16,12,3,2,7,0,5.9,2,12.5,6.3,2020,22
CRY,1,2,1,1,0,0,1,6,3,1,2,1,0,15.8,3,50.0,33.3,2020,22
EVE,1,2,2,0,2,0,1,10,6,3,3,0,0,9.6,6,60.0,20.0,2020,22
FUL,1,0,0,0,0,0,0,8,4,1,1,3,0,11.8,1,12.5,0.0,2020,22
LEE,1,1,1,0,0,0,0,16,12,1,4,3,2,6.0,7,43.8,6.3,2020,22
LEI,1,2,2,0,2,0,0,9,7,2,2,2,0,10.4,5,55.6,22.2,2020,22
LIV,1,0,0,0,0,0,0,11,5,2,0,6,0,8.6,1,9.1,0.0,2020,22
MCI,1,2,2,0,2,0,0,13,8,3,0,6,0,7.2,6,46.2,15.4,2020,22
MUN,1,9,7,2,7,1,0,24,14,8,3,5,0,3.9,14,58.3,37.5,2020,22
NEW,1,1,0,1,0,0,0,21,15,2,6,6,0,4.5,5,23.8,4.8,2020,22
SHU,1,2,2,0,1,0,0,14,9,1,3,4,0,6.7,6,42.9,14.3,2020,22
SOU,1,0,0,0,0,0,0,3,1,1,1,0,0,31.3,1,33.3,0.0,2020,22
TOT,1,0,0,0,0,0,0,7,3,1,2,0,0,13.4,2,28.6,0.0,2020,22
WBA,1,1,1,0,1,0,0,8,7,3,3,2,0,11.8,4,50.0,12.5,2020,22
WHU,1,3,3,0,0,0,0,20,11,2,3,7,0,4.8,9,45.0,15.0,2020,22
WOL,1,2,1,1,1,1,0,11,7,2,3,0,0,8.7,7,63.6,18.2,2020,22
