Team,Games Played,Goals Conceded,Clean Sheets,Shots ConcededIn,Shots ConcededOut,Shots ConcededTotal,Shots ConcededOn Target,Shots ConcededHead,Shots ConcededSP,Shots ConcededBC,Crosses ConcededLeft Flank,Crosses ConcededRight Flank,Chances ConcededLeft Flank,Chances ConcededCentre,Chances ConcededRight Flank,Defensive SlipsLost,Defensive SlipsErr,Defensive SlipsErr Goal,Season,GW ID
ARS,1,2,0,4,4,8,4,1,2,1,3,3,5,1,1,12,2,2,2015,1
AVL,1,0,1,8,3,11,2,1,2,1,21,6,4,3,2,3,1,0,2015,1
BOU,1,1,0,4,3,7,3,1,2,1,9,6,1,2,1,10,0,0,2015,1
CHE,1,2,0,12,6,17,9,3,5,5,6,13,2,4,6,13,1,0,2015,1
CRY,1,1,0,6,11,17,5,3,3,1,9,9,4,4,4,3,0,0,2015,1
EVE,1,2,0,5,6,11,5,1,0,0,3,10,2,5,1,11,0,0,2015,1
LEI,1,2,0,7,4,11,5,4,3,2,12,7,3,4,2,5,0,0,2015,1
LIV,1,0,1,4,3,7,1,0,0,0,11,8,2,0,2,5,0,0,2015,1
MCI,1,0,1,4,5,9,2,2,3,0,11,11,1,2,3,7,0,0,2015,1
MUN,1,0,1,8,2,9,4,2,4,1,6,6,2,3,2,6,0,0,2015,1
NEW,1,2,0,10,4,14,4,5,2,1,10,8,8,1,3,7,0,0,2015,1
NOR,1,3,0,8,3,11,7,1,1,4,7,11,4,4,2,10,1,0,2015,1
SOU,1,2,0,6,3,9,3,1,5,1,13,22,2,2,4,10,1,0,2015,1
STK,1,1,0,4,4,8,3,1,2,0,11,1,2,1,2,10,0,0,2015,1
SUN,1,4,0,15,4,19,8,4,4,3,9,14,6,3,8,6,1,1,2015,1
SWA,1,2,0,6,5,11,3,1,2,0,15,8,4,1,3,14,0,0,2015,1
TOT,1,1,0,5,4,9,1,0,3,0,4,6,1,1,3,2,0,0,2015,1
WAT,1,2,0,6,4,10,5,3,2,1,22,9,4,2,2,6,1,1,2015,1
WBA,1,3,0,11,9,20,7,1,3,2,7,11,5,6,4,7,1,1,2015,1
WHU,1,0,1,15,7,22,6,3,4,1,13,20,6,2,9,22,0,0,2015,1
ARS,1,1,0,6,6,11,4,2,4,1,14,15,2,1,4,9,0,0,2015,2
AVL,1,1,0,5,4,9,2,2,3,1,4,4,1,3,4,5,0,0,2015,2
BOU,1,1,0,8,10,18,2,0,5,3,7,4,3,3,5,12,1,0,2015,2
CHE,1,3,0,11,7,18,8,2,2,3,7,17,6,4,7,14,2,1,2015,2
CRY,1,2,0,16,4,20,6,3,1,2,10,13,2,7,8,7,2,0,2015,2
EVE,1,0,1,14,3,17,4,4,4,0,28,11,8,3,2,5,1,0,2015,2
LEI,1,1,0,7,3,10,3,2,2,0,18,23,2,1,5,9,0,0,2015,2
LIV,1,0,1,8,5,13,2,3,4,0,8,17,4,6,3,12,0,0,2015,2
MCI,1,0,1,5,5,10,3,1,2,0,8,8,1,1,5,12,0,0,2015,2
MUN,1,0,1,4,1,5,1,3,2,0,4,11,0,1,3,12,1,0,2015,2
NEW,1,2,0,7,12,19,6,3,4,2,9,10,8,6,4,7,0,0,2015,2
NOR,1,1,0,3,3,6,2,2,2,0,5,8,2,1,1,6,0,0,2015,2
SOU,1,3,0,7,3,10,4,2,3,3,13,6,4,3,0,6,0,0,2015,2
STK,1,2,0,7,6,13,7,1,2,3,6,8,0,4,4,9,0,0,2015,2
SUN,1,3,0,9,9,18,6,1,4,1,12,7,3,5,4,15,1,0,2015,2
SWA,1,0,1,1,3,4,2,0,1,0,5,5,1,1,0,7,0,0,2015,2
TOT,1,2,0,11,4,15,7,7,3,5,7,14,3,3,5,9,1,0,2015,2
WAT,1,0,1,4,2,6,0,3,4,1,11,5,2,2,1,4,0,0,2015,2
WBA,1,0,1,7,9,16,5,3,1,1,25,8,5,5,5,9,0,0,2015,2
WHU,1,2,0,7,3,10,5,1,3,3,8,8,1,1,5,6,0,0,2015,2
ARS,1,0,1,11,4,15,8,1,3,1,7,7,3,6,3,9,1,0,2015,3
AVL,1,2,0,10,7,16,6,2,4,1,8,20,5,1,7,6,1,1,2015,3
BOU,1,3,0,6,4,10,4,1,5,2,14,5,2,2,3,7,0,0,2015,3
CHE,1,2,0,8,7,15,6,3,6,1,13,10,2,6,4,6,1,0,2015,3
CRY,1,1,0,6,5,11,2,2,3,1,12,9,1,4,4,9,1,0,2015,3
EVE,1,2,0,9,7,16,9,1,2,2,13,10,5,3,4,10,1,0,2015,3
LEI,1,1,0,12,7,19,6,4,4,2,7,11,4,5,7,11,1,0,2015,3
LIV,1,0,1,10,9,19,5,3,4,2,9,14,4,4,7,14,0,0,2015,3
MCI,1,0,1,5,5,10,1,2,3,0,14,5,4,1,3,16,0,0,2015,3
MUN,1,0,1,5,2,7,0,4,3,0,12,6,4,1,1,10,0,0,2015,3
NEW,1,0,1,9,11,20,8,1,3,1,21,17,2,6,7,14,2,0,2015,3
NOR,1,1,0,4,2,6,1,1,2,2,6,2,2,1,2,5,0,0,2015,3
SOU,1,0,1,6,7,13,0,4,4,1,17,13,5,2,2,11,1,0,2015,3
STK,1,1,0,10,10,20,7,2,7,6,8,16,3,7,4,6,0,0,2015,3
SUN,1,1,0,10,10,20,9,5,3,2,9,11,5,9,5,10,0,0,2015,3
SWA,1,1,0,4,6,10,2,1,6,0,8,8,2,4,1,12,1,1,2015,3
TOT,1,1,0,7,6,13,2,1,6,1,11,11,3,4,2,11,0,0,2015,3
WAT,1,0,1,8,6,14,5,4,4,0,12,9,10,0,2,5,0,0,2015,3
WBA,1,3,0,10,5,15,5,0,2,2,8,3,2,8,3,7,0,0,2015,3
WHU,1,4,0,9,6,15,7,1,1,4,6,5,5,4,2,12,4,3,2015,3
ARS,1,0,1,1,1,1,0,0,0,0,10,2,0,1,0,4,0,0,2015,4
AVL,1,2,0,4,3,7,3,2,3,0,11,2,2,2,1,5,0,0,2015,4
BOU,1,1,0,4,0,4,2,0,0,1,9,12,0,1,2,12,0,0,2015,4
CHE,1,2,0,9,4,13,5,1,1,4,6,17,1,4,5,4,0,0,2015,4
CRY,1,1,0,17,9,26,8,4,7,0,14,9,10,3,6,13,0,0,2015,4
EVE,1,0,1,10,10,20,6,1,1,3,12,10,5,6,7,5,2,0,2015,4
LEI,1,1,0,2,3,5,2,1,2,0,7,12,0,1,1,6,0,0,2015,4
LIV,1,3,0,8,4,12,5,1,3,1,9,6,1,2,3,9,2,1,2015,4
MCI,1,0,1,3,4,7,0,0,3,0,5,8,1,2,1,8,0,0,2015,4
MUN,1,2,0,4,5,9,4,1,2,1,4,3,2,5,1,7,2,1,2015,4
NEW,1,1,0,14,8,22,9,0,5,3,11,4,7,5,4,5,0,0,2015,4
NOR,1,3,0,17,6,23,8,4,6,4,20,17,9,4,5,10,1,0,2015,4
SOU,1,0,1,3,3,6,1,2,1,1,6,8,2,2,1,4,0,0,2015,4
STK,1,1,0,8,7,15,5,4,2,1,16,12,3,2,5,9,1,0,2015,4
SUN,1,2,0,14,7,21,6,3,2,2,17,17,4,8,5,15,0,0,2015,4
SWA,1,1,0,7,4,11,4,2,1,1,12,10,4,2,4,9,0,0,2015,4
TOT,1,0,1,4,4,8,3,3,2,1,10,6,2,0,4,8,1,0,2015,4
WAT,1,2,0,8,10,18,5,0,5,1,10,16,3,7,5,13,2,0,2015,4
WBA,1,0,1,3,10,13,4,2,5,1,6,12,3,3,2,14,1,0,2015,4
WHU,1,0,1,4,9,13,1,1,2,0,15,11,2,4,6,2,0,0,2015,4
ARS,1,0,1,2,6,8,3,0,0,0,4,3,1,1,4,8,0,0,2015,5
AVL,1,3,0,9,12,21,6,3,3,1,6,11,7,5,5,25,0,0,2015,5
BOU,1,3,0,7,5,12,4,1,3,2,12,7,4,4,1,7,2,2,2015,5
CHE,1,3,0,9,5,14,9,4,3,1,12,7,2,4,5,9,0,0,2015,5
CRY,1,1,0,12,9,21,7,4,4,4,13,8,6,7,4,4,1,1,2015,5
EVE,1,1,0,9,6,15,2,2,5,1,22,10,3,4,6,7,1,0,2015,5
LEI,1,2,0,5,6,11,4,2,5,1,6,6,2,4,4,9,0,0,2015,5
LIV,1,3,0,3,6,9,3,0,3,2,5,12,1,1,4,6,1,0,2015,5
MCI,1,0,1,5,5,10,2,1,1,1,14,7,3,1,3,11,1,0,2015,5
MUN,1,1,0,6,2,8,3,3,4,1,6,6,2,1,2,10,0,0,2015,5
NEW,1,2,0,9,8,17,3,1,4,2,8,8,5,4,4,10,0,0,2015,5
NOR,1,1,0,5,2,7,2,2,3,0,8,8,4,1,2,5,0,0,2015,5
SOU,1,0,1,5,3,8,1,2,2,0,8,9,2,5,0,6,0,0,2015,5
STK,1,2,0,23,6,29,12,5,8,9,12,13,11,5,7,12,1,0,2015,5
SUN,1,1,0,8,7,15,4,2,2,3,13,9,5,5,3,9,1,0,2015,5
SWA,1,1,0,9,8,17,6,0,3,2,6,9,2,5,4,5,2,0,2015,5
TOT,1,0,1,6,6,12,2,0,0,1,8,15,4,4,2,8,0,0,2015,5
WAT,1,0,1,3,5,8,3,1,0,1,7,14,2,3,2,6,1,0,2015,5
WBA,1,0,1,10,5,15,4,3,2,1,17,16,3,4,7,6,0,0,2015,5
WHU,1,0,1,6,8,14,4,0,3,1,16,16,2,5,1,8,0,0,2015,5
ARS,1,2,0,8,14,22,6,1,2,2,9,5,0,11,9,15,1,0,2015,6
AVL,1,1,0,7,4,11,6,2,2,0,14,7,4,4,3,8,0,0,2015,6
BOU,1,0,1,3,6,9,2,0,3,2,8,4,1,4,1,14,0,0,2015,6
CHE,1,0,1,4,6,9,2,0,3,1,7,8,0,2,3,17,2,0,2015,6
CRY,1,1,0,8,13,21,6,2,5,0,6,11,5,5,7,11,0,0,2015,6
EVE,1,0,1,7,5,12,3,2,3,1,11,10,4,2,4,8,1,0,2015,6
LEI,1,2,0,5,6,11,4,3,3,2,17,8,4,1,3,15,2,1,2015,6
LIV,1,1,0,2,5,7,2,0,1,1,8,6,2,3,1,12,1,1,2015,6
MCI,1,2,0,4,2,6,3,1,2,2,5,2,1,2,2,13,0,0,2015,6
MUN,1,2,0,11,4,15,8,6,5,3,11,10,6,1,5,11,0,0,2015,6
NEW,1,2,0,7,6,13,4,2,2,2,2,7,5,5,2,9,0,0,2015,6
NOR,1,1,0,14,9,23,7,1,2,3,10,14,4,6,10,12,2,0,2015,6
SOU,1,3,0,6,4,10,3,1,3,4,1,7,1,0,3,6,1,1,2015,6
STK,1,2,0,7,5,12,5,2,2,1,7,9,3,6,1,11,0,0,2015,6
SUN,1,2,0,7,8,15,5,2,8,0,6,11,4,4,5,17,0,0,2015,6
SWA,1,0,1,11,6,17,1,1,5,3,9,9,2,4,7,10,0,0,2015,6
TOT,1,0,1,6,6,12,4,1,5,0,9,13,2,5,2,10,0,0,2015,6
WAT,1,1,0,9,6,15,5,1,2,1,26,14,6,4,2,15,1,0,2015,6
WBA,1,0,1,3,10,13,3,1,4,1,18,8,2,1,4,12,0,0,2015,6
WHU,1,1,0,18,9,27,8,6,6,5,37,13,14,4,4,17,1,0,2015,6
ARS,1,2,0,11,5,16,7,2,3,2,13,20,6,4,4,15,1,0,2015,7
AVL,1,3,0,14,7,21,12,2,4,1,12,20,5,6,4,7,4,1,2015,7
BOU,1,2,0,7,1,8,5,2,3,4,6,9,2,2,2,8,0,0,2015,7
CHE,1,2,0,6,5,11,5,2,1,1,8,3,4,3,3,11,0,0,2015,7
CRY,1,0,1,6,9,15,2,5,7,0,15,15,5,4,1,3,0,0,2015,7
EVE,1,2,0,4,5,9,4,2,2,2,17,7,5,0,2,11,1,1,2015,7
LEI,1,5,0,23,4,27,11,2,2,4,6,5,9,2,11,16,0,0,2015,7
LIV,1,2,0,8,2,10,4,5,2,1,8,3,4,1,2,11,2,0,2015,7
MCI,1,4,0,12,3,15,8,2,4,3,10,7,5,1,4,13,3,2,2015,7
MUN,1,0,1,5,4,9,4,2,3,1,4,2,3,5,1,9,0,0,2015,7
NEW,1,2,0,7,9,16,4,3,5,2,11,10,2,2,7,10,0,0,2015,7
NOR,1,2,0,13,6,19,7,4,6,4,12,11,8,5,2,6,1,1,2015,7
SOU,1,1,0,4,8,11,4,1,1,2,13,10,1,3,3,5,0,0,2015,7
STK,1,1,0,5,7,12,6,1,4,1,8,9,3,6,1,9,0,0,2015,7
SUN,1,3,0,6,6,12,7,1,3,4,11,10,2,3,3,11,0,0,2015,7
SWA,1,3,0,12,5,17,6,4,5,1,10,13,2,1,8,4,1,0,2015,7
TOT,1,1,0,13,9,22,8,1,7,1,16,9,3,5,6,7,0,0,2015,7
WAT,1,1,0,8,8,16,3,1,7,4,6,20,2,2,4,10,0,0,2015,7
WBA,1,3,0,7,5,12,4,2,3,4,13,4,6,2,1,5,0,0,2015,7
WHU,1,2,0,9,7,16,7,2,4,2,8,9,2,4,6,8,1,1,2015,7
ARS,1,0,1,2,7,9,5,0,1,2,8,16,4,4,0,12,0,0,2015,8
AVL,1,1,0,8,4,12,5,2,3,1,11,5,5,4,3,12,0,0,2015,8
BOU,1,1,0,6,5,11,2,1,4,2,11,5,2,3,1,11,1,1,2015,8
CHE,1,3,0,8,5,13,5,0,4,3,6,9,1,4,4,8,2,0,2015,8
CRY,1,0,1,3,4,7,2,0,2,0,7,4,2,2,0,15,2,0,2015,8
EVE,1,1,0,11,2,13,4,5,6,1,14,7,4,3,6,10,0,0,2015,8
LEI,1,1,0,11,6,17,2,5,7,1,29,19,8,5,2,14,1,0,2015,8
LIV,1,1,0,6,8,14,4,2,4,2,7,10,3,4,2,12,2,1,2015,8
MCI,1,1,0,4,2,6,4,2,0,2,7,2,3,1,2,10,1,1,2015,8
MUN,1,3,0,9,3,12,5,1,2,3,5,2,3,4,3,16,0,0,2015,8
NEW,1,6,0,14,9,23,11,3,6,4,11,15,3,6,6,9,2,1,2015,8
NOR,1,2,0,15,1,16,5,4,3,4,7,14,6,3,4,10,1,0,2015,8
SOU,1,1,0,4,6,10,3,0,3,0,0,14,1,2,4,5,0,0,2015,8
STK,1,0,1,6,7,13,2,2,5,1,11,18,3,3,2,22,0,0,2015,8
SUN,1,2,0,12,8,20,6,3,5,2,18,14,5,5,6,9,1,1,2015,8
SWA,1,2,0,9,11,19,11,1,5,1,14,12,2,5,8,13,2,1,2015,8
TOT,1,2,0,7,4,11,2,4,3,1,8,12,5,1,3,8,0,0,2015,8
WAT,1,1,0,6,6,12,6,4,2,2,16,8,4,2,4,15,0,0,2015,8
WBA,1,2,0,8,13,21,8,1,8,2,16,18,4,5,3,17,1,0,2015,8
WHU,1,2,0,6,6,12,3,1,2,1,5,3,2,5,2,4,1,1,2015,8
ARS,1,0,1,2,6,8,1,0,1,1,9,7,2,4,1,8,2,0,2015,9
AVL,1,2,0,6,3,9,3,2,4,2,9,3,2,2,4,8,1,1,2015,9
BOU,1,5,0,12,4,16,11,1,0,7,2,5,4,5,3,17,2,1,2015,9
CHE,1,0,1,7,4,10,1,2,5,1,8,10,2,2,2,10,0,0,2015,9
CRY,1,3,0,12,12,24,4,3,6,4,14,11,5,6,8,17,0,0,2015,9
EVE,1,3,0,7,3,10,6,1,2,4,7,6,4,3,2,12,1,1,2015,9
LEI,1,2,0,9,4,13,5,4,4,1,10,11,5,2,3,11,0,0,2015,9
LIV,1,0,1,5,8,13,4,1,3,0,9,12,3,3,3,12,1,0,2015,9
MCI,1,1,0,1,4,5,1,1,0,0,5,21,0,1,4,10,0,0,2015,9
MUN,1,0,1,7,5,12,3,1,5,1,10,9,4,3,0,13,0,0,2015,9
NEW,1,2,0,8,10,18,5,3,6,1,10,19,5,4,5,16,1,0,2015,9
NOR,1,6,0,10,1,11,6,2,1,4,8,7,3,6,0,11,1,0,2015,9
SOU,1,2,0,16,11,27,7,6,9,5,13,20,5,4,6,10,0,0,2015,9
STK,1,0,1,5,9,14,2,2,2,0,5,18,1,6,4,16,0,0,2015,9
SUN,1,1,0,7,2,9,2,2,0,2,11,13,1,2,3,8,1,1,2015,9
SWA,1,1,0,6,3,9,2,0,1,2,6,3,3,3,1,6,0,0,2015,9
TOT,1,0,1,4,8,12,3,2,3,1,12,6,2,6,2,12,0,0,2015,9
WAT,1,3,0,13,4,17,6,2,2,4,12,10,5,5,6,18,0,0,2015,9
WBA,1,0,1,4,5,9,2,2,4,1,7,12,2,4,2,7,0,0,2015,9
WHU,1,1,0,5,1,6,1,1,2,1,6,9,1,3,1,6,0,0,2015,9
ARS,1,1,0,5,5,10,5,2,3,0,13,6,4,0,2,18,2,0,2015,10
AVL,1,2,0,5,5,10,4,1,3,3,8,9,6,2,1,6,0,0,2015,10
BOU,1,5,0,9,5,14,9,2,5,5,4,11,2,3,3,6,2,2,2015,10
CHE,1,2,0,6,6,12,5,2,3,1,5,14,1,4,4,11,0,0,2015,10
CRY,1,1,0,3,9,12,3,0,3,1,3,10,1,3,2,12,1,1,2015,10
EVE,1,2,0,15,5,20,5,7,6,3,14,5,9,2,5,17,1,1,2015,10
LEI,1,0,1,3,6,9,4,2,2,0,9,13,3,1,3,9,0,0,2015,10
LIV,1,1,0,7,1,8,3,3,3,2,9,11,5,2,0,6,1,0,2015,10
MCI,1,0,1,4,2,6,1,1,3,0,10,12,2,0,3,13,0,0,2015,10
MUN,1,0,1,3,3,6,1,1,3,0,7,5,2,0,2,8,0,0,2015,10
NEW,1,3,0,6,3,9,3,1,2,3,5,6,2,3,3,5,0,0,2015,10
NOR,1,1,0,4,3,7,4,3,1,3,6,14,0,2,3,5,0,0,2015,10
SOU,1,1,0,8,7,15,2,1,3,0,13,9,5,4,4,14,0,0,2015,10
STK,1,2,0,6,7,13,3,1,2,1,9,3,2,3,4,3,1,1,2015,10
SUN,1,0,1,13,8,21,8,2,5,1,22,8,9,7,0,15,0,0,2015,10
SWA,1,1,0,6,3,9,3,2,3,2,18,7,4,0,4,15,0,0,2015,10
TOT,1,1,0,6,5,11,2,2,3,0,9,10,4,0,5,9,1,1,2015,10
WAT,1,0,1,4,7,11,1,2,2,2,17,9,6,0,2,7,0,0,2015,10
WBA,1,0,1,8,8,16,3,3,4,1,11,35,3,2,5,10,0,0,2015,10
WHU,1,1,0,5,3,8,3,2,4,1,6,5,2,2,3,13,0,0,2015,10
ARS,1,0,1,2,5,7,3,2,3,0,8,12,1,1,2,10,1,0,2015,11
AVL,1,3,0,10,7,17,6,2,6,1,5,7,4,4,4,9,0,0,2015,11
BOU,1,2,0,7,4,11,2,2,4,1,12,7,3,2,3,4,0,0,2015,11
CHE,1,3,0,10,6,16,7,1,2,0,9,8,5,4,3,9,0,0,2015,11
CRY,1,0,1,2,3,5,1,0,2,0,9,5,1,1,1,5,0,0,2015,11
EVE,1,2,0,11,7,17,9,1,1,1,6,8,2,3,7,13,1,1,2015,11
LEI,1,2,0,8,6,14,6,3,4,1,14,13,4,4,2,16,0,0,2015,11
LIV,1,1,0,5,3,8,2,2,0,1,8,4,2,1,1,11,1,0,2015,11
MCI,1,1,0,4,1,5,3,1,4,1,10,5,1,0,2,8,1,1,2015,11
MUN,1,0,1,10,0,10,5,2,5,1,9,12,1,2,2,10,1,0,2015,11
NEW,1,0,1,8,1,9,2,1,0,2,11,8,2,3,2,8,0,0,2015,11
NOR,1,2,0,15,6,21,5,6,7,3,19,12,4,9,3,8,2,1,2015,11
SOU,1,0,1,7,9,16,2,4,6,0,7,10,2,5,4,7,0,0,2015,11
STK,1,0,1,11,4,15,6,6,6,1,17,11,5,2,7,9,0,0,2015,11
SUN,1,6,0,8,7,15,8,2,1,4,15,4,7,4,3,7,0,0,2015,11
SWA,1,3,0,9,5,14,5,3,5,4,6,13,3,5,3,14,1,1,2015,11
TOT,1,1,0,5,8,13,2,2,3,0,12,3,2,1,5,12,1,1,2015,11
WAT,1,0,1,5,3,8,3,2,3,1,13,4,3,1,2,6,1,0,2015,11
WBA,1,3,0,10,3,13,5,2,2,4,6,22,1,3,6,2,0,0,2015,11
WHU,1,2,0,15,5,20,5,3,7,1,15,7,6,5,2,9,2,2,2015,11
ARS,1,1,0,10,4,14,4,2,3,1,7,7,4,0,6,16,1,0,2015,12
AVL,1,0,1,10,3,13,3,4,7,2,24,11,4,3,1,5,0,0,2015,12
BOU,1,1,0,2,0,2,1,1,1,1,1,2,0,1,0,6,0,0,2015,12
CHE,1,1,0,6,2,8,2,2,0,1,9,4,5,2,1,8,0,0,2015,12
CRY,1,1,0,16,6,22,4,5,6,2,19,14,7,5,6,17,0,0,2015,12
EVE,1,1,0,8,8,16,5,3,2,0,11,12,5,4,5,12,0,0,2015,12
LEI,1,1,0,3,5,8,4,0,1,1,6,6,2,3,0,6,0,0,2015,12
LIV,1,2,0,5,4,9,4,2,3,2,9,9,3,1,1,15,3,1,2015,12
MCI,1,0,1,1,2,3,0,0,2,0,5,7,0,1,1,16,0,0,2015,12
MUN,1,0,1,3,1,4,0,3,2,1,9,4,3,0,0,10,0,0,2015,12
NEW,1,0,1,10,10,20,5,5,5,1,22,22,5,8,3,9,0,0,2015,12
NOR,1,0,1,4,4,8,0,1,1,0,5,11,4,1,3,6,0,0,2015,12
SOU,1,0,1,5,4,9,3,3,4,0,7,7,3,1,0,5,0,0,2015,12
STK,1,0,1,10,9,19,4,0,1,0,13,5,4,6,2,15,0,0,2015,12
SUN,1,1,0,9,5,14,4,1,1,2,11,22,1,5,3,3,0,0,2015,12
SWA,1,1,0,4,5,9,5,4,3,2,7,11,2,3,1,6,0,0,2015,12
TOT,1,1,0,9,1,10,4,5,6,4,12,11,6,1,3,5,1,1,2015,12
WAT,1,2,0,7,5,12,6,1,3,1,14,11,3,3,2,10,1,1,2015,12
WBA,1,2,0,7,6,13,3,0,3,1,8,15,0,8,1,7,2,1,2015,12
WHU,1,1,0,7,6,13,4,2,5,1,12,4,1,5,4,15,0,0,2015,12
ARS,1,2,0,3,1,4,1,1,3,0,3,13,2,0,0,5,0,0,2015,13
AVL,1,4,0,11,5,16,9,1,1,4,9,2,4,5,1,13,1,1,2015,13
BOU,1,2,0,7,4,11,4,2,2,3,6,11,2,5,3,5,0,0,2015,13
CHE,1,0,1,3,1,4,2,0,1,0,3,12,1,1,1,10,1,0,2015,13
CRY,1,1,0,9,3,12,3,2,4,1,2,5,1,5,2,12,1,1,2015,13
EVE,1,0,1,3,7,10,3,1,2,0,6,3,2,4,4,8,0,0,2015,13
LEI,1,0,1,6,3,9,0,1,5,0,11,7,1,2,2,8,1,0,2015,13
LIV,1,1,0,5,7,11,3,1,3,1,11,21,2,1,6,14,1,0,2015,13
MCI,1,4,0,10,4,14,9,1,4,5,3,5,4,4,4,11,1,0,2015,13
MUN,1,1,0,8,3,10,5,0,2,1,9,6,0,5,2,8,1,0,2015,13
NEW,1,3,0,15,3,18,7,3,6,4,14,10,8,4,3,14,0,0,2015,13
NOR,1,1,0,12,9,21,7,0,6,3,12,17,3,9,6,22,0,0,2015,13
SOU,1,1,0,8,8,16,3,1,0,1,4,6,3,3,8,8,0,0,2015,13
STK,1,0,1,9,6,15,1,2,5,0,24,16,4,7,1,9,0,0,2015,13
SUN,1,0,1,6,13,19,7,0,4,0,22,26,5,6,3,10,0,0,2015,13
SWA,1,2,0,9,7,16,4,1,3,1,13,4,5,6,2,17,1,1,2015,13
TOT,1,1,0,4,6,10,4,2,4,1,12,11,3,4,2,13,1,1,2015,13
WAT,1,2,0,8,5,13,6,0,4,2,9,13,2,2,6,4,1,0,2015,13
WBA,1,1,0,7,5,11,3,1,3,3,12,10,2,2,2,17,0,0,2015,13
WHU,1,4,0,14,8,22,12,2,3,6,9,10,5,6,5,9,1,1,2015,13
ARS,1,1,0,3,4,7,2,0,2,2,11,9,1,2,3,8,0,0,2015,14
AVL,1,3,0,8,6,14,6,1,2,2,16,5,2,4,2,5,1,0,2015,14
BOU,1,3,0,7,4,11,6,2,2,1,7,6,4,2,4,13,1,0,2015,14
CHE,1,0,1,2,7,9,4,1,0,0,11,5,3,3,2,8,0,0,2015,14
CRY,1,1,0,5,2,7,2,1,2,1,15,5,3,1,0,9,0,0,2015,14
EVE,1,3,0,13,6,19,9,5,6,3,19,10,3,5,7,9,1,0,2015,14
LEI,1,1,0,6,4,10,2,3,4,1,12,17,4,0,3,8,0,0,2015,14
LIV,1,0,1,4,5,9,0,3,3,0,14,13,5,1,1,9,0,0,2015,14
MCI,1,1,0,7,5,12,8,2,4,2,7,4,3,3,3,13,0,0,2015,14
MUN,1,1,0,3,4,7,3,0,0,1,5,8,2,1,2,11,0,0,2015,14
NEW,1,5,0,9,10,19,8,1,3,1,13,18,2,3,10,14,0,0,2015,14
NOR,1,1,0,7,5,12,2,1,1,2,15,13,2,5,3,10,1,1,2015,14
SOU,1,3,0,8,8,16,8,2,6,2,7,9,7,3,2,7,1,1,2015,14
STK,1,2,0,9,9,18,5,1,6,0,11,10,4,6,3,9,1,0,2015,14
SUN,1,0,1,4,3,7,3,2,2,1,6,9,1,1,3,15,0,0,2015,14
SWA,1,1,0,8,2,10,2,2,3,1,12,10,3,0,4,7,0,0,2015,14
TOT,1,0,1,3,2,5,1,1,0,0,11,4,2,2,1,2,0,0,2015,14
WAT,1,2,0,6,7,12,6,4,6,2,19,12,5,3,2,16,0,0,2015,14
WBA,1,1,0,12,6,17,6,2,6,1,9,11,3,3,4,13,2,0,2015,14
WHU,1,1,0,5,2,7,3,1,1,1,10,11,3,2,0,4,0,0,2015,14
ARS,1,1,0,6,5,11,4,2,2,3,8,10,3,4,1,5,0,0,2015,15
AVL,1,1,0,17,6,23,4,8,9,3,20,25,8,5,7,7,0,0,2015,15
BOU,1,0,1,13,6,19,6,3,3,1,25,19,5,6,6,19,0,0,2015,15
CHE,1,1,0,10,5,15,5,1,3,2,6,4,1,5,2,16,1,0,2015,15
CRY,1,1,0,8,11,19,4,1,2,1,33,6,3,7,3,14,0,0,2015,15
EVE,1,1,0,9,5,14,5,4,6,1,16,5,4,4,3,13,0,0,2015,15
LEI,1,0,1,8,2,10,2,2,2,1,17,10,4,2,3,13,0,0,2015,15
LIV,1,2,0,4,2,6,1,1,2,1,5,2,3,2,0,9,0,0,2015,15
MCI,1,2,0,6,1,7,4,1,0,4,4,5,4,1,1,26,0,0,2015,15
MUN,1,0,1,5,4,9,2,3,3,3,6,7,3,3,1,8,1,0,2015,15
NEW,1,0,1,5,6,10,1,2,4,1,16,9,2,3,4,10,0,0,2015,15
NOR,1,2,0,9,5,14,7,1,2,3,9,4,2,4,4,11,1,0,2015,15
SOU,1,1,0,5,4,9,2,2,3,2,2,7,0,4,3,6,0,0,2015,15
STK,1,0,1,5,6,11,4,0,2,0,11,10,3,1,5,11,1,0,2015,15
SUN,1,3,0,10,7,16,6,2,2,4,5,9,2,5,7,9,0,0,2015,15
SWA,1,3,0,10,6,16,5,0,3,3,6,7,4,6,4,6,1,0,2015,15
TOT,1,1,0,6,5,11,4,3,3,2,13,11,1,3,3,7,1,0,2015,15
WAT,1,0,1,4,3,7,1,3,1,0,10,9,3,1,2,8,0,0,2015,15
WBA,1,1,0,4,5,9,3,1,2,2,2,13,2,4,2,14,0,0,2015,15
WHU,1,0,1,13,8,21,1,2,8,1,13,22,2,7,5,12,0,0,2015,15
ARS,1,0,1,7,11,18,2,4,2,1,19,4,7,5,1,9,3,0,2015,16
AVL,1,2,0,7,1,8,4,2,1,2,9,4,3,2,1,7,1,1,2015,16
BOU,1,1,0,9,2,11,5,1,5,3,12,14,1,1,0,18,2,0,2015,16
CHE,1,2,0,5,4,9,5,1,1,1,4,11,1,2,4,15,0,0,2015,16
CRY,1,0,1,9,6,15,3,2,5,1,14,6,6,3,3,7,0,0,2015,16
EVE,1,1,0,5,4,9,1,1,3,2,9,10,2,3,2,0,0,0,2015,16
LEI,1,1,0,8,3,11,3,4,5,4,19,13,4,2,1,11,0,0,2015,16
LIV,1,2,0,3,1,4,2,1,2,1,9,4,1,2,0,5,2,1,2015,16
MCI,1,1,0,10,3,13,7,4,5,1,10,4,6,3,1,7,0,0,2015,16
MUN,1,2,0,6,5,11,5,1,5,1,6,10,3,1,4,14,1,1,2015,16
NEW,1,1,0,7,13,20,8,3,5,1,8,6,7,2,7,4,0,0,2015,16
NOR,1,1,0,11,4,15,3,2,2,4,11,6,2,2,5,9,0,0,2015,16
SOU,1,1,0,9,3,12,5,1,3,1,17,9,4,4,1,14,0,0,2015,16
STK,1,0,1,13,11,24,9,8,6,0,14,20,1,7,10,9,0,0,2015,16
SUN,1,1,0,9,4,13,7,0,0,3,7,4,2,5,4,11,2,0,2015,16
SWA,1,2,0,8,5,13,5,3,5,1,7,7,5,1,4,8,0,0,2015,16
TOT,1,2,0,8,0,8,4,3,2,1,14,3,2,4,1,3,1,1,2015,16
WAT,1,0,1,8,6,14,2,1,1,1,20,16,1,6,3,11,0,0,2015,16
WBA,1,2,0,12,16,28,8,3,2,2,19,10,4,9,10,13,1,0,2015,16
WHU,1,0,1,9,3,12,3,1,4,3,15,5,5,3,1,6,0,0,2015,16
ARS,1,1,0,11,9,20,6,5,7,0,20,9,9,4,4,9,0,0,2015,17
AVL,1,1,0,8,0,8,4,4,3,2,15,10,4,1,3,8,0,0,2015,17
BOU,1,1,0,5,2,7,2,3,3,1,13,7,4,1,1,5,0,0,2015,17
CHE,1,1,0,7,4,11,3,1,4,1,4,2,1,4,2,11,0,0,2015,17
CRY,1,1,0,11,15,26,5,3,10,2,14,18,5,5,9,9,1,0,2015,17
EVE,1,3,0,7,3,10,5,1,3,2,4,3,1,1,3,8,1,0,2015,17
LEI,1,2,0,10,3,13,4,1,4,3,25,7,5,2,2,20,0,0,2015,17
LIV,1,3,0,5,1,6,5,1,1,3,10,7,2,2,0,6,1,1,2015,17
MCI,1,2,0,6,2,8,5,0,0,3,6,11,0,3,5,12,0,0,2015,17
MUN,1,2,0,2,4,6,4,0,0,0,3,5,3,2,0,10,0,0,2015,17
NEW,1,1,0,5,5,10,7,2,4,1,27,6,3,2,2,9,0,0,2015,17
NOR,1,1,0,6,5,11,2,2,3,2,30,22,1,5,1,9,0,0,2015,17
SOU,1,2,0,8,4,12,5,1,3,2,8,8,5,2,2,12,1,0,2015,17
STK,1,2,0,8,4,12,3,1,4,3,5,9,2,0,5,10,0,0,2015,17
SUN,1,3,0,11,6,17,7,3,4,4,9,8,3,3,5,16,1,0,2015,17
SWA,1,0,1,6,5,11,2,2,4,0,7,14,3,1,4,4,3,0,2015,17
TOT,1,0,1,8,3,11,4,1,1,1,15,12,3,2,5,5,0,0,2015,17
WAT,1,0,1,7,5,12,4,2,1,0,16,8,3,2,2,8,1,0,2015,17
WBA,1,2,0,7,9,16,6,1,2,3,8,12,2,5,7,14,0,0,2015,17
WHU,1,0,1,11,11,22,2,3,10,0,15,11,4,7,3,9,1,0,2015,17
ARS,1,4,0,9,5,14,5,1,1,4,7,4,3,3,3,9,1,0,2015,18
AVL,1,1,0,6,4,10,4,3,3,1,5,11,2,1,3,9,0,0,2015,18
BOU,1,0,1,6,2,8,0,3,4,0,10,17,1,0,5,10,0,0,2015,18
CHE,1,2,0,7,5,12,2,1,3,2,6,8,1,1,4,7,0,0,2015,18
CRY,1,0,1,5,5,10,4,1,2,1,12,8,1,6,1,14,1,0,2015,18
EVE,1,0,1,7,3,10,1,5,1,2,11,8,4,0,3,8,0,0,2015,18
LEI,1,1,0,13,13,26,4,4,7,1,16,10,8,6,9,9,1,0,2015,18
LIV,1,0,1,5,2,7,3,2,2,0,12,5,3,1,2,7,1,0,2015,18
MCI,1,1,0,9,2,11,3,5,6,2,4,10,3,0,5,7,0,0,2015,18
MUN,1,2,0,3,10,13,3,0,7,1,4,2,1,4,2,12,1,1,2015,18
NEW,1,1,0,11,9,20,7,3,5,2,22,10,7,3,3,22,2,1,2015,18
NOR,1,3,0,12,3,15,10,4,4,3,13,5,1,4,7,9,0,0,2015,18
SOU,1,0,1,7,1,8,5,4,2,1,11,11,3,1,3,9,0,0,2015,18
STK,1,0,1,6,5,11,6,1,3,2,15,11,2,3,1,7,1,0,2015,18
SUN,1,4,0,12,7,19,9,3,6,3,8,8,5,4,5,16,0,0,2015,18
SWA,1,0,1,7,2,9,3,2,2,0,18,14,2,1,4,5,1,0,2015,18
TOT,1,0,1,7,4,11,3,4,3,0,7,9,5,2,3,4,1,0,2015,18
WAT,1,2,0,10,8,17,2,2,5,2,20,7,6,3,2,6,0,0,2015,18
WBA,1,1,0,5,2,7,2,0,1,1,1,4,2,2,2,8,1,1,2015,18
WHU,1,1,0,9,6,15,7,5,6,2,25,18,2,3,6,9,0,0,2015,18
ARS,1,0,1,4,6,10,3,0,2,0,3,7,1,4,4,11,0,0,2015,19
AVL,1,2,0,4,5,9,4,2,4,2,8,8,2,2,1,9,2,1,2015,19
BOU,1,2,0,11,1,12,6,5,5,5,19,9,4,3,3,7,0,0,2015,19
CHE,1,0,1,4,8,12,2,0,1,2,15,14,2,2,6,5,0,0,2015,19
CRY,1,0,1,1,4,5,3,0,2,0,8,4,1,1,0,3,0,0,2015,19
EVE,1,4,0,6,2,8,5,0,2,2,7,2,0,2,3,12,0,0,2015,19
LEI,1,0,1,14,7,21,5,3,9,1,24,15,6,3,6,8,0,0,2015,19
LIV,1,0,1,3,5,8,3,0,3,0,14,5,1,2,3,9,1,0,2015,19
MCI,1,0,1,5,6,11,4,2,2,1,7,10,3,4,2,9,1,0,2015,19
MUN,1,0,1,6,2,8,3,1,2,2,6,4,5,2,0,10,0,0,2015,19
NEW,1,1,0,17,5,22,4,3,8,2,27,16,5,5,6,10,0,0,2015,19
NOR,1,0,1,2,4,6,3,1,2,0,17,8,3,1,1,14,0,0,2015,19
SOU,1,2,0,9,5,13,4,5,3,4,10,8,2,3,4,6,2,1,2015,19
STK,1,3,0,10,5,15,3,1,1,3,19,4,3,6,4,20,1,0,2015,19
SUN,1,1,0,10,7,17,6,1,5,2,6,5,4,6,3,8,0,0,2015,19
SWA,1,0,1,6,4,10,2,3,5,1,15,24,2,2,3,8,0,0,2015,19
TOT,1,1,0,5,4,9,1,0,4,1,7,8,2,1,3,5,0,0,2015,19
WAT,1,2,0,5,5,10,3,1,1,0,12,10,3,2,2,10,1,1,2015,19
WBA,1,0,1,7,0,7,2,1,2,0,13,11,0,2,4,5,0,0,2015,19
WHU,1,1,0,7,7,14,3,1,4,1,23,12,2,3,4,10,0,0,2015,19
ARS,1,0,1,11,4,15,6,4,2,1,21,3,4,2,5,17,1,0,2015,20
AVL,1,3,0,7,6,13,5,2,4,0,13,8,2,6,4,5,0,0,2015,20
BOU,1,0,1,9,7,16,2,2,5,3,15,15,3,4,4,9,0,0,2015,20
CHE,1,0,1,4,4,8,4,2,2,1,15,13,2,1,4,8,0,0,2015,20
CRY,1,3,0,7,3,10,4,1,1,3,7,5,3,5,1,10,0,0,2015,20
EVE,1,1,0,4,15,19,4,1,3,0,6,9,4,10,4,6,0,0,2015,20
LEI,1,0,1,5,4,9,0,1,1,2,8,5,2,2,3,14,0,0,2015,20
LIV,1,2,0,14,4,18,10,6,4,1,5,7,4,2,7,3,1,0,2015,20
MCI,1,1,0,6,6,12,4,1,4,2,11,6,2,2,2,17,1,0,2015,20
MUN,1,1,0,8,1,9,4,3,1,1,6,4,3,2,2,6,0,0,2015,20
NEW,1,1,0,12,3,15,3,4,4,2,13,12,3,4,8,13,0,0,2015,20
NOR,1,0,1,8,2,10,4,3,2,1,10,17,4,1,4,2,0,0,2015,20
SOU,1,1,0,6,4,10,1,1,1,2,5,8,4,1,1,8,1,0,2015,20
STK,1,2,0,11,6,17,5,2,6,1,15,7,4,3,5,7,0,0,2015,20
SUN,1,1,0,5,4,8,3,2,0,0,15,6,2,1,4,13,1,0,2015,20
SWA,1,2,0,16,3,19,6,3,4,1,17,4,7,4,3,15,0,0,2015,20
TOT,1,1,0,8,4,12,3,2,2,0,10,5,3,2,2,16,0,0,2015,20
WAT,1,2,0,8,8,16,5,2,3,0,9,9,5,6,4,10,0,0,2015,20
WBA,1,1,0,6,4,10,3,3,5,1,11,9,2,5,3,7,0,0,2015,20
WHU,1,0,1,9,14,23,1,4,8,2,16,17,2,10,7,10,0,0,2015,20
ARS,1,3,0,12,10,22,6,2,5,1,16,12,1,6,8,11,1,1,2015,21
AVL,1,0,1,4,6,9,1,2,4,1,5,2,1,0,4,7,0,0,2015,21
BOU,1,3,0,3,7,10,5,0,4,2,14,3,1,2,2,18,2,0,2015,21
CHE,1,2,0,7,7,13,5,4,2,0,19,11,4,4,2,7,1,1,2015,21
CRY,1,1,0,6,7,13,3,1,4,0,12,13,4,2,2,10,3,1,2015,21
EVE,1,0,1,15,7,22,5,2,6,1,35,14,7,7,5,18,1,0,2015,21
LEI,1,0,1,10,11,21,5,3,5,1,19,23,4,5,6,5,1,0,2015,21
LIV,1,3,0,11,3,14,4,1,3,3,2,4,2,3,6,6,1,0,2015,21
MCI,1,0,1,6,1,7,2,1,1,0,7,6,3,2,1,16,0,0,2015,21
MUN,1,3,0,10,4,14,6,0,1,2,15,5,2,7,2,7,0,0,2015,21
NEW,1,3,0,8,4,12,4,3,3,4,10,6,4,3,3,10,1,1,2015,21
NOR,1,3,0,7,7,14,4,0,3,2,16,14,6,2,5,8,1,0,2015,21
SOU,1,0,1,1,3,4,1,0,0,0,11,4,1,1,1,6,0,0,2015,21
STK,1,1,0,2,4,5,2,1,2,0,3,9,1,2,1,14,1,0,2015,21
SUN,1,2,0,4,7,10,5,1,1,1,15,5,3,2,4,11,0,0,2015,21
SWA,1,4,0,7,0,7,4,0,0,4,2,15,1,2,3,6,1,1,2015,21
TOT,1,1,0,7,3,10,2,1,5,0,9,6,1,2,4,5,1,0,2015,21
WAT,1,2,0,10,5,15,6,4,4,3,18,18,4,1,4,6,2,0,2015,21
WBA,1,2,0,7,7,14,2,0,2,1,11,4,3,6,1,11,0,0,2015,21
WHU,1,1,0,2,9,11,4,1,1,1,4,6,4,3,3,18,1,1,2015,21
ARS,1,0,1,7,7,14,5,2,3,0,9,9,2,3,4,8,1,0,2015,22
AVL,1,1,0,7,5,12,5,1,4,3,5,6,1,4,4,6,0,0,2015,22
BOU,1,0,1,6,4,10,3,1,2,1,13,12,3,1,2,8,2,0,2015,22
CHE,1,3,0,6,3,9,4,0,1,3,6,6,1,4,3,14,1,0,2015,22
CRY,1,4,0,9,8,17,4,1,6,2,5,8,4,4,5,12,1,1,2015,22
EVE,1,3,0,8,7,14,7,1,2,3,16,15,2,4,4,13,1,1,2015,22
LEI,1,1,0,9,5,14,5,1,3,0,22,8,5,2,1,9,1,0,2015,22
LIV,1,1,0,4,3,7,1,1,3,1,5,8,0,2,3,13,0,0,2015,22
MCI,1,0,1,5,4,9,3,3,4,1,9,15,1,3,4,12,1,0,2015,22
MUN,1,0,1,7,12,19,4,2,2,1,13,8,3,7,6,12,0,0,2015,22
NEW,1,1,0,6,4,10,3,2,2,1,10,8,2,2,4,8,1,1,2015,22
NOR,1,3,0,8,7,15,6,3,3,4,10,6,4,2,5,13,1,0,2015,22
SOU,1,0,1,3,7,10,0,3,3,0,14,12,2,1,2,5,0,0,2015,22
STK,1,0,1,4,4,8,3,1,2,1,11,5,2,2,3,16,0,0,2015,22
SUN,1,4,0,14,12,26,11,5,9,2,15,11,6,8,4,9,1,1,2015,22
SWA,1,0,1,3,10,13,2,1,5,0,12,11,0,5,3,6,1,0,2015,22
TOT,1,1,0,2,3,5,2,0,1,1,3,4,0,2,3,6,0,0,2015,22
WAT,1,1,0,4,6,10,2,1,2,0,20,8,3,1,2,14,0,0,2015,22
WBA,1,3,0,6,3,9,4,1,1,1,9,9,2,2,3,9,0,0,2015,22
WHU,1,2,0,13,10,23,10,0,1,1,13,1,6,8,6,7,0,0,2015,22
ARS,1,1,0,10,2,12,5,2,3,2,6,9,3,1,3,10,1,0,2015,23
AVL,1,0,1,2,2,4,0,1,1,0,14,13,1,1,2,6,0,0,2015,23
BOU,1,1,0,5,5,10,5,2,3,1,11,9,2,3,2,6,0,0,2015,23
CHE,1,0,1,7,2,9,1,0,2,1,11,11,1,6,2,19,0,0,2015,23
CRY,1,3,0,8,17,24,11,3,5,3,16,7,7,8,6,15,0,0,2015,23
EVE,1,2,0,4,4,7,5,0,2,1,3,6,2,2,1,6,2,1,2015,23
LEI,1,0,1,1,2,3,2,1,1,1,11,13,1,0,0,7,0,0,2015,23
LIV,1,4,0,5,1,6,5,1,3,1,12,5,2,2,1,13,0,0,2015,23
MCI,1,2,0,7,3,10,3,2,6,1,12,10,3,2,3,13,0,0,2015,23
MUN,1,1,0,5,2,7,2,4,5,1,10,11,3,1,1,6,0,0,2015,23
NEW,1,2,0,10,3,13,5,2,2,5,10,6,5,3,2,12,1,0,2015,23
NOR,1,5,0,8,5,13,7,0,1,2,4,8,2,2,5,10,3,2,2015,23
SOU,1,0,1,1,7,8,1,0,2,0,6,10,3,1,3,7,0,0,2015,23
STK,1,3,0,11,4,15,5,1,4,3,10,14,3,3,3,16,0,0,2015,23
SUN,1,1,0,8,7,15,5,2,2,1,7,13,2,7,4,7,1,1,2015,23
SWA,1,1,0,13,7,20,2,5,6,2,21,19,5,5,7,11,1,0,2015,23
TOT,1,1,0,7,4,11,3,2,6,1,10,14,1,1,4,7,1,1,2015,23
WAT,1,1,0,10,1,11,2,6,4,2,20,8,5,4,1,9,0,0,2015,23
WBA,1,0,1,6,9,15,4,3,1,1,13,15,5,3,4,9,0,0,2015,23
WHU,1,2,0,10,6,16,3,1,2,2,8,7,6,3,3,13,1,1,2015,23
ARS,1,0,1,6,8,14,3,0,1,1,8,8,2,2,3,3,1,0,2015,24
AVL,1,2,0,14,11,25,6,5,6,2,9,11,1,9,11,15,0,0,2015,24
BOU,1,1,0,8,6,14,3,1,5,2,14,15,5,1,4,12,0,0,2015,24
CHE,1,0,1,7,5,12,3,2,4,0,13,6,3,5,2,12,0,0,2015,24
CRY,1,2,0,4,4,8,4,1,2,2,9,5,1,1,3,4,1,0,2015,24
EVE,1,0,1,3,4,7,3,0,1,1,13,4,2,3,1,11,1,0,2015,24
LEI,1,0,1,5,9,14,1,1,1,0,19,13,2,5,5,12,0,0,2015,24
LIV,1,2,0,3,10,13,6,2,3,2,5,8,1,2,2,12,0,0,2015,24
MCI,1,0,1,6,5,11,2,2,6,1,12,14,1,3,2,15,0,0,2015,24
MUN,1,0,1,2,8,10,0,0,2,0,7,11,2,3,2,7,0,0,2015,24
NEW,1,3,0,9,9,18,7,1,5,2,12,3,3,3,4,13,1,0,2015,24
NOR,1,3,0,12,5,17,6,2,7,4,11,6,8,1,3,3,3,1,2015,24
SOU,1,0,1,21,1,22,10,11,7,5,15,18,6,4,9,14,0,0,2015,24
STK,1,3,0,11,4,15,5,3,0,3,2,12,3,3,9,7,1,0,2015,24
SUN,1,1,0,4,3,7,2,1,2,1,5,5,0,2,3,19,1,0,2015,24
SWA,1,1,0,13,4,17,6,6,5,4,23,20,3,3,6,10,0,0,2015,24
TOT,1,0,1,7,4,11,2,2,5,1,6,18,1,5,3,2,0,0,2015,24
WAT,1,0,1,9,3,12,4,1,1,1,14,8,3,3,3,12,0,0,2015,24
WBA,1,1,0,9,9,18,4,2,3,1,9,6,5,3,4,5,1,0,2015,24
WHU,1,0,1,0,5,5,2,0,0,0,3,11,0,2,3,8,0,0,2015,24
ARS,1,0,1,6,11,17,4,0,4,0,16,11,4,4,4,11,0,0,2015,25
AVL,1,0,1,9,5,13,3,4,2,2,12,16,4,0,7,5,2,0,2015,25
BOU,1,2,0,6,4,10,5,1,1,2,3,7,2,3,3,7,1,1,2015,25
CHE,1,1,0,9,8,17,7,2,6,0,15,11,3,5,5,11,0,0,2015,25
CRY,1,1,0,11,7,18,3,2,10,0,23,13,4,5,1,6,0,0,2015,25
EVE,1,0,1,8,4,12,3,2,1,0,7,21,1,3,7,14,0,0,2015,25
LEI,1,1,0,16,6,22,4,6,8,3,17,17,4,6,7,12,2,0,2015,25
LIV,1,2,0,2,5,7,2,0,2,1,4,3,1,2,3,3,2,1,2015,25
MCI,1,3,0,12,2,14,7,2,5,4,6,10,4,0,8,14,1,0,2015,25
MUN,1,1,0,12,4,16,5,4,4,2,16,16,5,5,2,12,0,0,2015,25
NEW,1,0,1,3,4,7,0,0,3,0,6,6,0,3,0,1,0,0,2015,25
NOR,1,2,0,7,3,10,2,1,2,1,11,8,2,1,5,7,0,0,2015,25
SOU,1,0,1,10,8,18,2,3,5,1,23,10,4,4,7,7,0,0,2015,25
STK,1,3,0,13,1,14,6,4,3,6,4,9,2,2,7,11,1,1,2015,25
SUN,1,2,0,9,7,16,5,2,1,2,15,11,2,7,5,15,1,1,2015,25
SWA,1,1,0,7,5,12,2,4,4,1,13,8,5,3,2,10,0,0,2015,25
TOT,1,0,1,1,2,3,0,0,0,0,3,6,1,1,0,8,1,0,2015,25
WAT,1,1,0,19,6,25,8,4,8,2,30,9,7,7,7,17,1,0,2015,25
WBA,1,1,0,9,10,19,7,3,4,4,16,13,5,3,7,11,0,0,2015,25
WHU,1,1,0,7,1,8,2,2,2,1,6,7,2,3,1,2,1,0,2015,25
ARS,1,1,0,3,4,7,3,2,1,2,6,5,4,1,1,9,0,0,2015,26
AVL,1,6,0,7,4,11,9,2,6,3,10,8,1,2,4,9,2,2,2015,26
BOU,1,3,0,4,7,11,6,1,3,1,5,9,2,2,3,8,0,0,2015,26
CHE,1,1,0,5,5,10,3,1,1,0,11,9,3,2,2,7,0,0,2015,26
CRY,1,2,0,5,5,10,4,0,1,3,11,3,1,5,1,7,0,0,2015,26
EVE,1,1,0,4,1,5,1,1,3,1,4,3,1,3,1,6,0,0,2015,26
LEI,1,2,0,22,2,24,6,6,6,2,21,29,5,6,8,16,0,0,2015,26
LIV,1,0,1,3,3,6,1,1,0,0,7,6,2,1,2,10,0,0,2015,26
MCI,1,2,0,3,3,6,3,0,0,2,4,9,0,1,2,14,0,0,2015,26
MUN,1,2,0,12,9,21,4,3,9,1,11,6,5,4,3,7,0,0,2015,26
NEW,1,5,0,7,7,14,7,2,4,3,10,4,4,4,2,8,2,1,2015,26
NOR,1,2,0,6,5,11,6,1,3,1,9,12,0,1,5,15,0,0,2015,26
SOU,1,0,1,7,6,13,2,4,4,1,15,15,3,4,2,3,0,0,2015,26
STK,1,1,0,7,4,11,2,1,5,2,11,16,2,2,3,7,0,0,2015,26
SUN,1,1,0,8,5,12,6,0,1,1,9,13,1,3,5,5,0,0,2015,26
SWA,1,1,0,7,7,14,5,4,2,2,7,11,4,6,2,2,0,0,2015,26
TOT,1,1,0,14,5,19,4,4,7,3,14,11,3,4,5,12,0,0,2015,26
WAT,1,1,0,5,10,15,5,4,6,1,11,22,4,1,4,13,0,0,2015,26
WBA,1,0,1,16,17,33,5,6,7,1,37,18,11,8,7,15,1,0,2015,26
WHU,1,2,0,6,7,13,3,0,4,1,8,10,1,3,4,9,1,1,2015,26
ARS,1,3,0,3,4,7,5,1,2,2,6,6,1,1,1,6,1,1,2015,27
AVL,1,2,0,7,4,11,3,2,6,2,19,16,2,3,3,9,0,0,2015,27
BOU,1,0,1,6,8,14,1,1,5,1,9,11,4,2,2,9,0,0,2015,27
CHE,1,1,0,2,5,7,2,1,2,2,16,10,2,3,1,4,2,1,2015,27
CRY,1,3,0,7,4,11,5,2,3,4,14,8,3,3,1,9,0,0,2015,27
LEI,1,0,1,5,4,9,1,3,3,1,11,4,3,3,3,8,0,0,2015,27
MUN,1,2,0,10,3,13,5,5,6,3,6,8,3,2,3,11,0,0,2015,27
NOR,1,1,0,6,7,13,3,2,3,2,12,14,2,5,4,10,0,0,2015,27
SOU,1,2,0,7,9,16,4,3,4,1,13,10,5,5,4,15,0,0,2015,27
STK,1,1,0,3,2,5,1,1,0,1,8,11,1,1,1,5,0,0,2015,27
SUN,1,1,0,5,4,9,3,1,1,1,7,9,0,4,1,13,0,0,2015,27
SWA,1,2,0,19,15,34,15,3,10,5,18,9,6,10,7,5,1,0,2015,27
TOT,1,1,0,4,6,10,4,0,6,2,10,3,4,3,0,3,0,0,2015,27
WAT,1,0,1,6,5,11,3,1,2,1,15,12,4,0,3,13,0,0,2015,27
WBA,1,2,0,11,4,15,2,3,9,1,14,14,4,2,2,8,1,1,2015,27
WHU,1,0,1,6,7,13,4,2,4,1,5,7,4,3,2,7,1,0,2015,27
ARS,1,2,0,3,8,11,2,0,2,3,9,3,3,2,4,9,1,1,2015,28
AVL,1,3,0,9,1,10,6,2,5,6,12,6,4,4,2,6,0,0,2015,28
BOU,1,0,1,4,2,6,1,1,0,2,8,8,1,4,1,6,0,0,2015,28
CHE,1,1,0,7,6,13,2,2,1,2,18,8,5,1,5,15,0,0,2015,28
CRY,1,2,0,6,11,17,6,1,2,0,16,4,5,4,4,9,0,0,2015,28
EVE,1,1,0,7,7,14,5,2,5,0,21,14,4,6,2,9,0,0,2015,28
LEI,1,2,0,5,7,11,3,2,6,2,8,6,0,6,3,7,0,0,2015,28
LIV,1,0,1,2,2,4,1,2,2,0,9,4,0,1,3,19,0,0,2015,28
MCI,1,3,0,4,7,11,7,0,1,2,7,3,3,4,2,13,0,0,2015,28
MUN,1,0,1,9,4,13,3,2,4,4,6,16,1,3,5,9,3,0,2015,28
NEW,1,1,0,3,6,9,2,0,1,0,15,9,1,6,2,9,1,0,2015,28
NOR,1,2,0,7,3,10,2,1,2,1,9,3,5,4,1,13,0,0,2015,28
SOU,1,2,0,4,5,9,4,1,3,2,10,18,2,1,3,7,1,1,2015,28
STK,1,0,1,4,1,5,3,1,1,0,14,4,1,2,1,14,0,0,2015,28
SUN,1,2,0,12,1,13,5,4,5,0,10,5,3,5,3,10,1,0,2015,28
SWA,1,1,0,12,5,17,4,3,5,2,14,8,6,5,3,13,0,0,2015,28
TOT,1,1,0,5,9,14,3,3,5,0,6,9,5,4,2,11,0,0,2015,28
WAT,1,1,0,6,8,14,3,2,5,1,4,15,2,2,6,17,0,0,2015,28
WBA,1,2,0,16,6,22,4,5,9,5,15,27,2,4,7,11,4,0,2015,28
WHU,1,0,1,4,5,9,2,1,0,2,10,8,3,4,1,4,0,0,2015,28
ARS,1,2,0,12,14,26,11,1,8,2,11,15,5,6,8,9,0,0,2015,29
AVL,1,4,0,16,6,22,9,4,7,4,11,14,5,8,7,9,2,2,2015,29
BOU,1,1,0,7,8,14,3,1,1,1,15,5,5,5,2,15,0,0,2015,29
CHE,1,1,0,12,5,17,5,4,3,3,8,7,4,7,3,18,2,2,2015,29
CRY,1,2,0,9,10,19,5,0,3,3,9,11,3,7,3,8,1,1,2015,29
EVE,1,3,0,10,7,17,5,4,5,4,17,18,5,5,4,7,0,0,2015,29
LEI,1,0,1,6,5,11,4,2,1,1,16,9,3,4,1,13,0,0,2015,29
LIV,1,1,0,9,5,14,4,4,6,2,11,14,4,1,3,9,1,1,2015,29
MCI,1,0,1,2,0,2,1,0,0,0,6,3,0,1,0,6,0,0,2015,29
MUN,1,1,0,6,3,9,2,1,1,0,7,7,2,4,3,7,0,0,2015,29
NEW,1,3,0,11,5,16,5,2,4,1,13,4,5,4,5,19,0,0,2015,29
NOR,1,1,0,7,3,10,3,1,2,0,16,4,5,2,1,8,0,0,2015,29
SOU,1,1,0,7,4,11,3,0,4,2,10,9,2,3,3,9,1,0,2015,29
STK,1,1,0,11,9,20,7,3,4,0,14,10,8,5,4,11,2,0,2015,29
SUN,1,1,0,10,6,16,5,1,2,1,15,19,1,4,6,10,1,0,2015,29
SWA,1,0,1,7,1,8,3,2,1,0,5,8,1,2,3,9,1,0,2015,29
TOT,1,2,0,5,5,10,4,1,1,0,2,5,2,4,1,11,0,0,2015,29
WAT,1,1,0,10,4,14,6,4,5,2,8,13,6,1,3,12,0,0,2015,29
WBA,1,0,1,3,4,7,1,0,1,0,11,9,0,0,4,14,0,0,2015,29
WHU,1,2,0,8,7,15,8,2,6,3,15,9,2,4,2,10,0,0,2015,29
AVL,1,2,0,11,8,19,8,0,1,3,3,11,5,6,4,8,0,0,2015,30
BOU,1,2,0,8,5,13,4,2,5,1,13,5,4,4,1,12,0,0,2015,30
LEI,1,0,1,8,4,12,2,4,1,0,15,5,5,3,2,14,0,0,2015,30
MCI,1,0,1,2,3,5,0,1,2,0,10,8,1,1,2,3,0,0,2015,30
NEW,1,1,0,7,3,10,1,1,4,0,15,10,2,6,1,6,0,0,2015,30
NOR,1,0,1,6,9,15,3,4,6,0,21,11,2,4,3,11,0,0,2015,30
SOU,1,1,0,5,8,13,2,1,2,2,13,10,5,2,3,12,0,0,2015,30
STK,1,2,0,6,5,11,4,2,3,1,10,11,1,3,4,9,0,0,2015,30
SWA,1,3,0,8,4,12,4,2,4,0,6,7,2,4,3,9,1,1,2015,30
TOT,1,0,1,8,4,12,2,1,5,3,12,15,1,3,3,11,0,0,2015,30
ARS,1,0,1,5,3,8,2,1,4,1,19,17,2,1,2,9,0,0,2015,31
AVL,1,1,0,3,7,10,1,1,5,1,12,4,4,2,1,7,1,1,2015,31
BOU,1,3,0,9,8,17,7,0,1,3,5,8,5,2,6,6,1,1,2015,31
CHE,1,2,0,9,4,13,5,4,5,0,8,9,3,3,3,5,0,0,2015,31
CRY,1,1,0,6,2,8,3,1,3,3,15,11,1,3,3,13,0,0,2015,31
EVE,1,2,0,9,2,11,3,0,1,2,4,8,2,5,1,19,1,0,2015,31
LEI,1,0,1,7,6,13,4,2,3,1,19,20,3,4,5,18,0,0,2015,31
LIV,1,3,0,9,7,16,5,2,3,2,7,12,6,6,1,9,2,1,2015,31
MCI,1,1,0,3,2,5,4,0,0,2,7,5,1,3,1,14,0,0,2015,31
MUN,1,0,1,21,5,26,3,9,10,2,18,14,10,5,7,20,0,0,2015,31
NEW,1,1,0,7,7,14,4,2,5,0,7,0,6,2,2,11,0,0,2015,31
NOR,1,0,1,5,5,10,0,1,1,0,8,12,3,4,1,6,1,0,2015,31
SOU,1,2,0,10,7,17,8,1,2,1,7,9,3,5,4,14,0,0,2015,31
STK,1,1,0,6,3,9,4,2,2,1,19,13,2,1,3,14,1,1,2015,31
SUN,1,1,0,9,8,17,7,3,3,1,13,8,7,4,2,15,0,0,2015,31
SWA,1,0,1,8,4,12,2,5,6,0,17,16,4,0,3,14,1,0,2015,31
TOT,1,0,1,2,0,2,0,2,1,0,14,8,0,0,2,20,0,0,2015,31
WAT,1,2,0,3,6,9,6,1,0,3,13,7,5,2,1,8,3,1,2015,31
WBA,1,1,0,4,3,7,1,0,2,1,16,5,2,4,0,11,1,0,2015,31
WHU,1,2,0,16,6,22,5,6,9,1,18,10,5,3,6,15,0,0,2015,31
ARS,1,0,1,5,2,7,2,2,4,0,13,9,2,1,3,2,0,0,2015,32
AVL,1,4,0,7,4,11,8,0,2,3,3,2,1,4,1,10,2,1,2015,32
BOU,1,4,0,10,5,15,7,1,3,0,9,6,4,6,3,13,2,1,2015,32
CHE,1,0,1,6,9,15,4,2,4,0,9,15,4,3,4,12,1,0,2015,32
CRY,1,2,0,9,9,18,6,1,6,2,7,8,4,6,4,15,0,0,2015,32
EVE,1,1,0,5,5,10,2,2,2,1,7,11,6,1,2,8,1,1,2015,32
LEI,1,0,1,7,3,10,1,1,3,1,27,18,2,5,1,8,0,0,2015,32
LIV,1,1,0,8,10,18,5,3,4,2,9,9,5,5,4,20,1,0,2015,32
MCI,1,0,1,6,5,11,2,3,4,2,7,10,3,2,2,12,0,0,2015,32
MUN,1,0,1,6,1,7,1,1,5,1,15,5,2,1,1,9,0,0,2015,32
NEW,1,3,0,8,5,13,6,1,3,2,20,12,5,3,4,7,1,0,2015,32
NOR,1,2,0,10,3,13,5,7,2,1,19,13,5,1,6,6,0,0,2015,32
SOU,1,1,0,8,3,11,4,3,5,2,11,9,4,4,1,9,0,0,2015,32
STK,1,2,0,6,6,12,3,0,2,0,13,12,5,2,3,8,0,0,2015,32
SUN,1,0,1,1,2,3,0,0,1,0,10,6,1,0,1,8,1,0,2015,32
SWA,1,2,0,5,7,12,5,3,3,2,9,7,3,1,4,7,0,0,2015,32
TOT,1,1,0,9,6,15,7,1,4,2,9,15,1,2,7,6,1,0,2015,32
WAT,1,4,0,14,5,19,12,4,2,5,8,7,8,0,6,8,1,0,2015,32
WBA,1,0,1,13,9,22,6,1,3,2,13,8,8,5,5,11,0,0,2015,32
WHU,1,2,0,10,2,12,4,3,6,3,12,17,3,0,3,9,2,2,2015,32
ARS,1,3,0,13,6,19,7,6,7,0,16,10,8,3,6,11,1,0,2015,33
AVL,1,2,0,7,5,12,3,2,8,1,8,10,3,2,2,9,1,1,2015,33
BOU,1,1,0,3,3,6,1,2,2,0,12,8,1,1,3,18,0,0,2015,33
CHE,1,1,0,8,4,12,6,2,1,3,3,14,2,1,4,9,4,1,2015,33
CRY,2,0,2,12,10,22,9,2,2,1,28,17,4,10,1,18,0,0,2015,33
EVE,2,1,1,17,15,32,11,9,11,2,25,36,3,8,14,16,3,1,2015,33
LEI,1,0,1,8,7,15,1,1,2,1,3,5,6,4,3,14,0,0,2015,33
LIV,1,1,0,5,6,11,3,3,4,2,14,7,1,4,4,10,0,0,2015,33
MCI,1,1,0,7,6,13,2,0,5,1,19,12,2,4,2,12,0,0,2015,33
MUN,1,3,0,9,7,16,8,4,4,3,3,9,3,4,6,12,0,0,2015,33
NEW,1,3,0,14,6,20,6,6,7,2,14,16,8,4,5,9,0,0,2015,33
NOR,1,1,0,10,3,13,5,4,7,2,14,23,5,3,4,12,1,0,2015,33
SOU,1,1,0,1,4,5,3,0,0,0,12,8,3,1,0,7,1,0,2015,33
STK,1,4,0,6,8,14,6,4,4,3,8,10,4,4,4,10,0,0,2015,33
SUN,1,2,0,12,4,16,7,3,4,5,14,10,3,5,6,22,0,0,2015,33
SWA,1,0,1,7,1,8,2,0,1,2,11,17,2,2,1,13,0,0,2015,33
TOT,1,0,1,2,3,5,1,0,1,0,5,12,2,0,2,8,0,0,2015,33
WAT,1,1,0,7,6,12,7,3,4,3,18,9,3,4,0,8,2,1,2015,33
WBA,1,2,0,8,5,13,4,2,2,2,10,11,1,5,5,9,0,0,2015,33
WHU,1,3,0,9,2,11,5,1,3,3,12,9,3,5,2,13,0,0,2015,33
ARS,2,1,1,7,8,15,3,5,6,1,28,13,5,3,5,14,0,0,2015,34
AVL,1,1,0,9,4,13,4,2,9,1,13,12,4,3,4,4,0,0,2015,34
BOU,1,2,0,12,7,19,6,1,2,2,1,12,2,4,7,13,3,0,2015,34
CHE,1,3,0,8,3,11,7,0,1,4,7,3,3,4,1,22,0,0,2015,34
CRY,2,3,0,23,14,37,16,9,15,3,33,18,11,10,4,24,2,1,2015,34
EVE,2,5,0,31,24,55,17,7,16,5,48,25,17,16,13,18,3,1,2015,34
LEI,1,2,0,10,9,19,4,5,5,1,20,14,6,4,4,9,0,0,2015,34
LIV,2,1,1,11,10,21,4,7,5,0,14,14,8,7,3,14,0,0,2015,34
MCI,2,1,1,8,8,16,6,1,2,1,21,26,2,5,4,28,1,0,2015,34
MUN,2,0,2,6,7,12,1,2,5,0,14,9,3,3,2,21,0,0,2015,34
NEW,2,1,1,14,6,20,6,7,9,1,18,23,6,2,6,14,1,0,2015,34
NOR,1,3,0,5,3,8,3,0,2,3,4,1,2,2,1,8,1,1,2015,34
SOU,1,1,0,3,4,7,2,1,3,0,8,2,2,1,2,13,0,0,2015,34
STK,1,4,0,17,6,23,6,0,2,4,6,7,5,4,7,9,0,0,2015,34
SUN,1,0,1,10,9,19,5,5,9,1,21,13,5,5,3,12,1,0,2015,34
SWA,1,3,0,7,5,12,7,2,3,2,6,12,4,1,5,7,0,0,2015,34
TOT,1,0,1,6,6,12,2,1,1,1,8,15,4,3,2,17,0,0,2015,34
WAT,2,3,1,25,10,35,11,3,11,8,38,20,9,5,11,36,3,0,2015,34
WBA,2,3,0,16,11,27,10,1,4,1,8,9,6,8,10,25,1,0,2015,34
WHU,2,3,0,8,5,13,6,3,3,5,11,9,1,4,5,16,1,0,2015,34
ARS,1,0,1,5,7,12,3,0,4,0,11,8,1,3,0,4,2,0,2015,35
AVL,1,4,0,12,5,17,7,3,4,7,17,14,4,7,2,7,2,1,2015,35
BOU,1,4,0,10,6,16,4,0,2,3,7,5,2,6,4,19,0,0,2015,35
CHE,1,1,0,7,6,13,4,4,5,0,16,10,5,2,3,12,0,0,2015,35
LEI,1,0,1,6,3,9,1,3,3,1,13,11,2,2,3,8,0,0,2015,35
LIV,1,2,0,5,1,6,3,2,1,0,10,5,1,2,2,8,1,1,2015,35
MCI,1,0,1,7,7,14,2,2,5,2,6,6,3,2,2,24,1,0,2015,35
NEW,1,2,0,6,7,13,4,2,4,0,17,3,5,2,2,13,0,0,2015,35
SOU,1,2,0,12,4,16,6,4,7,2,9,14,2,3,6,14,0,0,2015,35
STK,1,4,0,7,4,11,6,2,3,3,7,6,7,2,0,12,0,0,2015,35
SUN,1,0,1,9,11,20,6,3,6,0,7,16,4,7,5,15,0,0,2015,35
SWA,1,4,0,14,4,18,9,2,4,6,6,7,4,3,3,23,1,1,2015,35
TOT,1,1,0,8,9,16,3,3,6,1,13,11,4,3,3,5,0,0,2015,35
WBA,1,1,0,9,9,18,2,1,7,1,6,13,2,2,8,10,0,0,2015,35
ARS,1,0,1,6,6,12,3,3,4,0,9,12,2,4,1,3,0,0,2015,36
AVL,1,3,0,9,9,18,5,5,6,1,17,19,4,4,3,10,0,0,2015,36
BOU,1,2,0,7,5,12,5,0,1,1,2,10,0,6,6,10,0,0,2015,36
CHE,1,2,0,10,6,16,5,1,3,2,8,12,3,6,3,6,1,1,2015,36
CRY,1,1,0,5,5,10,4,0,1,0,11,7,6,2,1,14,0,0,2015,36
EVE,1,1,0,8,8,16,2,2,2,2,12,8,5,6,3,11,0,0,2015,36
LEI,1,1,0,9,12,21,6,3,7,1,17,19,4,5,4,24,0,0,2015,36
LIV,1,3,0,11,7,18,9,2,5,3,9,11,2,5,5,6,2,1,2015,36
MCI,1,4,0,9,5,14,7,3,5,4,3,16,5,4,3,16,0,0,2015,36
MUN,1,1,0,10,4,14,3,8,8,2,5,10,5,2,6,16,0,0,2015,36
NEW,1,0,1,4,5,9,3,1,3,1,10,15,2,0,2,11,0,0,2015,36
NOR,1,1,0,8,6,14,3,2,3,0,13,8,2,6,4,12,0,0,2015,36
SOU,1,2,0,4,2,6,5,1,0,2,3,11,1,1,2,13,2,1,2015,36
STK,1,1,0,8,6,14,5,0,7,1,16,8,2,4,5,5,0,0,2015,36
SUN,1,1,0,6,5,11,3,3,2,0,5,9,1,2,4,13,0,0,2015,36
SWA,1,1,0,3,8,11,3,2,4,1,8,9,3,4,2,16,0,0,2015,36
TOT,1,2,0,10,3,13,5,2,6,1,10,10,5,5,1,11,1,0,2015,36
WAT,1,2,0,5,2,7,2,3,2,0,5,6,2,2,2,13,0,0,2015,36
WBA,1,3,0,5,3,8,4,3,1,2,10,10,2,1,4,14,0,0,2015,36
WHU,1,0,1,10,5,15,3,3,5,3,14,9,4,3,2,10,0,0,2015,36
ARS,1,2,0,9,5,14,3,2,3,0,16,9,5,3,2,23,0,0,2015,37
AVL,1,0,1,8,1,9,3,2,2,1,23,14,4,2,1,6,0,0,2015,37
BOU,1,1,0,7,5,12,4,3,0,1,8,9,3,3,4,5,1,1,2015,37
CHE,2,4,0,18,24,42,12,5,13,2,13,23,5,8,14,20,2,1,2015,37
CRY,1,1,0,6,6,12,3,2,4,2,5,6,3,4,1,9,1,0,2015,37
EVE,2,6,0,33,13,46,15,15,20,9,28,19,12,7,15,19,2,2,2015,37
LEI,1,1,0,6,3,9,5,1,2,3,8,12,2,3,2,11,0,0,2015,37
LIV,2,1,1,17,10,27,10,4,7,0,14,17,5,7,9,40,1,0,2015,37
MCI,1,2,0,3,2,5,2,1,1,3,3,9,1,2,1,20,0,0,2015,37
MUN,2,3,1,19,9,28,7,9,15,6,24,21,5,8,10,17,3,0,2015,37
NEW,1,0,1,1,1,2,0,0,1,0,11,2,0,1,0,8,0,0,2015,37
NOR,2,3,0,14,14,27,9,4,6,5,17,15,8,7,6,22,2,2,2015,37
SOU,1,1,0,12,8,20,6,3,7,3,10,14,5,5,3,11,2,1,2015,37
STK,1,2,0,7,10,17,4,1,4,2,10,18,1,7,4,11,2,0,2015,37
SUN,2,2,1,18,8,26,14,5,8,5,11,11,2,7,11,21,0,0,2015,37
SWA,1,1,0,14,11,25,7,4,8,4,21,14,5,8,6,8,0,0,2015,37
TOT,1,2,0,5,5,10,2,1,0,2,2,9,2,3,3,8,0,0,2015,37
WAT,2,6,0,22,15,37,11,4,10,7,25,15,8,12,7,22,5,2,2015,37
WBA,1,1,0,4,8,12,4,1,3,1,10,9,1,3,3,11,1,1,2015,37
WHU,2,6,0,11,6,16,8,1,2,4,15,16,4,8,3,21,1,1,2015,37
ARS,1,0,1,2,4,5,2,1,1,0,7,5,1,2,2,13,0,0,2015,38
AVL,1,4,0,11,5,16,7,2,2,6,13,8,3,5,6,10,3,0,2015,38
BOU,1,3,0,8,5,12,5,1,2,2,2,9,1,4,5,12,0,0,2015,38
CHE,1,1,0,5,13,18,5,1,2,2,11,7,2,7,4,16,1,0,2015,38
CRY,1,4,0,10,9,19,5,4,3,2,13,11,4,5,4,7,1,1,2015,38
EVE,1,0,1,8,3,11,2,4,5,0,13,22,6,1,3,8,0,0,2015,38
LEI,1,1,0,11,6,17,4,0,2,1,4,12,6,4,4,20,0,0,2015,38
LIV,1,1,0,8,5,13,1,3,8,2,11,7,4,1,3,10,0,0,2015,38
MCI,1,1,0,1,3,4,1,1,2,0,8,8,0,1,1,6,1,0,2015,38
MUN,1,1,0,6,1,7,0,0,1,0,3,1,2,1,0,4,0,0,2015,38
NEW,1,1,0,7,11,18,5,0,5,0,18,10,2,9,4,7,0,0,2015,38
NOR,1,3,0,10,5,15,8,2,2,3,8,11,1,5,4,11,0,0,2015,38
SOU,1,1,0,10,6,16,4,1,4,2,6,15,1,4,3,6,0,0,2015,38
STK,1,1,0,16,4,20,6,4,9,3,14,8,9,7,2,13,0,0,2015,38
SUN,1,2,0,9,11,20,6,3,6,2,18,9,4,5,5,6,0,0,2015,38
SWA,1,1,0,11,7,18,5,1,1,2,8,8,4,4,6,10,1,0,2015,38
TOT,1,5,0,11,8,19,10,2,3,4,11,1,6,7,2,10,0,0,2015,38
WAT,1,2,0,4,2,6,4,0,0,1,11,6,1,1,3,9,1,0,2015,38
WBA,1,1,0,4,3,7,3,0,1,0,7,6,2,4,1,13,0,0,2015,38
WHU,1,2,0,2,5,7,4,1,1,1,8,9,1,2,3,13,0,0,2015,38
